invoice_line_no,date,store,name,address,city,zipcode,store_location,county_number,county,category,category_name,vendor_no,vendor_name,itemno,im_desc,pack,bottle_volume_ml,state_bottle_cost,state_bottle_retail,sale_bottles,sale_dollars,sale_liters,sale_gallons
INV-65778100003,2023-12-29T00:00:00.000,6057,KUM & GO #0731 / DES MOINES,3104 UNIVERSITY AVE,DES MOINES,50311,POINT (-93.659868964 41.599997003),,POLK,1011200,STRAIGHT BOURBON WHISKIES,065,JIM BEAM BRANDS,19061,JIM BEAM MINI,12,50,7.00,10.50,12,126.00,0.60,0.15
INV-65778100004,2023-12-29T00:00:00.000,6057,KUM & GO #0731 / DES MOINES,3104 UNIVERSITY AVE,DES MOINES,50311,POINT (-93.659868964 41.599997003),,POLK,1011200,STRAIGHT BOURBON WHISKIES,065,JIM BEAM BRANDS,19064,JIM BEAM,24,375,5.60,8.40,8,67.20,3.00,0.79
INV-65778100005,2023-12-29T00:00:00.000,6057,KUM & GO #0731 / DES MOINES,3104 UNIVERSITY AVE,DES MOINES,50311,POINT (-93.659868964 41.599997003),,POLK,1011200,STRAIGHT BOURBON WHISKIES,421,SAZERAC COMPANY  INC,21806,VERY OLD BARTON 6YR 100PRF,12,750,8.00,12.00,2,24.00,1.50,0.39
INV-65778100006,2023-12-29T00:00:00.000,6057,KUM & GO #0731 / DES MOINES,3104 UNIVERSITY AVE,DES MOINES,50311,POINT (-93.659868964 41.599997003),,POLK,1011100,BLENDED WHISKIES,260,DIAGEO AMERICAS,25604,SEAGRAMS 7 CROWN,12,375,3.50,5.25,6,31.50,2.25,0.59
INV-65778100007,2023-12-29T00:00:00.000,6057,KUM & GO #0731 / DES MOINES,3104 UNIVERSITY AVE,DES MOINES,50311,POINT (-93.659868964 41.599997003),,POLK,1011400,TENNESSEE WHISKIES,085,BROWN FORMAN CORP.,26820,JACK DANIELS OLD #7 BLACK LABEL FLAT,24,375,8.25,12.38,2,24.76,0.75,0.19
INV-65778100008,2023-12-29T00:00:00.000,6057,KUM & GO #0731 / DES MOINES,3104 UNIVERSITY AVE,DES MOINES,50311,POINT (-93.659868964 41.599997003),,POLK,1011400,TENNESSEE WHISKIES,085,BROWN FORMAN CORP.,26821,JACK DANIELS OLD #7 BLACK LABEL MINI,12,50,11.50,17.25,6,103.50,0.30,0.07
INV-65778100009,2023-12-29T00:00:00.000,6057,KUM & GO #0731 / DES MOINES,3104 UNIVERSITY AVE,DES MOINES,50311,POINT (-93.659868964 41.599997003),,POLK,1011100,BLENDED WHISKIES,154,DUNKEL CORPORATION / IOWA DISTILLING,27629,PRAIRIE FIRE,12,750,9.09,13.64,2,27.28,1.50,0.39
INV-65778100010,2023-12-29T00:00:00.000,6057,KUM & GO #0731 / DES MOINES,3104 UNIVERSITY AVE,DES MOINES,50311,POINT (-93.659868964 41.599997003),,POLK,1011200,STRAIGHT BOURBON WHISKIES,065,JIM BEAM BRANDS,27780,JIM BEAM APPLE MINI,12,50,7.00,10.50,6,63.00,0.30,0.07
INV-65778100011,2023-12-29T00:00:00.000,6057,KUM & GO #0731 / DES MOINES,3104 UNIVERSITY AVE,DES MOINES,50311,POINT (-93.659868964 41.599997003),,POLK,1011200,STRAIGHT BOURBON WHISKIES,065,JIM BEAM BRANDS,28275,JIM BEAM PEACH MINI,12,50,7.00,10.50,6,63.00,0.30,0.07
INV-65778100012,2023-12-29T00:00:00.000,6057,KUM & GO #0731 / DES MOINES,3104 UNIVERSITY AVE,DES MOINES,50311,POINT (-93.659868964 41.599997003),,POLK,1032100,IMPORTED VODKAS,370,PERNOD RICARD USA,34006,ABSOLUT SWEDISH VODKA 80PRF,12,750,9.99,14.99,2,29.98,1.50,0.39
INV-65778100013,2023-12-29T00:00:00.000,6057,KUM & GO #0731 / DES MOINES,3104 UNIVERSITY AVE,DES MOINES,50311,POINT (-93.659868964 41.599997003),,POLK,1032100,IMPORTED VODKAS,035,BACARDI USA INC,34423,GREY GOOSE,12,375,8.50,12.75,2,25.50,0.75,0.19
INV-65778100014,2023-12-29T00:00:00.000,6057,KUM & GO #0731 / DES MOINES,3104 UNIVERSITY AVE,DES MOINES,50311,POINT (-93.659868964 41.599997003),,POLK,1031100,AMERICAN VODKAS,115,CONSTELLATION BRANDS INC,34820,SVEDKA 80PRF,12,750,8.00,12.00,2,24.00,1.50,0.39
INV-65778100015,2023-12-29T00:00:00.000,6057,KUM & GO #0731 / DES MOINES,3104 UNIVERSITY AVE,DES MOINES,50311,POINT (-93.659868964 41.599997003),,POLK,1031100,AMERICAN VODKAS,434,LUXCO INC,36305,HAWKEYE VODKA PET,12,750,3.50,5.25,6,31.50,4.50,1.18
INV-65778100016,2023-12-29T00:00:00.000,6057,KUM & GO #0731 / DES MOINES,3104 UNIVERSITY AVE,DES MOINES,50311,POINT (-93.659868964 41.599997003),,POLK,1031100,AMERICAN VODKAS,777,"BLUE OX SPIRITS, INC.",36875,BLUE OX VODKA,6,1750,7.63,11.45,6,68.70,10.50,2.77
INV-65778100017,2023-12-29T00:00:00.000,6057,KUM & GO #0731 / DES MOINES,3104 UNIVERSITY AVE,DES MOINES,50311,POINT (-93.659868964 41.599997003),,POLK,1031100,AMERICAN VODKAS,300,MCCORMICK DISTILLING CO.,36904,MCCORMICK 80PRF VODKA PET,24,375,1.84,2.76,24,66.24,9.00,2.37
INV-65778100018,2023-12-29T00:00:00.000,6057,KUM & GO #0731 / DES MOINES,3104 UNIVERSITY AVE,DES MOINES,50311,POINT (-93.659868964 41.599997003),,POLK,1031100,AMERICAN VODKAS,205,E & J GALLO WINERY,36971,NEW AMSTERDAM 80PRF,6,1750,14.00,21.00,2,44.26,3.50,0.92
INV-65778100019,2023-12-29T00:00:00.000,6057,KUM & GO #0731 / DES MOINES,3104 UNIVERSITY AVE,DES MOINES,50311,POINT (-93.659868964 41.599997003),,POLK,1031100,AMERICAN VODKAS,777,"BLUE OX SPIRITS, INC.",36989,BLUE OX VODKA PET,12,750,3.69,5.54,6,34.56,4.50,1.18
INV-65778100020,2023-12-29T00:00:00.000,6057,KUM & GO #0731 / DES MOINES,3104 UNIVERSITY AVE,DES MOINES,50311,POINT (-93.659868964 41.599997003),,POLK,1031100,AMERICAN VODKAS,260,DIAGEO AMERICAS,37994,SMIRNOFF 80PRF,24,375,4.99,7.49,6,44.94,2.25,0.59
INV-65778100021,2023-12-29T00:00:00.000,6057,KUM & GO #0731 / DES MOINES,3104 UNIVERSITY AVE,DES MOINES,50311,POINT (-93.659868964 41.599997003),,POLK,1031100,AMERICAN VODKAS,301,FIFTH GENERATION INC,38174,TITOS HANDMADE VODKA,12,375,5.42,8.13,12,97.56,4.50,1.18
INV-65778100022,2023-12-29T00:00:00.000,6057,KUM & GO #0731 / DES MOINES,3104 UNIVERSITY AVE,DES MOINES,50311,POINT (-93.659868964 41.599997003),,POLK,1031100,AMERICAN VODKAS,301,FIFTH GENERATION INC,38176,TITOS HANDMADE VODKA,12,750,10.00,15.00,12,180.00,9.00,2.37
INV-65778100023,2023-12-29T00:00:00.000,6057,KUM & GO #0731 / DES MOINES,3104 UNIVERSITY AVE,DES MOINES,50311,POINT (-93.659868964 41.599997003),,POLK,1031100,AMERICAN VODKAS,301,FIFTH GENERATION INC,38177,TITOS HANDMADE VODKA,12,1000,13.17,19.76,2,39.52,2.00,0.52
INV-65778100024,2023-12-29T00:00:00.000,6057,KUM & GO #0731 / DES MOINES,3104 UNIVERSITY AVE,DES MOINES,50311,POINT (-93.659868964 41.599997003),,POLK,1031100,AMERICAN VODKAS,301,FIFTH GENERATION INC,38194,TITOS HANDMADE VODKA MINI,5,50,12.80,19.20,3,57.60,0.15,0.03
INV-65778100025,2023-12-29T00:00:00.000,6057,KUM & GO #0731 / DES MOINES,3104 UNIVERSITY AVE,DES MOINES,50311,POINT (-93.659868964 41.599997003),,POLK,1031200,AMERICAN FLAVORED VODKA,205,E & J GALLO WINERY,39382,NEW AMSTERDAM PINK WHITNEY,24,375,4.00,6.00,2,12.00,0.75,0.19
INV-65778100026,2023-12-29T00:00:00.000,6057,KUM & GO #0731 / DES MOINES,3104 UNIVERSITY AVE,DES MOINES,50311,POINT (-93.659868964 41.599997003),,POLK,1062400,SPICED RUM,260,DIAGEO AMERICAS,43334,CAPTAIN MORGAN ORIGINAL SPICED,24,375,5.24,7.86,6,47.16,2.25,0.59
INV-65778100027,2023-12-29T00:00:00.000,6057,KUM & GO #0731 / DES MOINES,3104 UNIVERSITY AVE,DES MOINES,50311,POINT (-93.659868964 41.599997003),,POLK,1052100,IMPORTED BRANDIES,420,MOET HENNESSY USA,48105,HENNESSY VS,12,375,11.49,17.24,8,137.92,3.00,0.79
INV-65778100028,2023-12-29T00:00:00.000,6057,KUM & GO #0731 / DES MOINES,3104 UNIVERSITY AVE,DES MOINES,50311,POINT (-93.659868964 41.599997003),,POLK,1081600,WHISKEY LIQUEUR,421,SAZERAC COMPANY  INC,64858,FIREBALL CINNAMON WHISKEY MINI DISPENSER,1,50,25.80,38.70,5,193.50,0.25,0.06
INV-65778100029,2023-12-29T00:00:00.000,6057,KUM & GO #0731 / DES MOINES,3104 UNIVERSITY AVE,DES MOINES,50311,POINT (-93.659868964 41.599997003),,POLK,1081600,WHISKEY LIQUEUR,421,SAZERAC COMPANY  INC,64870,FIREBALL CINNAMON WHISKEY,48,100,1.00,1.50,96,144.00,9.60,2.53
INV-65778100030,2023-12-29T00:00:00.000,6057,KUM & GO #0731 / DES MOINES,3104 UNIVERSITY AVE,DES MOINES,50311,POINT (-93.659868964 41.599997003),,POLK,1081400,AMERICAN SCHNAPPS,421,SAZERAC COMPANY  INC,84172,99 BANANAS MINI,1,50,51.60,77.40,1,77.40,0.05,0.01
INV-65778100031,2023-12-29T00:00:00.000,6057,KUM & GO #0731 / DES MOINES,3104 UNIVERSITY AVE,DES MOINES,50311,POINT (-93.659868964 41.599997003),,POLK,1081300,AMERICAN CORDIALS & LIQUEURS,421,SAZERAC COMPANY  INC,84393,99 WATERMELON PET MINI,1,50,51.60,77.40,1,77.40,0.05,0.01
INV-65778100032,2023-12-29T00:00:00.000,6057,KUM & GO #0731 / DES MOINES,3104 UNIVERSITY AVE,DES MOINES,50311,POINT (-93.659868964 41.599997003),,POLK,1081600,WHISKEY LIQUEUR,421,SAZERAC COMPANY  INC,86884,SOUTHERN COMFORT,24,375,4.78,7.17,6,43.02,2.25,0.59
INV-65778100033,2023-12-29T00:00:00.000,6057,KUM & GO #0731 / DES MOINES,3104 UNIVERSITY AVE,DES MOINES,50311,POINT (-93.659868964 41.599997003),,POLK,1022200,100% AGAVE TEQUILA,260,DIAGEO AMERICAS,87282,CASAMIGOS BLANCO,12,375,15.49,23.24,2,46.48,0.75,0.19
INV-65778100034,2023-12-29T00:00:00.000,6057,KUM & GO #0731 / DES MOINES,3104 UNIVERSITY AVE,DES MOINES,50311,POINT (-93.659868964 41.599997003),,POLK,1022200,100% AGAVE TEQUILA,260,DIAGEO AMERICAS,87484,DON JULIO BLANCO,12,375,14.99,22.49,1,22.49,0.37,0.09
INV-65778100035,2023-12-29T00:00:00.000,6057,KUM & GO #0731 / DES MOINES,3104 UNIVERSITY AVE,DES MOINES,50311,POINT (-93.659868964 41.599997003),,POLK,1022200,100% AGAVE TEQUILA,035,BACARDI USA INC,88294,PATRON SILVER,12,375,15.00,22.50,3,67.50,1.12,0.29
INV-65778100036,2023-12-29T00:00:00.000,6057,KUM & GO #0731 / DES MOINES,3104 UNIVERSITY AVE,DES MOINES,50311,POINT (-93.659868964 41.599997003),,POLK,1022200,100% AGAVE TEQUILA,192,"MAST-JAGERMEISTER US, INC",88371,TEREMANA BLANCO TEQUILA,6,750,15.91,23.87,2,47.74,1.50,0.39
INV-65778100037,2023-12-29T00:00:00.000,6057,KUM & GO #0731 / DES MOINES,3104 UNIVERSITY AVE,DES MOINES,50311,POINT (-93.659868964 41.599997003),,POLK,1022200,100% AGAVE TEQUILA,192,"MAST-JAGERMEISTER US, INC",88372,TEREMANA REPOSADO TEQUILA,6,750,17.40,26.10,2,52.20,1.50,0.39
INV-65778100038,2023-12-29T00:00:00.000,6057,KUM & GO #0731 / DES MOINES,3104 UNIVERSITY AVE,DES MOINES,50311,POINT (-93.659868964 41.599997003),,POLK,1022100,MIXTO TEQUILA,395,PROXIMO,89194,JOSE CUERVO ESPECIAL REPOSADO FLASK,24,375,6.53,9.80,6,58.80,2.25,0.59
INV-65778200001,2023-12-29T00:00:00.000,2626,HY-VEE DRUGSTORE / UNIVERSITY / DSM,4100 UNIVERSITY AVE,DES MOINES,50311,POINT (-93.673259976 41.59955599),,POLK,1011200,STRAIGHT BOURBON WHISKIES,065,JIM BEAM BRANDS,919487,HA MAKERS MARK CELLAR AGED,3,750,75.00,112.50,1,112.50,0.75,0.19
INV-65778300001,2023-12-29T00:00:00.000,2626,HY-VEE DRUGSTORE / UNIVERSITY / DSM,4100 UNIVERSITY AVE,DES MOINES,50311,POINT (-93.673259976 41.59955599),,POLK,1081600,WHISKEY LIQUEUR,421,SAZERAC COMPANY  INC,100423,FIREBALL CINNAMON WHISKEY 100ML CARRIER,8,100,6.00,9.00,8,72.00,0.80,0.21
INV-65778300002,2023-12-29T00:00:00.000,2626,HY-VEE DRUGSTORE / UNIVERSITY / DSM,4100 UNIVERSITY AVE,DES MOINES,50311,POINT (-93.673259976 41.59955599),,POLK,1012100,CANADIAN WHISKIES,260,DIAGEO AMERICAS,10802,CROWN ROYAL PEACH,12,750,17.49,26.24,12,314.88,9.00,2.37
INV-65778300003,2023-12-29T00:00:00.000,2626,HY-VEE DRUGSTORE / UNIVERSITY / DSM,4100 UNIVERSITY AVE,DES MOINES,50311,POINT (-93.673259976 41.59955599),,POLK,1012100,CANADIAN WHISKIES,259,HEAVEN HILL BRANDS,11774,BLACK VELVET,24,375,3.25,4.88,24,117.12,9.00,2.37
INV-65778300004,2023-12-29T00:00:00.000,2626,HY-VEE DRUGSTORE / UNIVERSITY / DSM,4100 UNIVERSITY AVE,DES MOINES,50311,POINT (-93.673259976 41.59955599),,POLK,1012100,CANADIAN WHISKIES,259,HEAVEN HILL BRANDS,11786,BLACK VELVET PET,12,750,5.50,8.25,36,297.00,27.00,7.13
INV-65778300005,2023-12-29T00:00:00.000,2626,HY-VEE DRUGSTORE / UNIVERSITY / DSM,4100 UNIVERSITY AVE,DES MOINES,50311,POINT (-93.673259976 41.59955599),,POLK,1012100,CANADIAN WHISKIES,259,HEAVEN HILL BRANDS,11788,BLACK VELVET,6,1750,11.00,16.50,30,495.00,52.50,13.86
INV-65778300006,2023-12-29T00:00:00.000,2626,HY-VEE DRUGSTORE / UNIVERSITY / DSM,4100 UNIVERSITY AVE,DES MOINES,50311,POINT (-93.673259976 41.59955599),,POLK,1012100,CANADIAN WHISKIES,421,SAZERAC COMPANY  INC,12408,CANADIAN LTD WHISKY,6,1750,10.00,15.00,6,90.00,10.50,2.77
INV-65778300007,2023-12-29T00:00:00.000,2626,HY-VEE DRUGSTORE / UNIVERSITY / DSM,4100 UNIVERSITY AVE,DES MOINES,50311,POINT (-93.673259976 41.59955599),,POLK,1012400,IRISH WHISKIES,370,PERNOD RICARD USA,15626,JAMESON,12,750,17.49,26.24,12,314.88,9.00,2.37
INV-65778300008,2023-12-29T00:00:00.000,2626,HY-VEE DRUGSTORE / UNIVERSITY / DSM,4100 UNIVERSITY AVE,DES MOINES,50311,POINT (-93.673259976 41.59955599),,POLK,1012400,IRISH WHISKIES,370,PERNOD RICARD USA,15628,JAMESON,6,1750,35.48,53.22,6,319.32,10.50,2.77
INV-65778300009,2023-12-29T00:00:00.000,2626,HY-VEE DRUGSTORE / UNIVERSITY / DSM,4100 UNIVERSITY AVE,DES MOINES,50311,POINT (-93.673259976 41.59955599),,POLK,1012400,IRISH WHISKIES,370,PERNOD RICARD USA,15644,JAMESON,24,375,9.49,14.24,24,341.76,9.00,2.37
INV-65778300010,2023-12-29T00:00:00.000,2626,HY-VEE DRUGSTORE / UNIVERSITY / DSM,4100 UNIVERSITY AVE,DES MOINES,50311,POINT (-93.673259976 41.59955599),,POLK,1011200,STRAIGHT BOURBON WHISKIES,065,JIM BEAM BRANDS,16685,BASIL HAYDEN TOAST,6,750,30.00,45.00,6,247.50,4.50,1.18
INV-65778300011,2023-12-29T00:00:00.000,2626,HY-VEE DRUGSTORE / UNIVERSITY / DSM,4100 UNIVERSITY AVE,DES MOINES,50311,POINT (-93.673259976 41.59955599),,POLK,1011200,STRAIGHT BOURBON WHISKIES,065,JIM BEAM BRANDS,19226,KNOB CREEK,6,750,21.00,31.50,6,189.00,4.50,1.18
INV-65778300012,2023-12-29T00:00:00.000,2626,HY-VEE DRUGSTORE / UNIVERSITY / DSM,4100 UNIVERSITY AVE,DES MOINES,50311,POINT (-93.673259976 41.59955599),,POLK,1011200,STRAIGHT BOURBON WHISKIES,065,JIM BEAM BRANDS,19471,MAKERS MARK MINI,10,50,16.80,25.20,10,252.00,0.50,0.13
INV-65778300013,2023-12-29T00:00:00.000,2626,HY-VEE DRUGSTORE / UNIVERSITY / DSM,4100 UNIVERSITY AVE,DES MOINES,50311,POINT (-93.673259976 41.59955599),,POLK,1011200,STRAIGHT BOURBON WHISKIES,065,JIM BEAM BRANDS,19475,MAKERS MARK REPLICA,12,375,9.33,14.00,12,168.00,4.50,1.18
INV-65778300014,2023-12-29T00:00:00.000,2626,HY-VEE DRUGSTORE / UNIVERSITY / DSM,4100 UNIVERSITY AVE,DES MOINES,50311,POINT (-93.673259976 41.59955599),,POLK,1011200,STRAIGHT BOURBON WHISKIES,065,JIM BEAM BRANDS,20246,OLD CROW,12,750,5.50,8.25,12,99.00,9.00,2.37
INV-65778300015,2023-12-29T00:00:00.000,2626,HY-VEE DRUGSTORE / UNIVERSITY / DSM,4100 UNIVERSITY AVE,DES MOINES,50311,POINT (-93.673259976 41.59955599),,POLK,1011200,STRAIGHT BOURBON WHISKIES,434,LUXCO INC,21215,REBEL KSBW 100PRF,6,750,11.00,16.50,6,99.00,4.50,1.18
INV-65778300016,2023-12-29T00:00:00.000,2626,HY-VEE DRUGSTORE / UNIVERSITY / DSM,4100 UNIVERSITY AVE,DES MOINES,50311,POINT (-93.673259976 41.59955599),,POLK,1011200,STRAIGHT BOURBON WHISKIES,421,SAZERAC COMPANY  INC,21480,BENCHMARK OLD NO 8,12,750,7.00,10.50,12,126.00,9.00,2.37
INV-65778300017,2023-12-29T00:00:00.000,2626,HY-VEE DRUGSTORE / UNIVERSITY / DSM,4100 UNIVERSITY AVE,DES MOINES,50311,POINT (-93.673259976 41.59955599),,POLK,1011200,STRAIGHT BOURBON WHISKIES,619,CAMPARI AMERICA,22156,WILD TURKEY 101,12,750,15.00,22.50,12,270.00,9.00,2.37
INV-65778300018,2023-12-29T00:00:00.000,2626,HY-VEE DRUGSTORE / UNIVERSITY / DSM,4100 UNIVERSITY AVE,DES MOINES,50311,POINT (-93.673259976 41.59955599),,POLK,1011200,STRAIGHT BOURBON WHISKIES,434,LUXCO INC,22244,YELLOWSTONE SELECT,6,750,20.00,30.00,6,180.00,4.50,1.18
INV-65778300019,2023-12-29T00:00:00.000,2626,HY-VEE DRUGSTORE / UNIVERSITY / DSM,4100 UNIVERSITY AVE,DES MOINES,50311,POINT (-93.673259976 41.59955599),,POLK,1011100,BLENDED WHISKIES,065,JIM BEAM BRANDS,22786,BEAMS 8 STAR BL WHISKEY,12,750,4.00,6.00,12,72.00,9.00,2.37
INV-65778300020,2023-12-29T00:00:00.000,2626,HY-VEE DRUGSTORE / UNIVERSITY / DSM,4100 UNIVERSITY AVE,DES MOINES,50311,POINT (-93.673259976 41.59955599),,POLK,1011100,BLENDED WHISKIES,297,LAIRD & COMPANY,23826,FIVE STAR,12,750,4.13,6.20,12,74.40,9.00,2.37
INV-65778300021,2023-12-29T00:00:00.000,2626,HY-VEE DRUGSTORE / UNIVERSITY / DSM,4100 UNIVERSITY AVE,DES MOINES,50311,POINT (-93.673259976 41.59955599),,POLK,1011100,BLENDED WHISKIES,260,DIAGEO AMERICAS,25604,SEAGRAMS 7 CROWN,12,375,3.50,5.25,12,63.00,4.50,1.18
INV-65778300022,2023-12-29T00:00:00.000,2626,HY-VEE DRUGSTORE / UNIVERSITY / DSM,4100 UNIVERSITY AVE,DES MOINES,50311,POINT (-93.673259976 41.59955599),,POLK,1011100,BLENDED WHISKIES,260,DIAGEO AMERICAS,25606,SEAGRAMS 7 CROWN,12,750,7.50,11.25,12,135.00,9.00,2.37
INV-65778300023,2023-12-29T00:00:00.000,2626,HY-VEE DRUGSTORE / UNIVERSITY / DSM,4100 UNIVERSITY AVE,DES MOINES,50311,POINT (-93.673259976 41.59955599),,POLK,1011400,TENNESSEE WHISKIES,085,BROWN FORMAN CORP.,26824,JACK DANIELS OLD #7 BLACK LABEL SQUARE,24,375,8.25,12.38,24,297.12,9.00,2.37
INV-65778300024,2023-12-29T00:00:00.000,2626,HY-VEE DRUGSTORE / UNIVERSITY / DSM,4100 UNIVERSITY AVE,DES MOINES,50311,POINT (-93.673259976 41.59955599),,POLK,1011600,STRAIGHT RYE WHISKIES,065,JIM BEAM BRANDS,27048,KNOB CREEK RYE,6,750,21.00,31.50,6,189.00,4.50,1.18
INV-65778300025,2023-12-29T00:00:00.000,2626,HY-VEE DRUGSTORE / UNIVERSITY / DSM,4100 UNIVERSITY AVE,DES MOINES,50311,POINT (-93.673259976 41.59955599),,POLK,1011600,STRAIGHT RYE WHISKIES,619,CAMPARI AMERICA,27116,WILD TURKEY 101 RYE,12,750,15.00,22.50,12,270.00,9.00,2.37
INV-65778300026,2023-12-29T00:00:00.000,2626,HY-VEE DRUGSTORE / UNIVERSITY / DSM,4100 UNIVERSITY AVE,DES MOINES,50311,POINT (-93.673259976 41.59955599),,POLK,1011200,STRAIGHT BOURBON WHISKIES,065,JIM BEAM BRANDS,27410,JIM BEAM HONEY,12,750,11.00,16.50,12,198.00,9.00,2.37
INV-65778300027,2023-12-29T00:00:00.000,2626,HY-VEE DRUGSTORE / UNIVERSITY / DSM,4100 UNIVERSITY AVE,DES MOINES,50311,POINT (-93.673259976 41.59955599),,POLK,1042100,IMPORTED DRY GINS,300,MCCORMICK DISTILLING CO.,28350,BROKERS GIN,12,750,12.50,18.75,12,225.00,9.00,2.37
INV-65778300028,2023-12-29T00:00:00.000,2626,HY-VEE DRUGSTORE / UNIVERSITY / DSM,4100 UNIVERSITY AVE,DES MOINES,50311,POINT (-93.673259976 41.59955599),,POLK,1042100,IMPORTED DRY GINS,065,JIM BEAM BRANDS,28718,PINNACLE GIN,6,1750,10.00,15.00,6,90.00,10.50,2.77
INV-65778300029,2023-12-29T00:00:00.000,2626,HY-VEE DRUGSTORE / UNIVERSITY / DSM,4100 UNIVERSITY AVE,DES MOINES,50311,POINT (-93.673259976 41.59955599),,POLK,1042100,IMPORTED DRY GINS,260,DIAGEO AMERICAS,28866,TANQUERAY GIN,12,750,13.99,20.99,12,251.88,9.00,2.37
INV-65778300030,2023-12-29T00:00:00.000,2626,HY-VEE DRUGSTORE / UNIVERSITY / DSM,4100 UNIVERSITY AVE,DES MOINES,50311,POINT (-93.673259976 41.59955599),,POLK,1041100,AMERICAN DRY GINS,260,DIAGEO AMERICAS,29119,AVIATION AMERICAN GIN,6,750,14.50,21.75,6,130.50,4.50,1.18
INV-65778300031,2023-12-29T00:00:00.000,2626,HY-VEE DRUGSTORE / UNIVERSITY / DSM,4100 UNIVERSITY AVE,DES MOINES,50311,POINT (-93.673259976 41.59955599),,POLK,1032100,IMPORTED VODKAS,370,PERNOD RICARD USA,34006,ABSOLUT SWEDISH VODKA 80PRF,12,750,9.99,14.99,12,179.88,9.00,2.37
INV-65778300032,2023-12-29T00:00:00.000,2626,HY-VEE DRUGSTORE / UNIVERSITY / DSM,4100 UNIVERSITY AVE,DES MOINES,50311,POINT (-93.673259976 41.59955599),,POLK,1032200,IMPORTED FLAVORED VODKA,370,PERNOD RICARD USA,34030,ABSOLUT CITRON,12,750,9.99,14.99,12,179.88,9.00,2.37
INV-65778300033,2023-12-29T00:00:00.000,2626,HY-VEE DRUGSTORE / UNIVERSITY / DSM,4100 UNIVERSITY AVE,DES MOINES,50311,POINT (-93.673259976 41.59955599),,POLK,1032100,IMPORTED VODKAS,260,DIAGEO AMERICAS,34456,KETEL ONE,12,750,11.33,17.00,12,204.00,9.00,2.37
INV-65778300034,2023-12-29T00:00:00.000,2626,HY-VEE DRUGSTORE / UNIVERSITY / DSM,4100 UNIVERSITY AVE,DES MOINES,50311,POINT (-93.673259976 41.59955599),,POLK,1031100,AMERICAN VODKAS,434,LUXCO INC,36306,HAWKEYE VODKA,12,750,3.50,5.25,12,63.00,9.00,2.37
INV-65778300035,2023-12-29T00:00:00.000,2626,HY-VEE DRUGSTORE / UNIVERSITY / DSM,4100 UNIVERSITY AVE,DES MOINES,50311,POINT (-93.673259976 41.59955599),,POLK,1031100,AMERICAN VODKAS,434,LUXCO INC,36308,HAWKEYE VODKA,6,1750,7.50,11.25,6,67.50,10.50,2.77
INV-65778300036,2023-12-29T00:00:00.000,2626,HY-VEE DRUGSTORE / UNIVERSITY / DSM,4100 UNIVERSITY AVE,DES MOINES,50311,POINT (-93.673259976 41.59955599),,POLK,1031100,AMERICAN VODKAS,777,"BLUE OX SPIRITS, INC.",36873,BLUE OX VODKA,12,750,3.90,5.85,12,70.20,9.00,2.37
INV-65778300037,2023-12-29T00:00:00.000,2626,HY-VEE DRUGSTORE / UNIVERSITY / DSM,4100 UNIVERSITY AVE,DES MOINES,50311,POINT (-93.673259976 41.59955599),,POLK,1031100,AMERICAN VODKAS,777,"BLUE OX SPIRITS, INC.",36875,BLUE OX VODKA,6,1750,7.63,11.45,6,68.70,10.50,2.77
INV-65778300038,2023-12-29T00:00:00.000,2626,HY-VEE DRUGSTORE / UNIVERSITY / DSM,4100 UNIVERSITY AVE,DES MOINES,50311,POINT (-93.673259976 41.59955599),,POLK,1031100,AMERICAN VODKAS,300,MCCORMICK DISTILLING CO.,36886,MCCORMICK 80PRF VODKA,12,750,3.64,5.46,12,65.52,9.00,2.37
INV-65778300039,2023-12-29T00:00:00.000,2626,HY-VEE DRUGSTORE / UNIVERSITY / DSM,4100 UNIVERSITY AVE,DES MOINES,50311,POINT (-93.673259976 41.59955599),,POLK,1031100,AMERICAN VODKAS,421,SAZERAC COMPANY  INC,36900,BARTON NATURALS VODKA,6,1750,7.06,10.59,18,190.62,31.50,8.32
INV-65778300040,2023-12-29T00:00:00.000,2626,HY-VEE DRUGSTORE / UNIVERSITY / DSM,4100 UNIVERSITY AVE,DES MOINES,50311,POINT (-93.673259976 41.59955599),,POLK,1031100,AMERICAN VODKAS,300,MCCORMICK DISTILLING CO.,36904,MCCORMICK 80PRF VODKA PET,24,375,1.84,2.76,48,132.48,18.00,4.75
INV-65778300041,2023-12-29T00:00:00.000,2626,HY-VEE DRUGSTORE / UNIVERSITY / DSM,4100 UNIVERSITY AVE,DES MOINES,50311,POINT (-93.673259976 41.59955599),,POLK,1031100,AMERICAN VODKAS,421,SAZERAC COMPANY  INC,36976,NIKOLAI VODKA,12,750,3.30,4.95,12,59.40,9.00,2.37
INV-65778300042,2023-12-29T00:00:00.000,2626,HY-VEE DRUGSTORE / UNIVERSITY / DSM,4100 UNIVERSITY AVE,DES MOINES,50311,POINT (-93.673259976 41.59955599),,POLK,1031100,AMERICAN VODKAS,380,PHILLIPS BEVERAGE,37523,PRAIRIE ORGANIC VODKA,12,750,11.00,16.50,12,198.00,9.00,2.37
INV-65778300043,2023-12-29T00:00:00.000,2626,HY-VEE DRUGSTORE / UNIVERSITY / DSM,4100 UNIVERSITY AVE,DES MOINES,50311,POINT (-93.673259976 41.59955599),,POLK,1031100,AMERICAN VODKAS,260,DIAGEO AMERICAS,37996,SMIRNOFF 80PRF,12,750,8.25,12.38,12,148.56,9.00,2.37
INV-65778300044,2023-12-29T00:00:00.000,2626,HY-VEE DRUGSTORE / UNIVERSITY / DSM,4100 UNIVERSITY AVE,DES MOINES,50311,POINT (-93.673259976 41.59955599),,POLK,1031100,AMERICAN VODKAS,301,FIFTH GENERATION INC,38177,TITOS HANDMADE VODKA,12,1000,13.17,19.76,12,237.12,12.00,3.17
INV-65778300045,2023-12-29T00:00:00.000,2626,HY-VEE DRUGSTORE / UNIVERSITY / DSM,4100 UNIVERSITY AVE,DES MOINES,50311,POINT (-93.673259976 41.59955599),,POLK,1091200,NEUTRAL GRAIN SPIRITS,434,LUXCO INC,41846,EVERCLEAR 151,12,750,9.00,13.50,12,162.00,9.00,2.37
INV-65778300046,2023-12-29T00:00:00.000,2626,HY-VEE DRUGSTORE / UNIVERSITY / DSM,4100 UNIVERSITY AVE,DES MOINES,50311,POINT (-93.673259976 41.59955599),,POLK,1062400,SPICED RUM,260,DIAGEO AMERICAS,43334,CAPTAIN MORGAN ORIGINAL SPICED,24,375,5.24,7.86,24,188.64,9.00,2.37
INV-65778300047,2023-12-29T00:00:00.000,2626,HY-VEE DRUGSTORE / UNIVERSITY / DSM,4100 UNIVERSITY AVE,DES MOINES,50311,POINT (-93.673259976 41.59955599),,POLK,1062200,WHITE RUM,451,SERRALLES USA,43426,DON Q CRISTAL,12,750,8.17,12.26,12,147.12,9.00,2.37
INV-65778300048,2023-12-29T00:00:00.000,2626,HY-VEE DRUGSTORE / UNIVERSITY / DSM,4100 UNIVERSITY AVE,DES MOINES,50311,POINT (-93.673259976 41.59955599),,POLK,1062500,FLAVORED RUM,035,BACARDI USA INC,43501,BACARDI RASPBERRY,12,750,8.76,13.14,12,157.68,9.00,2.37
INV-65778300049,2023-12-29T00:00:00.000,2626,HY-VEE DRUGSTORE / UNIVERSITY / DSM,4100 UNIVERSITY AVE,DES MOINES,50311,POINT (-93.673259976 41.59955599),,POLK,1062400,SPICED RUM,259,HEAVEN HILL BRANDS,44258,BLACKHEART PREMIUM SPICED RUM,12,750,7.50,11.25,12,135.00,9.00,2.37
INV-65778300050,2023-12-29T00:00:00.000,2626,HY-VEE DRUGSTORE / UNIVERSITY / DSM,4100 UNIVERSITY AVE,DES MOINES,50311,POINT (-93.673259976 41.59955599),,POLK,1062500,FLAVORED RUM,065,JIM BEAM BRANDS,44428,CRUZAN BLUEBERRY LEMONADE,12,750,7.00,10.50,12,126.00,9.00,2.37
INV-65778300051,2023-12-29T00:00:00.000,2626,HY-VEE DRUGSTORE / UNIVERSITY / DSM,4100 UNIVERSITY AVE,DES MOINES,50311,POINT (-93.673259976 41.59955599),,POLK,1062400,SPICED RUM,395,PROXIMO,46504,KRAKEN BLACK SPICED RUM,12,750,11.00,16.50,12,198.00,9.00,2.37
INV-65778300052,2023-12-29T00:00:00.000,2626,HY-VEE DRUGSTORE / UNIVERSITY / DSM,4100 UNIVERSITY AVE,DES MOINES,50311,POINT (-93.673259976 41.59955599),,POLK,1052100,IMPORTED BRANDIES,420,MOET HENNESSY USA,48105,HENNESSY VS,12,375,11.49,17.24,12,206.88,4.50,1.18
INV-65778300053,2023-12-29T00:00:00.000,2626,HY-VEE DRUGSTORE / UNIVERSITY / DSM,4100 UNIVERSITY AVE,DES MOINES,50311,POINT (-93.673259976 41.59955599),,POLK,1012300,SINGLE MALT SCOTCH,370,PERNOD RICARD USA,5061,GLENLIVET 15YR FRENCH OAK,6,750,44.97,67.46,1,67.46,0.75,0.19
INV-65778300054,2023-12-29T00:00:00.000,2626,HY-VEE DRUGSTORE / UNIVERSITY / DSM,4100 UNIVERSITY AVE,DES MOINES,50311,POINT (-93.673259976 41.59955599),,POLK,1051100,AMERICAN BRANDIES,205,E & J GALLO WINERY,52563,E & J XO,12,750,8.50,12.75,12,153.00,9.00,2.37
INV-65778300055,2023-12-29T00:00:00.000,2626,HY-VEE DRUGSTORE / UNIVERSITY / DSM,4100 UNIVERSITY AVE,DES MOINES,50311,POINT (-93.673259976 41.59955599),,POLK,1051100,AMERICAN BRANDIES,421,SAZERAC COMPANY  INC,53211,PAUL MASSON GRANDE AMBER BRANDY VS MINI,12,50,5.93,8.90,12,106.80,0.60,0.15
INV-65778300056,2023-12-29T00:00:00.000,2626,HY-VEE DRUGSTORE / UNIVERSITY / DSM,4100 UNIVERSITY AVE,DES MOINES,50311,POINT (-93.673259976 41.59955599),,POLK,1051100,AMERICAN BRANDIES,421,SAZERAC COMPANY  INC,53214,PAUL MASSON GRANDE AMBER BRANDY VS,24,375,3.22,4.83,24,115.92,9.00,2.37
INV-65778300057,2023-12-29T00:00:00.000,2626,HY-VEE DRUGSTORE / UNIVERSITY / DSM,4100 UNIVERSITY AVE,DES MOINES,50311,POINT (-93.673259976 41.59955599),,POLK,1012200,SCOTCH WHISKIES,260,DIAGEO AMERICAS,5329,JOHNNIE WALKER BLUE,6,750,130.00,195.00,1,195.00,0.75,0.19
INV-65778300058,2023-12-29T00:00:00.000,2626,HY-VEE DRUGSTORE / UNIVERSITY / DSM,4100 UNIVERSITY AVE,DES MOINES,50311,POINT (-93.673259976 41.59955599),,POLK,1012200,SCOTCH WHISKIES,260,DIAGEO AMERICAS,5346,JOHNNIE WALKER RED,12,750,13.50,20.25,12,243.00,9.00,2.37
INV-65778300059,2023-12-29T00:00:00.000,2626,HY-VEE DRUGSTORE / UNIVERSITY / DSM,4100 UNIVERSITY AVE,DES MOINES,50311,POINT (-93.673259976 41.59955599),,POLK,1012300,SINGLE MALT SCOTCH,370,PERNOD RICARD USA,5842,GLENLIVET 14YR,6,750,38.48,57.72,1,57.72,0.75,0.19
INV-65778300060,2023-12-29T00:00:00.000,2626,HY-VEE DRUGSTORE / UNIVERSITY / DSM,4100 UNIVERSITY AVE,DES MOINES,50311,POINT (-93.673259976 41.59955599),,POLK,1081600,WHISKEY LIQUEUR,421,SAZERAC COMPANY  INC,64858,FIREBALL CINNAMON WHISKEY MINI DISPENSER,1,50,25.80,38.70,3,116.10,0.15,0.03
INV-65778300061,2023-12-29T00:00:00.000,2626,HY-VEE DRUGSTORE / UNIVERSITY / DSM,4100 UNIVERSITY AVE,DES MOINES,50311,POINT (-93.673259976 41.59955599),,POLK,1081600,WHISKEY LIQUEUR,421,SAZERAC COMPANY  INC,64870,FIREBALL CINNAMON WHISKEY,48,100,1.00,1.50,240,360.00,24.00,6.34
INV-65778300062,2023-12-29T00:00:00.000,2626,HY-VEE DRUGSTORE / UNIVERSITY / DSM,4100 UNIVERSITY AVE,DES MOINES,50311,POINT (-93.673259976 41.59955599),,POLK,1081600,WHISKEY LIQUEUR,421,SAZERAC COMPANY  INC,65013,FIREBALL CINNAMON WHISKEY MINI SLEEVE,12,50,4.30,6.45,12,77.40,0.60,0.15
INV-65778300063,2023-12-29T00:00:00.000,2626,HY-VEE DRUGSTORE / UNIVERSITY / DSM,4100 UNIVERSITY AVE,DES MOINES,50311,POINT (-93.673259976 41.59955599),,POLK,1081200,CREAM LIQUEURS,300,MCCORMICK DISTILLING CO.,65204,TEQUILA ROSE LIQUEUR MINI,6,50,5.90,8.85,6,42.30,0.30,0.07
INV-65778300064,2023-12-29T00:00:00.000,2626,HY-VEE DRUGSTORE / UNIVERSITY / DSM,4100 UNIVERSITY AVE,DES MOINES,50311,POINT (-93.673259976 41.59955599),,POLK,1082100,IMPORTED CORDIALS & LIQUEURS,192,"MAST-JAGERMEISTER US, INC",65251,JAGERMEISTER LIQUEUR MINI,5,50,36.84,55.26,5,276.30,0.25,0.06
INV-65778300065,2023-12-29T00:00:00.000,2626,HY-VEE DRUGSTORE / UNIVERSITY / DSM,4100 UNIVERSITY AVE,DES MOINES,50311,POINT (-93.673259976 41.59955599),,POLK,1081200,CREAM LIQUEURS,260,DIAGEO AMERICAS,68038,BAILEYS ORIGINAL IRISH CREAM,6,1750,32.49,48.74,3,146.22,5.25,1.38
INV-65778300066,2023-12-29T00:00:00.000,2626,HY-VEE DRUGSTORE / UNIVERSITY / DSM,4100 UNIVERSITY AVE,DES MOINES,50311,POINT (-93.673259976 41.59955599),,POLK,1081200,CREAM LIQUEURS,205,E & J GALLO WINERY,73055,RUMCHATA,12,750,14.00,21.00,12,252.00,9.00,2.37
INV-65778300067,2023-12-29T00:00:00.000,2626,HY-VEE DRUGSTORE / UNIVERSITY / DSM,4100 UNIVERSITY AVE,DES MOINES,50311,POINT (-93.673259976 41.59955599),,POLK,1081100,COFFEE LIQUEURS,421,SAZERAC COMPANY  INC,73136,CHILA COFFEE LIQUEUR,12,750,5.25,7.88,12,94.56,9.00,2.37
INV-65778300068,2023-12-29T00:00:00.000,2626,HY-VEE DRUGSTORE / UNIVERSITY / DSM,4100 UNIVERSITY AVE,DES MOINES,50311,POINT (-93.673259976 41.59955599),,POLK,1081400,AMERICAN SCHNAPPS,065,JIM BEAM BRANDS,73456,DEKUYPER LUSCIOUS RAZZMATAZZ,12,750,6.75,10.13,12,121.56,9.00,2.37
INV-65778300069,2023-12-29T00:00:00.000,2626,HY-VEE DRUGSTORE / UNIVERSITY / DSM,4100 UNIVERSITY AVE,DES MOINES,50311,POINT (-93.673259976 41.59955599),,POLK,1081300,AMERICAN CORDIALS & LIQUEURS,421,SAZERAC COMPANY  INC,73986,DI AMORE AMARETTO,12,750,6.25,9.38,12,112.56,9.00,2.37
INV-65778300070,2023-12-29T00:00:00.000,2626,HY-VEE DRUGSTORE / UNIVERSITY / DSM,4100 UNIVERSITY AVE,DES MOINES,50311,POINT (-93.673259976 41.59955599),,POLK,1091300,NEUTRAL GRAIN SPIRITS FLAVORED,346,OLE SMOKY DISTILLERY LLC,76413,OLE SMOKY BUTTER PECAN MOONSHINE,6,750,13.00,19.50,6,117.00,4.50,1.18
INV-65778300071,2023-12-29T00:00:00.000,2626,HY-VEE DRUGSTORE / UNIVERSITY / DSM,4100 UNIVERSITY AVE,DES MOINES,50311,POINT (-93.673259976 41.59955599),,POLK,1031200,AMERICAN FLAVORED VODKA,260,DIAGEO AMERICAS,78133,SMIRNOFF PINK LEMONADE,12,750,8.25,12.38,12,148.56,9.00,2.37
INV-65778300072,2023-12-29T00:00:00.000,2626,HY-VEE DRUGSTORE / UNIVERSITY / DSM,4100 UNIVERSITY AVE,DES MOINES,50311,POINT (-93.673259976 41.59955599),,POLK,1081200,CREAM LIQUEURS,421,SAZERAC COMPANY  INC,80456,RYANS CREAM LIQUEUR,12,750,6.70,10.05,12,120.60,9.00,2.37
INV-65778300073,2023-12-29T00:00:00.000,2626,HY-VEE DRUGSTORE / UNIVERSITY / DSM,4100 UNIVERSITY AVE,DES MOINES,50311,POINT (-93.673259976 41.59955599),,POLK,1081400,AMERICAN SCHNAPPS,434,LUXCO INC,81196,PARAMOUNT PEPPERMINT SCHNAPPS PET,12,750,4.25,6.38,12,76.56,9.00,2.37
INV-65778300074,2023-12-29T00:00:00.000,2626,HY-VEE DRUGSTORE / UNIVERSITY / DSM,4100 UNIVERSITY AVE,DES MOINES,50311,POINT (-93.673259976 41.59955599),,POLK,1081400,AMERICAN SCHNAPPS,421,SAZERAC COMPANY  INC,84171,99 BANANAS,48,100,1.00,1.50,48,72.00,4.80,1.26
INV-65778300075,2023-12-29T00:00:00.000,2626,HY-VEE DRUGSTORE / UNIVERSITY / DSM,4100 UNIVERSITY AVE,DES MOINES,50311,POINT (-93.673259976 41.59955599),,POLK,1081400,AMERICAN SCHNAPPS,421,SAZERAC COMPANY  INC,84219,99 PEPPERMINT,48,100,1.00,1.50,48,72.00,4.80,1.26
INV-65778300076,2023-12-29T00:00:00.000,2626,HY-VEE DRUGSTORE / UNIVERSITY / DSM,4100 UNIVERSITY AVE,DES MOINES,50311,POINT (-93.673259976 41.59955599),,POLK,1011400,TENNESSEE WHISKIES,368,PARK STREET IMPORTS,85665,ELVIS MIDNIGHT SNACK FLAVORED WHISKEY,6,750,16.00,24.00,6,144.00,4.50,1.18
INV-65778300077,2023-12-29T00:00:00.000,2626,HY-VEE DRUGSTORE / UNIVERSITY / DSM,4100 UNIVERSITY AVE,DES MOINES,50311,POINT (-93.673259976 41.59955599),,POLK,1091100,AMERICAN DISTILLED SPIRITS SPECIALTY,370,PERNOD RICARD USA,86439,SKREWBALL PEANUT BUTTER WHISKEY,12,750,14.99,22.49,12,269.88,9.00,2.37
INV-65778300078,2023-12-29T00:00:00.000,2626,HY-VEE DRUGSTORE / UNIVERSITY / DSM,4100 UNIVERSITY AVE,DES MOINES,50311,POINT (-93.673259976 41.59955599),,POLK,1091300,NEUTRAL GRAIN SPIRITS FLAVORED,346,OLE SMOKY DISTILLERY LLC,86843,OLE SMOKY SALTY CARAMEL WHISKEY,6,750,11.00,16.50,6,99.00,4.50,1.18
INV-65778300079,2023-12-29T00:00:00.000,2626,HY-VEE DRUGSTORE / UNIVERSITY / DSM,4100 UNIVERSITY AVE,DES MOINES,50311,POINT (-93.673259976 41.59955599),,POLK,1081600,WHISKEY LIQUEUR,421,SAZERAC COMPANY  INC,86886,SOUTHERN COMFORT,12,750,10.33,15.50,12,186.00,9.00,2.37
INV-65778300080,2023-12-29T00:00:00.000,2626,HY-VEE DRUGSTORE / UNIVERSITY / DSM,4100 UNIVERSITY AVE,DES MOINES,50311,POINT (-93.673259976 41.59955599),,POLK,1022200,100% AGAVE TEQUILA,260,DIAGEO AMERICAS,87280,CASAMIGOS BLANCO,6,750,28.49,42.74,6,256.44,4.50,1.18
INV-65778300081,2023-12-29T00:00:00.000,2626,HY-VEE DRUGSTORE / UNIVERSITY / DSM,4100 UNIVERSITY AVE,DES MOINES,50311,POINT (-93.673259976 41.59955599),,POLK,1022100,MIXTO TEQUILA,395,PROXIMO,87408,JOSE CUERVO ESPECIAL SILVER,12,750,12.00,18.00,12,216.00,9.00,2.37
INV-65778300082,2023-12-29T00:00:00.000,2626,HY-VEE DRUGSTORE / UNIVERSITY / DSM,4100 UNIVERSITY AVE,DES MOINES,50311,POINT (-93.673259976 41.59955599),,POLK,1022300,MEZCAL,305,MHW LTD,87481,DOS HOMBRES MEZCAL,6,750,32.50,48.75,6,292.50,4.50,1.18
INV-65778300083,2023-12-29T00:00:00.000,2626,HY-VEE DRUGSTORE / UNIVERSITY / DSM,4100 UNIVERSITY AVE,DES MOINES,50311,POINT (-93.673259976 41.59955599),,POLK,1022100,MIXTO TEQUILA,434,LUXCO INC,87936,JUAREZ SILVER,12,750,8.50,12.75,12,144.00,9.00,2.37
INV-65778300084,2023-12-29T00:00:00.000,2626,HY-VEE DRUGSTORE / UNIVERSITY / DSM,4100 UNIVERSITY AVE,DES MOINES,50311,POINT (-93.673259976 41.59955599),,POLK,1022200,100% AGAVE TEQUILA,035,BACARDI USA INC,88290,PATRON SILVER,12,200,9.50,14.25,12,171.00,2.40,0.63
INV-65778300085,2023-12-29T00:00:00.000,2626,HY-VEE DRUGSTORE / UNIVERSITY / DSM,4100 UNIVERSITY AVE,DES MOINES,50311,POINT (-93.673259976 41.59955599),,POLK,1022200,100% AGAVE TEQUILA,035,BACARDI USA INC,88296,PATRON SILVER,12,750,28.00,42.00,12,504.00,9.00,2.37
INV-65778300086,2023-12-29T00:00:00.000,2626,HY-VEE DRUGSTORE / UNIVERSITY / DSM,4100 UNIVERSITY AVE,DES MOINES,50311,POINT (-93.673259976 41.59955599),,POLK,1022200,100% AGAVE TEQUILA,192,"MAST-JAGERMEISTER US, INC",88371,TEREMANA BLANCO TEQUILA,6,750,15.91,23.87,6,143.22,4.50,1.18
INV-65778300087,2023-12-29T00:00:00.000,2626,HY-VEE DRUGSTORE / UNIVERSITY / DSM,4100 UNIVERSITY AVE,DES MOINES,50311,POINT (-93.673259976 41.59955599),,POLK,1022200,100% AGAVE TEQUILA,192,"MAST-JAGERMEISTER US, INC",88372,TEREMANA REPOSADO TEQUILA,6,750,17.40,26.10,6,156.60,4.50,1.18
INV-65778300088,2023-12-29T00:00:00.000,2626,HY-VEE DRUGSTORE / UNIVERSITY / DSM,4100 UNIVERSITY AVE,DES MOINES,50311,POINT (-93.673259976 41.59955599),,POLK,1022200,100% AGAVE TEQUILA,260,DIAGEO AMERICAS,89154,DON JULIO REPOSADO,6,750,33.49,50.24,6,301.44,4.50,1.18
INV-65778300089,2023-12-29T00:00:00.000,2626,HY-VEE DRUGSTORE / UNIVERSITY / DSM,4100 UNIVERSITY AVE,DES MOINES,50311,POINT (-93.673259976 41.59955599),,POLK,1022100,MIXTO TEQUILA,395,PROXIMO,89196,JOSE CUERVO ESPECIAL REPOSADO,12,750,12.00,18.00,12,216.00,9.00,2.37
INV-65778300090,2023-12-29T00:00:00.000,2626,HY-VEE DRUGSTORE / UNIVERSITY / DSM,4100 UNIVERSITY AVE,DES MOINES,50311,POINT (-93.673259976 41.59955599),,POLK,1022200,100% AGAVE TEQUILA,065,JIM BEAM BRANDS,89781,SAUZA GOLD MINI,12,50,5.40,8.10,12,97.20,0.60,0.15
INV-65778400001,2023-12-29T00:00:00.000,6299,CASEY'S #3953 / DES MOINES,3121 FOREST AVENUE,DES MOINES,50311,POINT (-93.660609002 41.604311001),,POLK,1081600,WHISKEY LIQUEUR,421,SAZERAC COMPANY  INC,100423,FIREBALL CINNAMON WHISKEY 100ML CARRIER,8,100,6.00,9.00,8,72.00,0.80,0.21
INV-65778400002,2023-12-29T00:00:00.000,6299,CASEY'S #3953 / DES MOINES,3121 FOREST AVENUE,DES MOINES,50311,POINT (-93.660609002 41.604311001),,POLK,1012100,CANADIAN WHISKIES,260,DIAGEO AMERICAS,10805,CROWN ROYAL REGAL APPLE,24,375,8.49,12.74,4,50.96,1.50,0.39
INV-65778400003,2023-12-29T00:00:00.000,6299,CASEY'S #3953 / DES MOINES,3121 FOREST AVENUE,DES MOINES,50311,POINT (-93.660609002 41.604311001),,POLK,1012100,CANADIAN WHISKIES,259,HEAVEN HILL BRANDS,11774,BLACK VELVET,24,375,3.25,4.88,24,117.12,9.00,2.37
INV-65778400004,2023-12-29T00:00:00.000,6299,CASEY'S #3953 / DES MOINES,3121 FOREST AVENUE,DES MOINES,50311,POINT (-93.660609002 41.604311001),,POLK,1032100,IMPORTED VODKAS,370,PERNOD RICARD USA,34001,ABSOLUT SWEDISH VODKA 80PRF MINI,10,50,7.92,11.88,2,23.76,0.10,0.02
INV-65778400005,2023-12-29T00:00:00.000,6299,CASEY'S #3953 / DES MOINES,3121 FOREST AVENUE,DES MOINES,50311,POINT (-93.660609002 41.604311001),,POLK,1031100,AMERICAN VODKAS,434,LUXCO INC,36306,HAWKEYE VODKA,12,750,3.50,5.25,12,63.00,9.00,2.37
INV-65778400006,2023-12-29T00:00:00.000,6299,CASEY'S #3953 / DES MOINES,3121 FOREST AVENUE,DES MOINES,50311,POINT (-93.660609002 41.604311001),,POLK,1031100,AMERICAN VODKAS,301,FIFTH GENERATION INC,38174,TITOS HANDMADE VODKA,12,375,5.42,8.13,12,97.56,4.50,1.18
INV-65778400007,2023-12-29T00:00:00.000,6299,CASEY'S #3953 / DES MOINES,3121 FOREST AVENUE,DES MOINES,50311,POINT (-93.660609002 41.604311001),,POLK,1031200,AMERICAN FLAVORED VODKA,205,E & J GALLO WINERY,39492,NEW AMSTERDAM PINK WHITNEY,12,750,8.00,12.00,5,60.00,3.75,0.99
INV-65778400008,2023-12-29T00:00:00.000,6299,CASEY'S #3953 / DES MOINES,3121 FOREST AVENUE,DES MOINES,50311,POINT (-93.660609002 41.604311001),,POLK,1062400,SPICED RUM,260,DIAGEO AMERICAS,43331,CAPTAIN MORGAN ORIGINAL SPICED MINI,12,50,4.80,7.20,12,86.40,0.60,0.15
INV-65778400009,2023-12-29T00:00:00.000,6299,CASEY'S #3953 / DES MOINES,3121 FOREST AVENUE,DES MOINES,50311,POINT (-93.660609002 41.604311001),,POLK,1052100,IMPORTED BRANDIES,420,MOET HENNESSY USA,48105,HENNESSY VS,12,375,11.49,17.24,12,206.88,4.50,1.18
INV-65778400010,2023-12-29T00:00:00.000,6299,CASEY'S #3953 / DES MOINES,3121 FOREST AVENUE,DES MOINES,50311,POINT (-93.660609002 41.604311001),,POLK,1081600,WHISKEY LIQUEUR,421,SAZERAC COMPANY  INC,64870,FIREBALL CINNAMON WHISKEY,48,100,1.00,1.50,96,144.00,9.60,2.53
INV-65778400011,2023-12-29T00:00:00.000,6299,CASEY'S #3953 / DES MOINES,3121 FOREST AVENUE,DES MOINES,50311,POINT (-93.660609002 41.604311001),,POLK,1081600,WHISKEY LIQUEUR,421,SAZERAC COMPANY  INC,65013,FIREBALL CINNAMON WHISKEY MINI SLEEVE,12,50,4.30,6.45,12,77.40,0.60,0.15
INV-65778400012,2023-12-29T00:00:00.000,6299,CASEY'S #3953 / DES MOINES,3121 FOREST AVENUE,DES MOINES,50311,POINT (-93.660609002 41.604311001),,POLK,1091300,NEUTRAL GRAIN SPIRITS FLAVORED,346,OLE SMOKY DISTILLERY LLC,80398,OLE SMOKY WHITE CHOCOLATE STRAWBERRY MOONSHINE MINI,8,50,8.75,13.13,3,39.39,0.15,0.03
INV-65778400013,2023-12-29T00:00:00.000,6299,CASEY'S #3953 / DES MOINES,3121 FOREST AVENUE,DES MOINES,50311,POINT (-93.660609002 41.604311001),,POLK,1022200,100% AGAVE TEQUILA,395,PROXIMO,86078,JOSE CUERVO ESPECIAL SILVER MINI,12,50,12.33,18.50,2,37.00,0.10,0.02
INV-65778400014,2023-12-29T00:00:00.000,6299,CASEY'S #3953 / DES MOINES,3121 FOREST AVENUE,DES MOINES,50311,POINT (-93.660609002 41.604311001),,POLK,1022200,100% AGAVE TEQUILA,035,BACARDI USA INC,88294,PATRON SILVER,12,375,15.00,22.50,24,540.00,9.00,2.37
INV-65778400015,2023-12-29T00:00:00.000,6299,CASEY'S #3953 / DES MOINES,3121 FOREST AVENUE,DES MOINES,50311,POINT (-93.660609002 41.604311001),,POLK,1022200,100% AGAVE TEQUILA,035,BACARDI USA INC,89641,PATRON ANEJO MINI,10,50,28.80,43.20,1,43.20,0.05,0.01
INV-65778500001,2023-12-29T00:00:00.000,6299,CASEY'S #3953 / DES MOINES,3121 FOREST AVENUE,DES MOINES,50311,POINT (-93.660609002 41.604311001),,POLK,1081600,WHISKEY LIQUEUR,421,SAZERAC COMPANY  INC,100423,FIREBALL CINNAMON WHISKEY 100ML CARRIER,8,100,6.00,9.00,8,72.00,0.80,0.21
INV-65778500002,2023-12-29T00:00:00.000,6299,CASEY'S #3953 / DES MOINES,3121 FOREST AVENUE,DES MOINES,50311,POINT (-93.660609002 41.604311001),,POLK,1081400,AMERICAN SCHNAPPS,421,SAZERAC COMPANY  INC,101180,99 FRUITS MINI,1,50,51.60,77.40,1,77.40,0.05,0.01
INV-65778500003,2023-12-29T00:00:00.000,6299,CASEY'S #3953 / DES MOINES,3121 FOREST AVENUE,DES MOINES,50311,POINT (-93.660609002 41.604311001),,POLK,1012100,CANADIAN WHISKIES,260,DIAGEO AMERICAS,10807,CROWN ROYAL REGAL APPLE,12,750,17.49,26.24,1,26.24,0.75,0.19
INV-65778500004,2023-12-29T00:00:00.000,6299,CASEY'S #3953 / DES MOINES,3121 FOREST AVENUE,DES MOINES,50311,POINT (-93.660609002 41.604311001),,POLK,1012100,CANADIAN WHISKIES,260,DIAGEO AMERICAS,11296,CROWN ROYAL,12,750,17.49,26.24,1,26.24,0.75,0.19
INV-65778500005,2023-12-29T00:00:00.000,6299,CASEY'S #3953 / DES MOINES,3121 FOREST AVENUE,DES MOINES,50311,POINT (-93.660609002 41.604311001),,POLK,1012100,CANADIAN WHISKIES,259,HEAVEN HILL BRANDS,11776,BLACK VELVET,12,750,5.50,8.25,3,24.75,2.25,0.59
INV-65778500006,2023-12-29T00:00:00.000,6299,CASEY'S #3953 / DES MOINES,3121 FOREST AVENUE,DES MOINES,50311,POINT (-93.660609002 41.604311001),,POLK,1012100,CANADIAN WHISKIES,259,HEAVEN HILL BRANDS,11788,BLACK VELVET,6,1750,11.00,16.50,6,99.00,10.50,2.77
INV-65778500007,2023-12-29T00:00:00.000,6299,CASEY'S #3953 / DES MOINES,3121 FOREST AVENUE,DES MOINES,50311,POINT (-93.660609002 41.604311001),,POLK,1012400,IRISH WHISKIES,370,PERNOD RICARD USA,15626,JAMESON,12,750,17.49,26.24,5,131.20,3.75,0.99
INV-65778500008,2023-12-29T00:00:00.000,6299,CASEY'S #3953 / DES MOINES,3121 FOREST AVENUE,DES MOINES,50311,POINT (-93.660609002 41.604311001),,POLK,1011200,STRAIGHT BOURBON WHISKIES,065,JIM BEAM BRANDS,19064,JIM BEAM,24,375,5.60,8.40,6,50.40,2.25,0.59
INV-65778500009,2023-12-29T00:00:00.000,6299,CASEY'S #3953 / DES MOINES,3121 FOREST AVENUE,DES MOINES,50311,POINT (-93.660609002 41.604311001),,POLK,1031100,AMERICAN VODKAS,434,LUXCO INC,36304,HAWKEYE VODKA,24,375,2.00,3.00,12,36.00,4.50,1.18
INV-65778500010,2023-12-29T00:00:00.000,6299,CASEY'S #3953 / DES MOINES,3121 FOREST AVENUE,DES MOINES,50311,POINT (-93.660609002 41.604311001),,POLK,1031100,AMERICAN VODKAS,434,LUXCO INC,36306,HAWKEYE VODKA,12,750,3.50,5.25,2,10.50,1.50,0.39
INV-65778500011,2023-12-29T00:00:00.000,6299,CASEY'S #3953 / DES MOINES,3121 FOREST AVENUE,DES MOINES,50311,POINT (-93.660609002 41.604311001),,POLK,1031100,AMERICAN VODKAS,434,LUXCO INC,36308,HAWKEYE VODKA,6,1750,7.50,11.25,6,67.50,10.50,2.77
INV-65778500012,2023-12-29T00:00:00.000,6299,CASEY'S #3953 / DES MOINES,3121 FOREST AVENUE,DES MOINES,50311,POINT (-93.660609002 41.604311001),,POLK,1031100,AMERICAN VODKAS,205,E & J GALLO WINERY,36969,NEW AMSTERDAM 80PRF,12,750,8.00,12.00,4,48.00,3.00,0.79
INV-65778500013,2023-12-29T00:00:00.000,6299,CASEY'S #3953 / DES MOINES,3121 FOREST AVENUE,DES MOINES,50311,POINT (-93.660609002 41.604311001),,POLK,1031100,AMERICAN VODKAS,777,"BLUE OX SPIRITS, INC.",36985,BLUE OX VODKA,24,375,2.00,3.00,6,20.28,2.25,0.59
INV-65778500014,2023-12-29T00:00:00.000,6299,CASEY'S #3953 / DES MOINES,3121 FOREST AVENUE,DES MOINES,50311,POINT (-93.660609002 41.604311001),,POLK,1031100,AMERICAN VODKAS,301,FIFTH GENERATION INC,38174,TITOS HANDMADE VODKA,12,375,5.42,8.13,5,40.65,1.87,0.49
INV-65778500015,2023-12-29T00:00:00.000,6299,CASEY'S #3953 / DES MOINES,3121 FOREST AVENUE,DES MOINES,50311,POINT (-93.660609002 41.604311001),,POLK,1062400,SPICED RUM,260,DIAGEO AMERICAS,43331,CAPTAIN MORGAN ORIGINAL SPICED MINI,12,50,4.80,7.20,2,14.40,0.10,0.02
INV-65778500016,2023-12-29T00:00:00.000,6299,CASEY'S #3953 / DES MOINES,3121 FOREST AVENUE,DES MOINES,50311,POINT (-93.660609002 41.604311001),,POLK,1062400,SPICED RUM,260,DIAGEO AMERICAS,43336,CAPTAIN MORGAN ORIGINAL SPICED,12,750,9.49,14.24,2,28.48,1.50,0.39
INV-65778500017,2023-12-29T00:00:00.000,6299,CASEY'S #3953 / DES MOINES,3121 FOREST AVENUE,DES MOINES,50311,POINT (-93.660609002 41.604311001),,POLK,1081600,WHISKEY LIQUEUR,421,SAZERAC COMPANY  INC,64864,FIREBALL CINNAMON WHISKEY,24,375,5.33,8.00,1,8.00,0.37,0.09
INV-65778500018,2023-12-29T00:00:00.000,6299,CASEY'S #3953 / DES MOINES,3121 FOREST AVENUE,DES MOINES,50311,POINT (-93.660609002 41.604311001),,POLK,1081600,WHISKEY LIQUEUR,421,SAZERAC COMPANY  INC,64866,FIREBALL CINNAMON WHISKEY,12,750,9.00,13.50,5,67.50,3.75,0.99
INV-65778500019,2023-12-29T00:00:00.000,6299,CASEY'S #3953 / DES MOINES,3121 FOREST AVENUE,DES MOINES,50311,POINT (-93.660609002 41.604311001),,POLK,1081600,WHISKEY LIQUEUR,421,SAZERAC COMPANY  INC,65013,FIREBALL CINNAMON WHISKEY MINI SLEEVE,12,50,4.30,6.45,12,77.40,0.60,0.15
INV-65778500020,2023-12-29T00:00:00.000,6299,CASEY'S #3953 / DES MOINES,3121 FOREST AVENUE,DES MOINES,50311,POINT (-93.660609002 41.604311001),,POLK,1082100,IMPORTED CORDIALS & LIQUEURS,192,"MAST-JAGERMEISTER US, INC",65254,JAGERMEISTER LIQUEUR,24,375,7.68,11.52,8,92.16,3.00,0.79
INV-65778500021,2023-12-29T00:00:00.000,6299,CASEY'S #3953 / DES MOINES,3121 FOREST AVENUE,DES MOINES,50311,POINT (-93.660609002 41.604311001),,POLK,1022100,MIXTO TEQUILA,395,PROXIMO,89194,JOSE CUERVO ESPECIAL REPOSADO FLASK,24,375,6.53,9.80,4,39.20,1.50,0.39
INV-65778600001,2023-12-29T00:00:00.000,4893,CASEY'S GENERAL STORE #3098 / WDM,105 GRAND AVE,WEST DES MOINES,50265,POINT (-93.704182996 41.583039994),,POLK,1081600,WHISKEY LIQUEUR,421,SAZERAC COMPANY  INC,100423,FIREBALL CINNAMON WHISKEY 100ML CARRIER,8,100,6.00,9.00,24,216.00,2.40,0.63
INV-65778600002,2023-12-29T00:00:00.000,4893,CASEY'S GENERAL STORE #3098 / WDM,105 GRAND AVE,WEST DES MOINES,50265,POINT (-93.704182996 41.583039994),,POLK,1012100,CANADIAN WHISKIES,260,DIAGEO AMERICAS,10803,CROWN ROYAL REGAL APPLE MINI,10,50,9.95,14.93,6,89.58,0.30,0.07
INV-65778600003,2023-12-29T00:00:00.000,4893,CASEY'S GENERAL STORE #3098 / WDM,105 GRAND AVE,WEST DES MOINES,50265,POINT (-93.704182996 41.583039994),,POLK,1012100,CANADIAN WHISKIES,260,DIAGEO AMERICAS,10805,CROWN ROYAL REGAL APPLE,24,375,8.49,12.74,24,305.76,9.00,2.37
INV-65778600004,2023-12-29T00:00:00.000,4893,CASEY'S GENERAL STORE #3098 / WDM,105 GRAND AVE,WEST DES MOINES,50265,POINT (-93.704182996 41.583039994),,POLK,1012100,CANADIAN WHISKIES,260,DIAGEO AMERICAS,11294,CROWN ROYAL,24,375,8.49,12.74,6,76.44,2.25,0.59
INV-65778600005,2023-12-29T00:00:00.000,4893,CASEY'S GENERAL STORE #3098 / WDM,105 GRAND AVE,WEST DES MOINES,50265,POINT (-93.704182996 41.583039994),,POLK,1012100,CANADIAN WHISKIES,259,HEAVEN HILL BRANDS,11774,BLACK VELVET,24,375,3.25,4.88,10,48.80,3.75,0.99
INV-65778600006,2023-12-29T00:00:00.000,4893,CASEY'S GENERAL STORE #3098 / WDM,105 GRAND AVE,WEST DES MOINES,50265,POINT (-93.704182996 41.583039994),,POLK,1012400,IRISH WHISKIES,370,PERNOD RICARD USA,15626,JAMESON,12,750,17.49,26.24,4,104.96,3.00,0.79
INV-65778600007,2023-12-29T00:00:00.000,4893,CASEY'S GENERAL STORE #3098 / WDM,105 GRAND AVE,WEST DES MOINES,50265,POINT (-93.704182996 41.583039994),,POLK,1062400,SPICED RUM,260,DIAGEO AMERICAS,1799,CAPTAIN MORGAN ORIGINAL SPICED BARREL,6,1750,18.99,28.49,3,85.47,5.25,1.38
INV-65778600008,2023-12-29T00:00:00.000,4893,CASEY'S GENERAL STORE #3098 / WDM,105 GRAND AVE,WEST DES MOINES,50265,POINT (-93.704182996 41.583039994),,POLK,1011200,STRAIGHT BOURBON WHISKIES,065,JIM BEAM BRANDS,19064,JIM BEAM,24,375,5.60,8.40,10,84.00,3.75,0.99
INV-65778600009,2023-12-29T00:00:00.000,4893,CASEY'S GENERAL STORE #3098 / WDM,105 GRAND AVE,WEST DES MOINES,50265,POINT (-93.704182996 41.583039994),,POLK,1011400,TENNESSEE WHISKIES,085,BROWN FORMAN CORP.,26820,JACK DANIELS OLD #7 BLACK LABEL FLAT,24,375,8.25,12.38,10,123.80,3.75,0.99
INV-65778600010,2023-12-29T00:00:00.000,4893,CASEY'S GENERAL STORE #3098 / WDM,105 GRAND AVE,WEST DES MOINES,50265,POINT (-93.704182996 41.583039994),,POLK,1041100,AMERICAN DRY GINS,370,PERNOD RICARD USA,32234,SEAGRAMS EXTRA DRY GIN,24,375,4.22,6.33,10,63.30,3.75,0.99
INV-65778600011,2023-12-29T00:00:00.000,4893,CASEY'S GENERAL STORE #3098 / WDM,105 GRAND AVE,WEST DES MOINES,50265,POINT (-93.704182996 41.583039994),,POLK,1031100,AMERICAN VODKAS,434,LUXCO INC,36304,HAWKEYE VODKA,24,375,2.00,3.00,20,60.00,7.50,1.98
INV-65778600012,2023-12-29T00:00:00.000,4893,CASEY'S GENERAL STORE #3098 / WDM,105 GRAND AVE,WEST DES MOINES,50265,POINT (-93.704182996 41.583039994),,POLK,1031100,AMERICAN VODKAS,434,LUXCO INC,36306,HAWKEYE VODKA,12,750,3.50,5.25,12,63.00,9.00,2.37
INV-65778600013,2023-12-29T00:00:00.000,4893,CASEY'S GENERAL STORE #3098 / WDM,105 GRAND AVE,WEST DES MOINES,50265,POINT (-93.704182996 41.583039994),,POLK,1031100,AMERICAN VODKAS,300,MCCORMICK DISTILLING CO.,36904,MCCORMICK 80PRF VODKA PET,24,375,1.84,2.76,20,55.20,7.50,1.98
INV-65778600014,2023-12-29T00:00:00.000,4893,CASEY'S GENERAL STORE #3098 / WDM,105 GRAND AVE,WEST DES MOINES,50265,POINT (-93.704182996 41.583039994),,POLK,1031100,AMERICAN VODKAS,260,DIAGEO AMERICAS,37994,SMIRNOFF 80PRF,24,375,4.99,7.49,20,149.80,7.50,1.98
INV-65778600015,2023-12-29T00:00:00.000,4893,CASEY'S GENERAL STORE #3098 / WDM,105 GRAND AVE,WEST DES MOINES,50265,POINT (-93.704182996 41.583039994),,POLK,1031100,AMERICAN VODKAS,260,DIAGEO AMERICAS,37996,SMIRNOFF 80PRF,12,750,8.25,12.38,6,74.28,4.50,1.18
INV-65778600016,2023-12-29T00:00:00.000,4893,CASEY'S GENERAL STORE #3098 / WDM,105 GRAND AVE,WEST DES MOINES,50265,POINT (-93.704182996 41.583039994),,POLK,1031100,AMERICAN VODKAS,301,FIFTH GENERATION INC,38174,TITOS HANDMADE VODKA,12,375,5.42,8.13,12,97.56,4.50,1.18
INV-65778600017,2023-12-29T00:00:00.000,4893,CASEY'S GENERAL STORE #3098 / WDM,105 GRAND AVE,WEST DES MOINES,50265,POINT (-93.704182996 41.583039994),,POLK,1031100,AMERICAN VODKAS,301,FIFTH GENERATION INC,38176,TITOS HANDMADE VODKA,12,750,10.00,15.00,6,90.00,4.50,1.18
INV-65778600018,2023-12-29T00:00:00.000,4893,CASEY'S GENERAL STORE #3098 / WDM,105 GRAND AVE,WEST DES MOINES,50265,POINT (-93.704182996 41.583039994),,POLK,1031100,AMERICAN VODKAS,301,FIFTH GENERATION INC,38178,TITOS HANDMADE VODKA,6,1750,19.00,28.50,4,114.00,7.00,1.84
INV-65778600019,2023-12-29T00:00:00.000,4893,CASEY'S GENERAL STORE #3098 / WDM,105 GRAND AVE,WEST DES MOINES,50265,POINT (-93.704182996 41.583039994),,POLK,1031200,AMERICAN FLAVORED VODKA,205,E & J GALLO WINERY,39492,NEW AMSTERDAM PINK WHITNEY,12,750,8.00,12.00,7,84.00,5.25,1.38
INV-65778600020,2023-12-29T00:00:00.000,4893,CASEY'S GENERAL STORE #3098 / WDM,105 GRAND AVE,WEST DES MOINES,50265,POINT (-93.704182996 41.583039994),,POLK,1062400,SPICED RUM,260,DIAGEO AMERICAS,43334,CAPTAIN MORGAN ORIGINAL SPICED,24,375,5.24,7.86,10,78.60,3.75,0.99
INV-65778600021,2023-12-29T00:00:00.000,4893,CASEY'S GENERAL STORE #3098 / WDM,105 GRAND AVE,WEST DES MOINES,50265,POINT (-93.704182996 41.583039994),,POLK,1062400,SPICED RUM,260,DIAGEO AMERICAS,43336,CAPTAIN MORGAN ORIGINAL SPICED,12,750,9.49,14.24,6,85.44,4.50,1.18
INV-65778600022,2023-12-29T00:00:00.000,4893,CASEY'S GENERAL STORE #3098 / WDM,105 GRAND AVE,WEST DES MOINES,50265,POINT (-93.704182996 41.583039994),,POLK,1052100,IMPORTED BRANDIES,420,MOET HENNESSY USA,48105,HENNESSY VS,12,375,11.49,17.24,4,68.96,1.50,0.39
INV-65778600023,2023-12-29T00:00:00.000,4893,CASEY'S GENERAL STORE #3098 / WDM,105 GRAND AVE,WEST DES MOINES,50265,POINT (-93.704182996 41.583039994),,POLK,1081600,WHISKEY LIQUEUR,421,SAZERAC COMPANY  INC,64864,FIREBALL CINNAMON WHISKEY,24,375,5.33,8.00,10,80.00,3.75,0.99
INV-65778600024,2023-12-29T00:00:00.000,4893,CASEY'S GENERAL STORE #3098 / WDM,105 GRAND AVE,WEST DES MOINES,50265,POINT (-93.704182996 41.583039994),,POLK,1081600,WHISKEY LIQUEUR,421,SAZERAC COMPANY  INC,64866,FIREBALL CINNAMON WHISKEY,12,750,9.00,13.50,10,135.00,7.50,1.98
INV-65778600025,2023-12-29T00:00:00.000,4893,CASEY'S GENERAL STORE #3098 / WDM,105 GRAND AVE,WEST DES MOINES,50265,POINT (-93.704182996 41.583039994),,POLK,1081600,WHISKEY LIQUEUR,421,SAZERAC COMPANY  INC,64868,FIREBALL CINNAMON WHISKEY,6,1750,16.00,24.00,4,96.00,7.00,1.84
INV-65778600026,2023-12-29T00:00:00.000,4893,CASEY'S GENERAL STORE #3098 / WDM,105 GRAND AVE,WEST DES MOINES,50265,POINT (-93.704182996 41.583039994),,POLK,1081600,WHISKEY LIQUEUR,421,SAZERAC COMPANY  INC,65013,FIREBALL CINNAMON WHISKEY MINI SLEEVE,12,50,4.30,6.45,24,154.80,1.20,0.31
INV-65778600027,2023-12-29T00:00:00.000,4893,CASEY'S GENERAL STORE #3098 / WDM,105 GRAND AVE,WEST DES MOINES,50265,POINT (-93.704182996 41.583039994),,POLK,1081200,CREAM LIQUEURS,205,E & J GALLO WINERY,73055,RUMCHATA,12,750,14.00,21.00,2,42.00,1.50,0.39
INV-65778600028,2023-12-29T00:00:00.000,4893,CASEY'S GENERAL STORE #3098 / WDM,105 GRAND AVE,WEST DES MOINES,50265,POINT (-93.704182996 41.583039994),,POLK,1081300,AMERICAN CORDIALS & LIQUEURS,421,SAZERAC COMPANY  INC,84104,99 SOUR APPLE MINI,1,50,51.60,77.40,1,77.40,0.05,0.01
INV-65778600029,2023-12-29T00:00:00.000,4893,CASEY'S GENERAL STORE #3098 / WDM,105 GRAND AVE,WEST DES MOINES,50265,POINT (-93.704182996 41.583039994),,POLK,1081400,AMERICAN SCHNAPPS,421,SAZERAC COMPANY  INC,84171,99 BANANAS,48,100,1.00,1.50,48,72.00,4.80,1.26
INV-65778600030,2023-12-29T00:00:00.000,4893,CASEY'S GENERAL STORE #3098 / WDM,105 GRAND AVE,WEST DES MOINES,50265,POINT (-93.704182996 41.583039994),,POLK,1081400,AMERICAN SCHNAPPS,421,SAZERAC COMPANY  INC,84172,99 BANANAS MINI,1,50,51.60,77.40,1,77.40,0.05,0.01
INV-65778600031,2023-12-29T00:00:00.000,4893,CASEY'S GENERAL STORE #3098 / WDM,105 GRAND AVE,WEST DES MOINES,50265,POINT (-93.704182996 41.583039994),,POLK,1081400,AMERICAN SCHNAPPS,421,SAZERAC COMPANY  INC,84226,99 STRAWBERRIES MINI,1,50,51.60,77.40,1,77.40,0.05,0.01
INV-65778600032,2023-12-29T00:00:00.000,4893,CASEY'S GENERAL STORE #3098 / WDM,105 GRAND AVE,WEST DES MOINES,50265,POINT (-93.704182996 41.583039994),,POLK,1081300,AMERICAN CORDIALS & LIQUEURS,421,SAZERAC COMPANY  INC,84393,99 WATERMELON PET MINI,1,50,51.60,77.40,1,77.40,0.05,0.01
INV-65778600033,2023-12-29T00:00:00.000,4893,CASEY'S GENERAL STORE #3098 / WDM,105 GRAND AVE,WEST DES MOINES,50265,POINT (-93.704182996 41.583039994),,POLK,1091300,NEUTRAL GRAIN SPIRITS FLAVORED,346,OLE SMOKY DISTILLERY LLC,86739,OLE SMOKY APPLE PIE MOONSHINE 70PRF MINI,8,50,8.75,13.13,6,78.78,0.30,0.07
INV-65778700001,2023-12-29T00:00:00.000,010214,EASYGO LIQUOR / WEST DES MOINES,900 GRAND AVENUE,WEST DES MOINES,50265,POINT (-93.71476297 41.582369987),,POLK,1012200,SCOTCH WHISKIES,065,JIM BEAM BRANDS,905433,HA LAPHROAIG QUARTER CASK,6,750,31.49,47.24,1,47.24,0.75,0.19
INV-65778700002,2023-12-29T00:00:00.000,010214,EASYGO LIQUOR / WEST DES MOINES,900 GRAND AVENUE,WEST DES MOINES,50265,POINT (-93.71476297 41.582369987),,POLK,1012400,IRISH WHISKIES,370,PERNOD RICARD USA,915859,HA REDBREAST PX EDITION,6,750,74.96,112.44,1,112.44,0.75,0.19
INV-65778800001,2023-12-29T00:00:00.000,010214,EASYGO LIQUOR / WEST DES MOINES,900 GRAND AVENUE,WEST DES MOINES,50265,POINT (-93.71476297 41.582369987),,POLK,1012400,IRISH WHISKIES,370,PERNOD RICARD USA,15622,JAMESON,24,200,4.99,7.49,24,179.76,4.80,1.26
INV-65778800002,2023-12-29T00:00:00.000,010214,EASYGO LIQUOR / WEST DES MOINES,900 GRAND AVENUE,WEST DES MOINES,50265,POINT (-93.71476297 41.582369987),,POLK,1012400,IRISH WHISKIES,370,PERNOD RICARD USA,15626,JAMESON,12,750,17.49,26.24,12,314.88,9.00,2.37
INV-65778800003,2023-12-29T00:00:00.000,010214,EASYGO LIQUOR / WEST DES MOINES,900 GRAND AVENUE,WEST DES MOINES,50265,POINT (-93.71476297 41.582369987),,POLK,1031100,AMERICAN VODKAS,421,SAZERAC COMPANY  INC,35315,BARTON VODKA PET,12,750,3.37,5.06,12,60.72,9.00,2.37
INV-65778800004,2023-12-29T00:00:00.000,010214,EASYGO LIQUOR / WEST DES MOINES,900 GRAND AVENUE,WEST DES MOINES,50265,POINT (-93.71476297 41.582369987),,POLK,1031100,AMERICAN VODKAS,300,MCCORMICK DISTILLING CO.,36904,MCCORMICK 80PRF VODKA PET,24,375,1.84,2.76,24,66.24,9.00,2.37
INV-65778800005,2023-12-29T00:00:00.000,010214,EASYGO LIQUOR / WEST DES MOINES,900 GRAND AVENUE,WEST DES MOINES,50265,POINT (-93.71476297 41.582369987),,POLK,1051100,AMERICAN BRANDIES,421,SAZERAC COMPANY  INC,53214,PAUL MASSON GRANDE AMBER BRANDY VS,24,375,3.22,4.83,24,115.92,9.00,2.37
INV-65778800006,2023-12-29T00:00:00.000,010214,EASYGO LIQUOR / WEST DES MOINES,900 GRAND AVENUE,WEST DES MOINES,50265,POINT (-93.71476297 41.582369987),,POLK,1081600,WHISKEY LIQUEUR,421,SAZERAC COMPANY  INC,64866,FIREBALL CINNAMON WHISKEY,12,750,9.00,13.50,12,162.00,9.00,2.37
INV-65778800007,2023-12-29T00:00:00.000,010214,EASYGO LIQUOR / WEST DES MOINES,900 GRAND AVENUE,WEST DES MOINES,50265,POINT (-93.71476297 41.582369987),,POLK,1022200,100% AGAVE TEQUILA,035,BACARDI USA INC,88294,PATRON SILVER,12,375,15.00,22.50,12,270.00,4.50,1.18
INV-65778900001,2023-12-29T00:00:00.000,010214,EASYGO LIQUOR / WEST DES MOINES,900 GRAND AVENUE,WEST DES MOINES,50265,POINT (-93.71476297 41.582369987),,POLK,1011200,STRAIGHT BOURBON WHISKIES,085,BROWN FORMAN CORP.,16396,OLD FORESTER SIGNATURE 100PRF BOURBON,12,750,13.00,19.50,2,39.00,1.50,0.39
INV-65778900002,2023-12-29T00:00:00.000,010214,EASYGO LIQUOR / WEST DES MOINES,900 GRAND AVENUE,WEST DES MOINES,50265,POINT (-93.71476297 41.582369987),,POLK,1011200,STRAIGHT BOURBON WHISKIES,259,HEAVEN HILL BRANDS,17958,EVAN WILLIAMS BLACK,6,1750,17.00,25.50,6,153.00,10.50,2.77
INV-65778900003,2023-12-29T00:00:00.000,010214,EASYGO LIQUOR / WEST DES MOINES,900 GRAND AVENUE,WEST DES MOINES,50265,POINT (-93.71476297 41.582369987),,POLK,1011200,STRAIGHT BOURBON WHISKIES,085,BROWN FORMAN CORP.,20366,OLD FORESTER BOURBON 86PRF,12,750,12.00,18.00,1,18.00,0.75,0.19
INV-65778900004,2023-12-29T00:00:00.000,010214,EASYGO LIQUOR / WEST DES MOINES,900 GRAND AVENUE,WEST DES MOINES,50265,POINT (-93.71476297 41.582369987),,POLK,1011200,STRAIGHT BOURBON WHISKIES,434,LUXCO INC,21067,PENELOPE BARREL STRENGTH,6,750,30.00,45.00,2,90.00,1.50,0.39
INV-65778900005,2023-12-29T00:00:00.000,010214,EASYGO LIQUOR / WEST DES MOINES,900 GRAND AVENUE,WEST DES MOINES,50265,POINT (-93.71476297 41.582369987),,POLK,1011200,STRAIGHT BOURBON WHISKIES,085,BROWN FORMAN CORP.,22215,WOODFORD RESERVE,12,750,23.50,35.25,2,70.50,1.50,0.39
INV-65778900006,2023-12-29T00:00:00.000,010214,EASYGO LIQUOR / WEST DES MOINES,900 GRAND AVENUE,WEST DES MOINES,50265,POINT (-93.71476297 41.582369987),,POLK,1032100,IMPORTED VODKAS,420,MOET HENNESSY USA,33419,BELVEDERE PURE,6,1000,21.49,32.24,6,193.44,6.00,1.58
INV-65778900007,2023-12-29T00:00:00.000,010214,EASYGO LIQUOR / WEST DES MOINES,900 GRAND AVENUE,WEST DES MOINES,50265,POINT (-93.71476297 41.582369987),,POLK,1032100,IMPORTED VODKAS,370,PERNOD RICARD USA,34006,ABSOLUT SWEDISH VODKA 80PRF,12,750,9.99,14.99,12,179.88,9.00,2.37
INV-65778900008,2023-12-29T00:00:00.000,010214,EASYGO LIQUOR / WEST DES MOINES,900 GRAND AVENUE,WEST DES MOINES,50265,POINT (-93.71476297 41.582369987),,POLK,1032100,IMPORTED VODKAS,035,BACARDI USA INC,34433,GREY GOOSE,12,750,15.50,23.25,2,46.50,1.50,0.39
INV-65778900009,2023-12-29T00:00:00.000,010214,EASYGO LIQUOR / WEST DES MOINES,900 GRAND AVENUE,WEST DES MOINES,50265,POINT (-93.71476297 41.582369987),,POLK,1031100,AMERICAN VODKAS,255,INFINIUM SPIRITS,37886,SEAGRAMS EXTRA SMOOTH VODKA,12,750,5.38,8.07,12,96.84,9.00,2.37
INV-65778900010,2023-12-29T00:00:00.000,010214,EASYGO LIQUOR / WEST DES MOINES,900 GRAND AVENUE,WEST DES MOINES,50265,POINT (-93.71476297 41.582369987),,POLK,1031100,AMERICAN VODKAS,301,FIFTH GENERATION INC,38178,TITOS HANDMADE VODKA,6,1750,19.00,28.50,6,171.00,10.50,2.77
INV-65778900011,2023-12-29T00:00:00.000,010214,EASYGO LIQUOR / WEST DES MOINES,900 GRAND AVENUE,WEST DES MOINES,50265,POINT (-93.71476297 41.582369987),,POLK,1031200,AMERICAN FLAVORED VODKA,205,E & J GALLO WINERY,39492,NEW AMSTERDAM PINK WHITNEY,12,750,8.00,12.00,12,144.00,9.00,2.37
INV-65778900012,2023-12-29T00:00:00.000,010214,EASYGO LIQUOR / WEST DES MOINES,900 GRAND AVENUE,WEST DES MOINES,50265,POINT (-93.71476297 41.582369987),,POLK,1062400,SPICED RUM,240,WILLIAM GRANT & SONS INC,45886,SAILOR JERRY SPICED NAVY RUM,12,750,10.00,15.00,3,45.00,2.25,0.59
INV-65778900013,2023-12-29T00:00:00.000,010214,EASYGO LIQUOR / WEST DES MOINES,900 GRAND AVENUE,WEST DES MOINES,50265,POINT (-93.71476297 41.582369987),,POLK,1082100,IMPORTED CORDIALS & LIQUEURS,035,BACARDI USA INC,47863,D'USSE VSOP,12,375,16.99,25.49,12,305.88,4.50,1.18
INV-65778900014,2023-12-29T00:00:00.000,010214,EASYGO LIQUOR / WEST DES MOINES,900 GRAND AVENUE,WEST DES MOINES,50265,POINT (-93.71476297 41.582369987),,POLK,1052100,IMPORTED BRANDIES,255,INFINIUM SPIRITS,51739,TORRES 10 BRANDY,6,750,10.99,16.49,2,32.98,1.50,0.39
INV-65778900015,2023-12-29T00:00:00.000,010214,EASYGO LIQUOR / WEST DES MOINES,900 GRAND AVENUE,WEST DES MOINES,50265,POINT (-93.71476297 41.582369987),,POLK,1012200,SCOTCH WHISKIES,260,DIAGEO AMERICAS,5350,JOHNNIE WALKER GREEN,6,750,37.49,56.24,2,112.48,1.50,0.39
INV-65778900016,2023-12-29T00:00:00.000,010214,EASYGO LIQUOR / WEST DES MOINES,900 GRAND AVENUE,WEST DES MOINES,50265,POINT (-93.71476297 41.582369987),,POLK,1082100,IMPORTED CORDIALS & LIQUEURS,259,HEAVEN HILL BRANDS,65195,HPNOTIQ,6,750,12.00,18.00,6,108.00,4.50,1.18
INV-65778900017,2023-12-29T00:00:00.000,010214,EASYGO LIQUOR / WEST DES MOINES,900 GRAND AVENUE,WEST DES MOINES,50265,POINT (-93.71476297 41.582369987),,POLK,1012200,SCOTCH WHISKIES,260,DIAGEO AMERICAS,65533,BUCHANANS PINEAPPLE,12,750,20.99,31.49,4,125.96,3.00,0.79
INV-65778900018,2023-12-29T00:00:00.000,010214,EASYGO LIQUOR / WEST DES MOINES,900 GRAND AVENUE,WEST DES MOINES,50265,POINT (-93.71476297 41.582369987),,POLK,1081200,CREAM LIQUEURS,205,E & J GALLO WINERY,73055,RUMCHATA,12,750,14.00,21.00,12,252.00,9.00,2.37
INV-65778900019,2023-12-29T00:00:00.000,010214,EASYGO LIQUOR / WEST DES MOINES,900 GRAND AVENUE,WEST DES MOINES,50265,POINT (-93.71476297 41.582369987),,POLK,1092100,IMPORTED DISTILLED SPIRITS SPECIALTY,642,"JAMES JOSEPH SANCTIFIED SPIRITS, LLC / OAK&EDEN",76433,OAK & EDEN BOURBON & SPIRE,6,750,25.00,37.50,6,225.00,4.50,1.18
INV-65778900020,2023-12-29T00:00:00.000,010214,EASYGO LIQUOR / WEST DES MOINES,900 GRAND AVENUE,WEST DES MOINES,50265,POINT (-93.71476297 41.582369987),,POLK,1081400,AMERICAN SCHNAPPS,434,LUXCO INC,82126,ARROW PEACH SCHNAPPS,12,750,5.00,7.50,4,30.00,3.00,0.79
INV-65778900021,2023-12-29T00:00:00.000,010214,EASYGO LIQUOR / WEST DES MOINES,900 GRAND AVENUE,WEST DES MOINES,50265,POINT (-93.71476297 41.582369987),,POLK,1701100,TEMPORARY & SPECIALTY PACKAGES,421,SAZERAC COMPANY  INC,86623,ISAAC BOWMAN PORT FINISH BOURBON,6,750,20.00,30.00,2,60.00,1.50,0.39
INV-65778900022,2023-12-29T00:00:00.000,010214,EASYGO LIQUOR / WEST DES MOINES,900 GRAND AVENUE,WEST DES MOINES,50265,POINT (-93.71476297 41.582369987),,POLK,1022200,100% AGAVE TEQUILA,255,INFINIUM SPIRITS,87385,CORRALEJO SILVER,6,750,15.99,23.99,2,47.98,1.50,0.39
INV-65778900023,2023-12-29T00:00:00.000,010214,EASYGO LIQUOR / WEST DES MOINES,900 GRAND AVENUE,WEST DES MOINES,50265,POINT (-93.71476297 41.582369987),,POLK,1022200,100% AGAVE TEQUILA,421,SAZERAC COMPANY  INC,87697,SOLANA REPOSADO,6,750,12.48,18.72,6,112.32,4.50,1.18
INV-65778900024,2023-12-29T00:00:00.000,010214,EASYGO LIQUOR / WEST DES MOINES,900 GRAND AVENUE,WEST DES MOINES,50265,POINT (-93.71476297 41.582369987),,POLK,1022200,100% AGAVE TEQUILA,395,PROXIMO,87724,GRAN CORAMINO ANEJO,3,750,50.00,75.00,3,225.00,2.25,0.59
INV-65778900025,2023-12-29T00:00:00.000,010214,EASYGO LIQUOR / WEST DES MOINES,900 GRAND AVENUE,WEST DES MOINES,50265,POINT (-93.71476297 41.582369987),,POLK,1022100,MIXTO TEQUILA,065,JIM BEAM BRANDS,88556,SAUZA BLANCO SILVER,12,750,10.50,15.75,2,31.50,1.50,0.39
INV-65778900026,2023-12-29T00:00:00.000,010214,EASYGO LIQUOR / WEST DES MOINES,900 GRAND AVENUE,WEST DES MOINES,50265,POINT (-93.71476297 41.582369987),,POLK,1022200,100% AGAVE TEQUILA,472,"TEQUILAS PREMIUM, INC",88741,CLASE AZUL REPOSADO,6,750,96.67,145.01,1,145.01,0.75,0.19
INV-65778900027,2023-12-29T00:00:00.000,010214,EASYGO LIQUOR / WEST DES MOINES,900 GRAND AVENUE,WEST DES MOINES,50265,POINT (-93.71476297 41.582369987),,POLK,1022200,100% AGAVE TEQUILA,395,PROXIMO,88922,1800 CRISTALINO,6,750,29.76,44.64,6,267.84,4.50,1.18
INV-65778900028,2023-12-29T00:00:00.000,010214,EASYGO LIQUOR / WEST DES MOINES,900 GRAND AVENUE,WEST DES MOINES,50265,POINT (-93.71476297 41.582369987),,POLK,1062300,AGED DARK RUM,035,BACARDI USA INC,904800,SOOH PYRAT XO RESERVE,6,750,13.09,19.64,2,39.28,1.50,0.39
INV-65779000001,2023-12-29T00:00:00.000,010214,EASYGO LIQUOR / WEST DES MOINES,900 GRAND AVENUE,WEST DES MOINES,50265,POINT (-93.71476297 41.582369987),,POLK,1032100,IMPORTED VODKAS,370,PERNOD RICARD USA,100490,ABSOLUT MINI BAR,24,50,3.49,5.24,5,26.20,0.25,0.06
INV-65779000002,2023-12-29T00:00:00.000,010214,EASYGO LIQUOR / WEST DES MOINES,900 GRAND AVENUE,WEST DES MOINES,50265,POINT (-93.71476297 41.582369987),,POLK,1701100,TEMPORARY & SPECIALTY PACKAGES,421,SAZERAC COMPANY  INC,101568,DEVILS RIVER BOURBON W/2-50MLS,6,850,16.50,24.75,2,49.50,1.70,0.44
INV-65779000003,2023-12-29T00:00:00.000,010214,EASYGO LIQUOR / WEST DES MOINES,900 GRAND AVENUE,WEST DES MOINES,50265,POINT (-93.71476297 41.582369987),,POLK,1012400,IRISH WHISKIES,370,PERNOD RICARD USA,15621,JAMESON MINI,12,50,13.20,19.80,5,99.00,0.25,0.06
INV-65779000004,2023-12-29T00:00:00.000,010214,EASYGO LIQUOR / WEST DES MOINES,900 GRAND AVENUE,WEST DES MOINES,50265,POINT (-93.71476297 41.582369987),,POLK,1011500,BOTTLED IN BOND BOURBON,300,MCCORMICK DISTILLING CO.,16307,HOLLADAY SOFT RED WHEAT BOURBON WHISKEY 6YR BIB,6,750,30.00,45.00,2,90.00,1.50,0.39
INV-65779000005,2023-12-29T00:00:00.000,010214,EASYGO LIQUOR / WEST DES MOINES,900 GRAND AVENUE,WEST DES MOINES,50265,POINT (-93.71476297 41.582369987),,POLK,1011200,STRAIGHT BOURBON WHISKIES,434,LUXCO INC,18412,GEORGE REMUS STRAIGHT BOURBON,6,750,20.00,30.00,2,60.00,1.50,0.39
INV-65779000006,2023-12-29T00:00:00.000,010214,EASYGO LIQUOR / WEST DES MOINES,900 GRAND AVENUE,WEST DES MOINES,50265,POINT (-93.71476297 41.582369987),,POLK,1011200,STRAIGHT BOURBON WHISKIES,833,JAMES PEPPER DISTILLING CO LLC,18990,JAMES E PEPPER 1776 STRAIGHT BOURBON WHISKEY 100PRF,6,750,16.33,24.50,2,49.00,1.50,0.39
INV-65779000007,2023-12-29T00:00:00.000,010214,EASYGO LIQUOR / WEST DES MOINES,900 GRAND AVENUE,WEST DES MOINES,50265,POINT (-93.71476297 41.582369987),,POLK,1011100,BLENDED WHISKIES,079,BRECKENRIDGE DISTILLERY / DOUBLE DIAMOND DISTILLERY LLC,23056,BRECKENRIDGE BOURBON,6,750,24.49,36.74,2,73.48,1.50,0.39
INV-65779000008,2023-12-29T00:00:00.000,010214,EASYGO LIQUOR / WEST DES MOINES,900 GRAND AVENUE,WEST DES MOINES,50265,POINT (-93.71476297 41.582369987),,POLK,1011200,STRAIGHT BOURBON WHISKIES,926,"GRATON SPIRITS COMPANY, LLC / PURPLE BRANDS",26678,REDWOOD EMPIRE PIPE DREAM BOURBON,6,750,22.50,33.75,2,67.50,1.50,0.39
INV-65779000009,2023-12-29T00:00:00.000,010214,EASYGO LIQUOR / WEST DES MOINES,900 GRAND AVENUE,WEST DES MOINES,50265,POINT (-93.71476297 41.582369987),,POLK,1031200,AMERICAN FLAVORED VODKA,205,E & J GALLO WINERY,39280,NEW AMSTERDAM PASSION FRUIT FLAVORED VODKA MINI,10,50,5.54,8.31,10,83.10,0.50,0.13
INV-65779000010,2023-12-29T00:00:00.000,010214,EASYGO LIQUOR / WEST DES MOINES,900 GRAND AVENUE,WEST DES MOINES,50265,POINT (-93.71476297 41.582369987),,POLK,1062200,WHITE RUM,035,BACARDI USA INC,43124,BACARDI SUPERIOR,24,375,5.00,7.50,24,180.00,9.00,2.37
INV-65779000011,2023-12-29T00:00:00.000,010214,EASYGO LIQUOR / WEST DES MOINES,900 GRAND AVENUE,WEST DES MOINES,50265,POINT (-93.71476297 41.582369987),,POLK,1062400,SPICED RUM,260,DIAGEO AMERICAS,43331,CAPTAIN MORGAN ORIGINAL SPICED MINI,12,50,4.80,7.20,4,28.80,0.20,0.05
INV-65779000012,2023-12-29T00:00:00.000,010214,EASYGO LIQUOR / WEST DES MOINES,900 GRAND AVENUE,WEST DES MOINES,50265,POINT (-93.71476297 41.582369987),,POLK,1051100,AMERICAN BRANDIES,205,E & J GALLO WINERY,52563,E & J XO,12,750,8.50,12.75,5,63.75,3.75,0.99
INV-65779000013,2023-12-29T00:00:00.000,010214,EASYGO LIQUOR / WEST DES MOINES,900 GRAND AVENUE,WEST DES MOINES,50265,POINT (-93.71476297 41.582369987),,POLK,1071000,COCKTAILS/RTD,395,PROXIMO,58910,JOSE CUERVO GRAPEFRUIT TANGERINE,6,200,4.64,6.96,2,13.92,0.40,0.10
INV-65779000014,2023-12-29T00:00:00.000,010214,EASYGO LIQUOR / WEST DES MOINES,900 GRAND AVENUE,WEST DES MOINES,50265,POINT (-93.71476297 41.582369987),,POLK,1071000,COCKTAILS/RTD,395,PROXIMO,58911,JOSE CUERVO AUTHENTIC LIME LIGHT,6,200,4.64,6.96,2,13.92,0.40,0.10
INV-65779000015,2023-12-29T00:00:00.000,010214,EASYGO LIQUOR / WEST DES MOINES,900 GRAND AVENUE,WEST DES MOINES,50265,POINT (-93.71476297 41.582369987),,POLK,1081600,WHISKEY LIQUEUR,421,SAZERAC COMPANY  INC,64858,FIREBALL CINNAMON WHISKEY MINI DISPENSER,1,50,25.80,38.70,3,116.10,0.15,0.03
INV-65779000016,2023-12-29T00:00:00.000,010214,EASYGO LIQUOR / WEST DES MOINES,900 GRAND AVENUE,WEST DES MOINES,50265,POINT (-93.71476297 41.582369987),,POLK,1011400,TENNESSEE WHISKIES,085,BROWN FORMAN CORP.,74804,JACK DANIELS TENNESSEE APPLE MINI,12,50,11.50,17.25,5,86.25,0.25,0.06
INV-65779000017,2023-12-29T00:00:00.000,010214,EASYGO LIQUOR / WEST DES MOINES,900 GRAND AVENUE,WEST DES MOINES,50265,POINT (-93.71476297 41.582369987),,POLK,1081300,AMERICAN CORDIALS & LIQUEURS,772,INTERCONTINENTAL PACKAGING COMPANY/PRESTIGE BEVERAGE GROUP,75208,KINKY PINK MINI,6,50,4.84,7.26,6,43.56,0.30,0.07
INV-65779000018,2023-12-29T00:00:00.000,010214,EASYGO LIQUOR / WEST DES MOINES,900 GRAND AVENUE,WEST DES MOINES,50265,POINT (-93.71476297 41.582369987),,POLK,1081300,AMERICAN CORDIALS & LIQUEURS,772,INTERCONTINENTAL PACKAGING COMPANY/PRESTIGE BEVERAGE GROUP,75218,KINKY GREEN MINI,6,50,4.84,7.26,6,43.56,0.30,0.07
INV-65779000019,2023-12-29T00:00:00.000,010214,EASYGO LIQUOR / WEST DES MOINES,900 GRAND AVENUE,WEST DES MOINES,50265,POINT (-93.71476297 41.582369987),,POLK,1081300,AMERICAN CORDIALS & LIQUEURS,772,INTERCONTINENTAL PACKAGING COMPANY/PRESTIGE BEVERAGE GROUP,75224,KINKY RED MINI,6,50,4.84,7.26,6,43.56,0.30,0.07
INV-65779000020,2023-12-29T00:00:00.000,010214,EASYGO LIQUOR / WEST DES MOINES,900 GRAND AVENUE,WEST DES MOINES,50265,POINT (-93.71476297 41.582369987),,POLK,1091300,NEUTRAL GRAIN SPIRITS FLAVORED,346,OLE SMOKY DISTILLERY LLC,76407,OLE SMOKY SOUR APPLE MOONSHINE,6,750,13.00,19.50,2,39.00,1.50,0.39
INV-65779000021,2023-12-29T00:00:00.000,010214,EASYGO LIQUOR / WEST DES MOINES,900 GRAND AVENUE,WEST DES MOINES,50265,POINT (-93.71476297 41.582369987),,POLK,1091300,NEUTRAL GRAIN SPIRITS FLAVORED,346,OLE SMOKY DISTILLERY LLC,76412,OLE SMOKY BUTTER PECAN MOONSHINE MINI,8,50,8.75,13.13,2,26.26,0.10,0.02
INV-65779000022,2023-12-29T00:00:00.000,010214,EASYGO LIQUOR / WEST DES MOINES,900 GRAND AVENUE,WEST DES MOINES,50265,POINT (-93.71476297 41.582369987),,POLK,1091300,NEUTRAL GRAIN SPIRITS FLAVORED,346,OLE SMOKY DISTILLERY LLC,80363,OLE SMOKY BANANA PUDDING CREAM MOONSHINE,6,750,13.00,19.50,6,117.00,4.50,1.18
INV-65779000023,2023-12-29T00:00:00.000,010214,EASYGO LIQUOR / WEST DES MOINES,900 GRAND AVENUE,WEST DES MOINES,50265,POINT (-93.71476297 41.582369987),,POLK,1091300,NEUTRAL GRAIN SPIRITS FLAVORED,346,OLE SMOKY DISTILLERY LLC,80365,OLE SMOKY WHITE CHOCOLATE STRAWBERRY CREAM,6,750,13.00,19.50,6,117.00,4.50,1.18
INV-65779000024,2023-12-29T00:00:00.000,010214,EASYGO LIQUOR / WEST DES MOINES,900 GRAND AVENUE,WEST DES MOINES,50265,POINT (-93.71476297 41.582369987),,POLK,1091300,NEUTRAL GRAIN SPIRITS FLAVORED,346,OLE SMOKY DISTILLERY LLC,80398,OLE SMOKY WHITE CHOCOLATE STRAWBERRY MOONSHINE MINI,8,50,8.75,13.13,2,26.26,0.10,0.02
INV-65779000025,2023-12-29T00:00:00.000,010214,EASYGO LIQUOR / WEST DES MOINES,900 GRAND AVENUE,WEST DES MOINES,50265,POINT (-93.71476297 41.582369987),,POLK,1011400,TENNESSEE WHISKIES,085,BROWN FORMAN CORP.,86668,JACK DANIELS TENNESSEE HONEY MINI,12,50,11.50,17.25,5,86.25,0.25,0.06
INV-65779000026,2023-12-29T00:00:00.000,010214,EASYGO LIQUOR / WEST DES MOINES,900 GRAND AVENUE,WEST DES MOINES,50265,POINT (-93.71476297 41.582369987),,POLK,1011400,TENNESSEE WHISKIES,085,BROWN FORMAN CORP.,86691,JACK DANIELS TENNESSEE FIRE MINI,12,50,11.50,17.25,5,86.25,0.25,0.06
INV-65779000027,2023-12-29T00:00:00.000,010214,EASYGO LIQUOR / WEST DES MOINES,900 GRAND AVENUE,WEST DES MOINES,50265,POINT (-93.71476297 41.582369987),,POLK,1091300,NEUTRAL GRAIN SPIRITS FLAVORED,346,OLE SMOKY DISTILLERY LLC,86739,OLE SMOKY APPLE PIE MOONSHINE 70PRF MINI,8,50,8.75,13.13,2,26.26,0.10,0.02
INV-65779000028,2023-12-29T00:00:00.000,010214,EASYGO LIQUOR / WEST DES MOINES,900 GRAND AVENUE,WEST DES MOINES,50265,POINT (-93.71476297 41.582369987),,POLK,1091300,NEUTRAL GRAIN SPIRITS FLAVORED,346,OLE SMOKY DISTILLERY LLC,86828,OLE SMOKY HUNCH PUNCH MOONSHINE MINI,8,50,8.75,13.13,2,26.26,0.10,0.02
INV-65779000029,2023-12-29T00:00:00.000,010214,EASYGO LIQUOR / WEST DES MOINES,900 GRAND AVENUE,WEST DES MOINES,50265,POINT (-93.71476297 41.582369987),,POLK,1022200,100% AGAVE TEQUILA,395,PROXIMO,87401,JOSE CUERVO ESPECIAL SILVER MINI,12,50,12.33,18.50,12,222.00,0.60,0.15
INV-65779000030,2023-12-29T00:00:00.000,010214,EASYGO LIQUOR / WEST DES MOINES,900 GRAND AVENUE,WEST DES MOINES,50265,POINT (-93.71476297 41.582369987),,POLK,1022100,MIXTO TEQUILA,395,PROXIMO,89191,JOSE CUERVO ESPECIAL REPOSADO MINI,12,50,12.33,18.50,12,222.00,0.60,0.15
INV-65779000031,2023-12-29T00:00:00.000,010214,EASYGO LIQUOR / WEST DES MOINES,900 GRAND AVENUE,WEST DES MOINES,50265,POINT (-93.71476297 41.582369987),,POLK,1011200,STRAIGHT BOURBON WHISKIES,259,HEAVEN HILL BRANDS,903771,SOOH FIGHTING COCK BOURBON,12,750,9.50,14.25,2,28.50,1.50,0.39
INV-65779000032,2023-12-29T00:00:00.000,010214,EASYGO LIQUOR / WEST DES MOINES,900 GRAND AVENUE,WEST DES MOINES,50265,POINT (-93.71476297 41.582369987),,POLK,1011500,BOTTLED IN BOND BOURBON,619,CAMPARI AMERICA,922075,SOOH WILDERNESS TRAIL BIB SMALL BATCH-HIGH RYE BOURBON,6,750,33.60,50.40,2,100.80,1.50,0.39
INV-65779100001,2023-12-29T00:00:00.000,010214,EASYGO LIQUOR / WEST DES MOINES,900 GRAND AVENUE,WEST DES MOINES,50265,POINT (-93.71476297 41.582369987),,POLK,1052100,IMPORTED BRANDIES,420,MOET HENNESSY USA,48105,HENNESSY VS,12,375,11.49,17.24,36,620.64,13.50,3.56
INV-65779100002,2023-12-29T00:00:00.000,010214,EASYGO LIQUOR / WEST DES MOINES,900 GRAND AVENUE,WEST DES MOINES,50265,POINT (-93.71476297 41.582369987),,POLK,1052100,IMPORTED BRANDIES,420,MOET HENNESSY USA,48106,HENNESSY VS,12,750,19.99,29.99,12,359.88,9.00,2.37
INV-65779200001,2023-12-29T00:00:00.000,010029,ROYAL MART / DES MOINES,111 SOUTHWEST 63RD STREET,DES MOINES,50312,POINT (-93.702869971 41.578782993),,POLK,1701100,TEMPORARY & SPECIALTY PACKAGES,421,SAZERAC COMPANY  INC,102096,FIREBALL WINTER BAG,8,50,6.45,9.68,16,154.88,0.80,0.21
INV-65779200002,2023-12-29T00:00:00.000,010029,ROYAL MART / DES MOINES,111 SOUTHWEST 63RD STREET,DES MOINES,50312,POINT (-93.702869971 41.578782993),,POLK,1012100,CANADIAN WHISKIES,260,DIAGEO AMERICAS,10826,CROWN ROYAL XO,12,750,24.99,37.49,2,74.98,1.50,0.39
INV-65779200003,2023-12-29T00:00:00.000,010029,ROYAL MART / DES MOINES,111 SOUTHWEST 63RD STREET,DES MOINES,50312,POINT (-93.702869971 41.578782993),,POLK,1012100,CANADIAN WHISKIES,259,HEAVEN HILL BRANDS,11776,BLACK VELVET,12,750,5.50,8.25,12,99.00,9.00,2.37
INV-65779200004,2023-12-29T00:00:00.000,010029,ROYAL MART / DES MOINES,111 SOUTHWEST 63RD STREET,DES MOINES,50312,POINT (-93.702869971 41.578782993),,POLK,1011500,BOTTLED IN BOND BOURBON,300,MCCORMICK DISTILLING CO.,16254,BEN HOLLADAY 6YR MO BOURBON,6,750,30.00,45.00,3,135.00,2.25,0.59
INV-65779200005,2023-12-29T00:00:00.000,010029,ROYAL MART / DES MOINES,111 SOUTHWEST 63RD STREET,DES MOINES,50312,POINT (-93.702869971 41.578782993),,POLK,1011200,STRAIGHT BOURBON WHISKIES,035,BACARDI USA INC,16562,ANGELS ENVY BOURBON PORT FINISHED,6,750,25.99,38.99,6,233.94,4.50,1.18
INV-65779200006,2023-12-29T00:00:00.000,010029,ROYAL MART / DES MOINES,111 SOUTHWEST 63RD STREET,DES MOINES,50312,POINT (-93.702869971 41.578782993),,POLK,1011400,TENNESSEE WHISKIES,085,BROWN FORMAN CORP.,26824,JACK DANIELS OLD #7 BLACK LABEL SQUARE,24,375,8.25,12.38,24,297.12,9.00,2.37
INV-65779200007,2023-12-29T00:00:00.000,010029,ROYAL MART / DES MOINES,111 SOUTHWEST 63RD STREET,DES MOINES,50312,POINT (-93.702869971 41.578782993),,POLK,1011600,STRAIGHT RYE WHISKIES,214,GOAMERICAGO BEVERAGES LLC / WHISTLEPIG,27145,WHISTLEPIG OLD WORLD 12YR,6,750,75.00,112.50,1,112.50,0.75,0.19
INV-65779200008,2023-12-29T00:00:00.000,010029,ROYAL MART / DES MOINES,111 SOUTHWEST 63RD STREET,DES MOINES,50312,POINT (-93.702869971 41.578782993),,POLK,1032100,IMPORTED VODKAS,370,PERNOD RICARD USA,34004,ABSOLUT SWEDISH VODKA 80PRF,24,375,4.99,7.49,24,179.76,9.00,2.37
INV-65779200009,2023-12-29T00:00:00.000,010029,ROYAL MART / DES MOINES,111 SOUTHWEST 63RD STREET,DES MOINES,50312,POINT (-93.702869971 41.578782993),,POLK,1031100,AMERICAN VODKAS,115,CONSTELLATION BRANDS INC,34821,SVEDKA 80PRF,6,1750,13.40,20.10,2,40.20,3.50,0.92
INV-65779200010,2023-12-29T00:00:00.000,010029,ROYAL MART / DES MOINES,111 SOUTHWEST 63RD STREET,DES MOINES,50312,POINT (-93.702869971 41.578782993),,POLK,1031100,AMERICAN VODKAS,434,LUXCO INC,36308,HAWKEYE VODKA,6,1750,7.50,11.25,6,67.50,10.50,2.77
INV-65779200011,2023-12-29T00:00:00.000,010029,ROYAL MART / DES MOINES,111 SOUTHWEST 63RD STREET,DES MOINES,50312,POINT (-93.702869971 41.578782993),,POLK,1031100,AMERICAN VODKAS,300,MCCORMICK DISTILLING CO.,36904,MCCORMICK 80PRF VODKA PET,24,375,1.84,2.76,24,66.24,9.00,2.37
INV-65779200012,2023-12-29T00:00:00.000,010029,ROYAL MART / DES MOINES,111 SOUTHWEST 63RD STREET,DES MOINES,50312,POINT (-93.702869971 41.578782993),,POLK,1031100,AMERICAN VODKAS,777,"BLUE OX SPIRITS, INC.",36985,BLUE OX VODKA,24,375,2.00,3.00,24,81.12,9.00,2.37
INV-65779200013,2023-12-29T00:00:00.000,010029,ROYAL MART / DES MOINES,111 SOUTHWEST 63RD STREET,DES MOINES,50312,POINT (-93.702869971 41.578782993),,POLK,1031100,AMERICAN VODKAS,421,SAZERAC COMPANY  INC,38086,PLATINUM 7X VODKA PET,12,750,5.00,7.50,12,90.00,9.00,2.37
INV-65779200014,2023-12-29T00:00:00.000,010029,ROYAL MART / DES MOINES,111 SOUTHWEST 63RD STREET,DES MOINES,50312,POINT (-93.702869971 41.578782993),,POLK,1031100,AMERICAN VODKAS,301,FIFTH GENERATION INC,38174,TITOS HANDMADE VODKA,12,375,5.42,8.13,36,292.68,13.50,3.56
INV-65779200015,2023-12-29T00:00:00.000,010029,ROYAL MART / DES MOINES,111 SOUTHWEST 63RD STREET,DES MOINES,50312,POINT (-93.702869971 41.578782993),,POLK,1031200,AMERICAN FLAVORED VODKA,205,E & J GALLO WINERY,39422,NEW AMSTERDAM PINK WHITNEY MINI,12,50,4.61,6.92,12,83.04,0.60,0.15
INV-65779200016,2023-12-29T00:00:00.000,010029,ROYAL MART / DES MOINES,111 SOUTHWEST 63RD STREET,DES MOINES,50312,POINT (-93.702869971 41.578782993),,POLK,1701100,TEMPORARY & SPECIALTY PACKAGES,065,JIM BEAM BRANDS,4043,HORNITOS PLATA W/SHOT GLASSES,6,750,15.00,22.50,6,135.00,4.50,1.18
INV-65779200017,2023-12-29T00:00:00.000,010029,ROYAL MART / DES MOINES,111 SOUTHWEST 63RD STREET,DES MOINES,50312,POINT (-93.702869971 41.578782993),,POLK,1031200,AMERICAN FLAVORED VODKA,205,E & J GALLO WINERY,40593,NEW AMSTERDAM PEACH,24,375,4.00,6.00,24,144.00,9.00,2.37
INV-65779200018,2023-12-29T00:00:00.000,010029,ROYAL MART / DES MOINES,111 SOUTHWEST 63RD STREET,DES MOINES,50312,POINT (-93.702869971 41.578782993),,POLK,1052100,IMPORTED BRANDIES,420,MOET HENNESSY USA,48105,HENNESSY VS,12,375,11.49,17.24,24,413.76,9.00,2.37
INV-65779200019,2023-12-29T00:00:00.000,010029,ROYAL MART / DES MOINES,111 SOUTHWEST 63RD STREET,DES MOINES,50312,POINT (-93.702869971 41.578782993),,POLK,1052100,IMPORTED BRANDIES,420,MOET HENNESSY USA,48106,HENNESSY VS,12,750,19.99,29.99,12,359.88,9.00,2.37
INV-65779200020,2023-12-29T00:00:00.000,010029,ROYAL MART / DES MOINES,111 SOUTHWEST 63RD STREET,DES MOINES,50312,POINT (-93.702869971 41.578782993),,POLK,1082100,IMPORTED CORDIALS & LIQUEURS,619,CAMPARI AMERICA,64147,APEROL,6,750,15.00,22.50,2,45.00,1.50,0.39
INV-65779200021,2023-12-29T00:00:00.000,010029,ROYAL MART / DES MOINES,111 SOUTHWEST 63RD STREET,DES MOINES,50312,POINT (-93.702869971 41.578782993),,POLK,1081600,WHISKEY LIQUEUR,421,SAZERAC COMPANY  INC,64870,FIREBALL CINNAMON WHISKEY,48,100,1.00,1.50,48,72.00,4.80,1.26
INV-65779200022,2023-12-29T00:00:00.000,010029,ROYAL MART / DES MOINES,111 SOUTHWEST 63RD STREET,DES MOINES,50312,POINT (-93.702869971 41.578782993),,POLK,1082100,IMPORTED CORDIALS & LIQUEURS,259,HEAVEN HILL BRANDS,65195,HPNOTIQ,6,750,12.00,18.00,6,108.00,4.50,1.18
INV-65779200023,2023-12-29T00:00:00.000,010029,ROYAL MART / DES MOINES,111 SOUTHWEST 63RD STREET,DES MOINES,50312,POINT (-93.702869971 41.578782993),,POLK,1081100,COFFEE LIQUEURS,370,PERNOD RICARD USA,67524,KAHLUA COFFEE,24,375,8.99,13.49,5,67.45,1.87,0.49
INV-65779200024,2023-12-29T00:00:00.000,010029,ROYAL MART / DES MOINES,111 SOUTHWEST 63RD STREET,DES MOINES,50312,POINT (-93.702869971 41.578782993),,POLK,1081100,COFFEE LIQUEURS,370,PERNOD RICARD USA,67526,KAHLUA COFFEE,12,750,14.99,22.49,3,67.47,2.25,0.59
INV-65779200025,2023-12-29T00:00:00.000,010029,ROYAL MART / DES MOINES,111 SOUTHWEST 63RD STREET,DES MOINES,50312,POINT (-93.702869971 41.578782993),,POLK,1081300,AMERICAN CORDIALS & LIQUEURS,421,SAZERAC COMPANY  INC,71886,AMARETTO E DOLCE,12,750,3.34,5.01,3,15.03,2.25,0.59
INV-65779200026,2023-12-29T00:00:00.000,010029,ROYAL MART / DES MOINES,111 SOUTHWEST 63RD STREET,DES MOINES,50312,POINT (-93.702869971 41.578782993),,POLK,1011400,TENNESSEE WHISKIES,085,BROWN FORMAN CORP.,74801,JACK DANIELS TENNESSEE APPLE,12,750,15.91,23.87,3,71.61,2.25,0.59
INV-65779200027,2023-12-29T00:00:00.000,010029,ROYAL MART / DES MOINES,111 SOUTHWEST 63RD STREET,DES MOINES,50312,POINT (-93.702869971 41.578782993),,POLK,1091300,NEUTRAL GRAIN SPIRITS FLAVORED,384,PIEDMONT DISTILLERS INC,76069,MIDNIGHT MOON APPLE PIE MINI,4,50,17.16,25.74,4,102.96,0.20,0.05
INV-65779200028,2023-12-29T00:00:00.000,010029,ROYAL MART / DES MOINES,111 SOUTHWEST 63RD STREET,DES MOINES,50312,POINT (-93.702869971 41.578782993),,POLK,1091300,NEUTRAL GRAIN SPIRITS FLAVORED,346,OLE SMOKY DISTILLERY LLC,80363,OLE SMOKY BANANA PUDDING CREAM MOONSHINE,6,750,13.00,19.50,6,117.00,4.50,1.18
INV-65779200029,2023-12-29T00:00:00.000,010029,ROYAL MART / DES MOINES,111 SOUTHWEST 63RD STREET,DES MOINES,50312,POINT (-93.702869971 41.578782993),,POLK,1081300,AMERICAN CORDIALS & LIQUEURS,421,SAZERAC COMPANY  INC,84223,99 BRAND FRUIT PUNCH PET MINI,1,50,51.60,77.40,1,77.40,0.05,0.01
INV-65779200030,2023-12-29T00:00:00.000,010029,ROYAL MART / DES MOINES,111 SOUTHWEST 63RD STREET,DES MOINES,50312,POINT (-93.702869971 41.578782993),,POLK,1022200,100% AGAVE TEQUILA,395,PROXIMO,86078,JOSE CUERVO ESPECIAL SILVER MINI,12,50,12.33,18.50,2,37.00,0.10,0.02
INV-65779200031,2023-12-29T00:00:00.000,010029,ROYAL MART / DES MOINES,111 SOUTHWEST 63RD STREET,DES MOINES,50312,POINT (-93.702869971 41.578782993),,POLK,1022100,MIXTO TEQUILA,395,PROXIMO,87403,JOSE CUERVO ESPECIAL SILVER,24,375,6.53,9.80,24,235.20,9.00,2.37
INV-65779200032,2023-12-29T00:00:00.000,010029,ROYAL MART / DES MOINES,111 SOUTHWEST 63RD STREET,DES MOINES,50312,POINT (-93.702869971 41.578782993),,POLK,1022100,MIXTO TEQUILA,395,PROXIMO,87408,JOSE CUERVO ESPECIAL SILVER,12,750,12.00,18.00,12,216.00,9.00,2.37
INV-65779200033,2023-12-29T00:00:00.000,010029,ROYAL MART / DES MOINES,111 SOUTHWEST 63RD STREET,DES MOINES,50312,POINT (-93.702869971 41.578782993),,POLK,1022200,100% AGAVE TEQUILA,260,DIAGEO AMERICAS,87484,DON JULIO BLANCO,12,375,14.99,22.49,12,269.88,4.50,1.18
INV-65779200034,2023-12-29T00:00:00.000,010029,ROYAL MART / DES MOINES,111 SOUTHWEST 63RD STREET,DES MOINES,50312,POINT (-93.702869971 41.578782993),,POLK,1022200,100% AGAVE TEQUILA,260,DIAGEO AMERICAS,87485,DON JULIO BLANCO,6,750,30.99,46.49,6,278.94,4.50,1.18
INV-65779200035,2023-12-29T00:00:00.000,010029,ROYAL MART / DES MOINES,111 SOUTHWEST 63RD STREET,DES MOINES,50312,POINT (-93.702869971 41.578782993),,POLK,1022200,100% AGAVE TEQUILA,395,PROXIMO,87509,1800 SILVER,12,375,9.25,13.88,12,166.56,4.50,1.18
INV-65779200036,2023-12-29T00:00:00.000,010029,ROYAL MART / DES MOINES,111 SOUTHWEST 63RD STREET,DES MOINES,50312,POINT (-93.702869971 41.578782993),,POLK,1022200,100% AGAVE TEQUILA,395,PROXIMO,87510,1800 SILVER,12,750,16.50,24.75,12,297.00,9.00,2.37
INV-65779200037,2023-12-29T00:00:00.000,010029,ROYAL MART / DES MOINES,111 SOUTHWEST 63RD STREET,DES MOINES,50312,POINT (-93.702869971 41.578782993),,POLK,1022200,100% AGAVE TEQUILA,395,PROXIMO,87725,GRAN CORAMINO REPOSADO CRISTALINO,6,750,25.00,37.50,1,37.50,0.75,0.19
INV-65779200038,2023-12-29T00:00:00.000,010029,ROYAL MART / DES MOINES,111 SOUTHWEST 63RD STREET,DES MOINES,50312,POINT (-93.702869971 41.578782993),,POLK,1022200,100% AGAVE TEQUILA,192,"MAST-JAGERMEISTER US, INC",88371,TEREMANA BLANCO TEQUILA,6,750,15.91,23.87,6,143.22,4.50,1.18
INV-65779200039,2023-12-29T00:00:00.000,010029,ROYAL MART / DES MOINES,111 SOUTHWEST 63RD STREET,DES MOINES,50312,POINT (-93.702869971 41.578782993),,POLK,1022200,100% AGAVE TEQUILA,035,BACARDI USA INC,89121,CAZADORES REPOSADO,12,750,14.50,21.75,4,87.00,3.00,0.79
INV-65779200040,2023-12-29T00:00:00.000,010029,ROYAL MART / DES MOINES,111 SOUTHWEST 63RD STREET,DES MOINES,50312,POINT (-93.702869971 41.578782993),,POLK,1022200,100% AGAVE TEQUILA,260,DIAGEO AMERICAS,89154,DON JULIO REPOSADO,6,750,33.49,50.24,6,301.44,4.50,1.18
INV-65779200041,2023-12-29T00:00:00.000,010029,ROYAL MART / DES MOINES,111 SOUTHWEST 63RD STREET,DES MOINES,50312,POINT (-93.702869971 41.578782993),,POLK,1022200,100% AGAVE TEQUILA,260,DIAGEO AMERICAS,89177,CASAMIGOS REPOSADO,6,750,29.99,44.99,6,269.94,4.50,1.18
INV-65779200042,2023-12-29T00:00:00.000,010029,ROYAL MART / DES MOINES,111 SOUTHWEST 63RD STREET,DES MOINES,50312,POINT (-93.702869971 41.578782993),,POLK,1022200,100% AGAVE TEQUILA,395,PROXIMO,903089,SOOH GRAN CENTENARIO ANEJO,6,750,32.00,48.00,1,48.00,0.75,0.19
INV-65779200043,2023-12-29T00:00:00.000,010029,ROYAL MART / DES MOINES,111 SOUTHWEST 63RD STREET,DES MOINES,50312,POINT (-93.702869971 41.578782993),,POLK,1022200,100% AGAVE TEQUILA,395,PROXIMO,903385,SOOH GRAN CENTENARIO REPOSADO,12,750,28.50,42.75,3,128.25,2.25,0.59
INV-65779300001,2023-12-29T00:00:00.000,4382,KUM & GO #8 / 8TH ST / WDM,1293 8TH ST.,WEST DES MOINES,50265,POINT (-93.712344958 41.59075298),,POLK,1012100,CANADIAN WHISKIES,260,DIAGEO AMERICAS,10803,CROWN ROYAL REGAL APPLE MINI,10,50,9.95,14.93,3,44.79,0.15,0.03
INV-65779300002,2023-12-29T00:00:00.000,4382,KUM & GO #8 / 8TH ST / WDM,1293 8TH ST.,WEST DES MOINES,50265,POINT (-93.712344958 41.59075298),,POLK,1012100,CANADIAN WHISKIES,260,DIAGEO AMERICAS,10805,CROWN ROYAL REGAL APPLE,24,375,8.49,12.74,6,76.44,2.25,0.59
INV-65779300003,2023-12-29T00:00:00.000,4382,KUM & GO #8 / 8TH ST / WDM,1293 8TH ST.,WEST DES MOINES,50265,POINT (-93.712344958 41.59075298),,POLK,1012100,CANADIAN WHISKIES,260,DIAGEO AMERICAS,11290,CROWN ROYAL MINI,10,50,9.95,14.93,2,29.86,0.10,0.02
INV-65779300004,2023-12-29T00:00:00.000,4382,KUM & GO #8 / 8TH ST / WDM,1293 8TH ST.,WEST DES MOINES,50265,POINT (-93.712344958 41.59075298),,POLK,1012100,CANADIAN WHISKIES,260,DIAGEO AMERICAS,11294,CROWN ROYAL,24,375,8.49,12.74,6,76.44,2.25,0.59
INV-65779300005,2023-12-29T00:00:00.000,4382,KUM & GO #8 / 8TH ST / WDM,1293 8TH ST.,WEST DES MOINES,50265,POINT (-93.712344958 41.59075298),,POLK,1012100,CANADIAN WHISKIES,259,HEAVEN HILL BRANDS,11771,BLACK VELVET MINI,8,50,8.87,13.31,1,13.31,0.05,0.01
INV-65779300006,2023-12-29T00:00:00.000,4382,KUM & GO #8 / 8TH ST / WDM,1293 8TH ST.,WEST DES MOINES,50265,POINT (-93.712344958 41.59075298),,POLK,1012100,CANADIAN WHISKIES,259,HEAVEN HILL BRANDS,11776,BLACK VELVET,12,750,5.50,8.25,12,99.00,9.00,2.37
INV-65779300007,2023-12-29T00:00:00.000,4382,KUM & GO #8 / 8TH ST / WDM,1293 8TH ST.,WEST DES MOINES,50265,POINT (-93.712344958 41.59075298),,POLK,1012100,CANADIAN WHISKIES,259,HEAVEN HILL BRANDS,11788,BLACK VELVET,6,1750,11.00,16.50,6,99.00,10.50,2.77
INV-65779300008,2023-12-29T00:00:00.000,4382,KUM & GO #8 / 8TH ST / WDM,1293 8TH ST.,WEST DES MOINES,50265,POINT (-93.712344958 41.59075298),,POLK,1011400,TENNESSEE WHISKIES,085,BROWN FORMAN CORP.,26821,JACK DANIELS OLD #7 BLACK LABEL MINI,12,50,11.50,17.25,2,34.50,0.10,0.02
INV-65779300009,2023-12-29T00:00:00.000,4382,KUM & GO #8 / 8TH ST / WDM,1293 8TH ST.,WEST DES MOINES,50265,POINT (-93.712344958 41.59075298),,POLK,1011200,STRAIGHT BOURBON WHISKIES,065,JIM BEAM BRANDS,27780,JIM BEAM APPLE MINI,12,50,7.00,10.50,2,21.00,0.10,0.02
INV-65779300010,2023-12-29T00:00:00.000,4382,KUM & GO #8 / 8TH ST / WDM,1293 8TH ST.,WEST DES MOINES,50265,POINT (-93.712344958 41.59075298),,POLK,1011200,STRAIGHT BOURBON WHISKIES,065,JIM BEAM BRANDS,28275,JIM BEAM PEACH MINI,12,50,7.00,10.50,2,21.00,0.10,0.02
INV-65779300011,2023-12-29T00:00:00.000,4382,KUM & GO #8 / 8TH ST / WDM,1293 8TH ST.,WEST DES MOINES,50265,POINT (-93.712344958 41.59075298),,POLK,1031100,AMERICAN VODKAS,434,LUXCO INC,36301,HAWKEYE VODKA MINI,12,50,4.50,6.75,4,27.00,0.20,0.05
INV-65779300012,2023-12-29T00:00:00.000,4382,KUM & GO #8 / 8TH ST / WDM,1293 8TH ST.,WEST DES MOINES,50265,POINT (-93.712344958 41.59075298),,POLK,1031100,AMERICAN VODKAS,434,LUXCO INC,36304,HAWKEYE VODKA,24,375,2.00,3.00,24,72.00,9.00,2.37
INV-65779300013,2023-12-29T00:00:00.000,4382,KUM & GO #8 / 8TH ST / WDM,1293 8TH ST.,WEST DES MOINES,50265,POINT (-93.712344958 41.59075298),,POLK,1031100,AMERICAN VODKAS,434,LUXCO INC,36306,HAWKEYE VODKA,12,750,3.50,5.25,24,126.00,18.00,4.75
INV-65779300014,2023-12-29T00:00:00.000,4382,KUM & GO #8 / 8TH ST / WDM,1293 8TH ST.,WEST DES MOINES,50265,POINT (-93.712344958 41.59075298),,POLK,1031100,AMERICAN VODKAS,777,"BLUE OX SPIRITS, INC.",36875,BLUE OX VODKA,6,1750,7.63,11.45,6,68.70,10.50,2.77
INV-65779300015,2023-12-29T00:00:00.000,4382,KUM & GO #8 / 8TH ST / WDM,1293 8TH ST.,WEST DES MOINES,50265,POINT (-93.712344958 41.59075298),,POLK,1031100,AMERICAN VODKAS,260,DIAGEO AMERICAS,37996,SMIRNOFF 80PRF,12,750,8.25,12.38,6,74.28,4.50,1.18
INV-65779300016,2023-12-29T00:00:00.000,4382,KUM & GO #8 / 8TH ST / WDM,1293 8TH ST.,WEST DES MOINES,50265,POINT (-93.712344958 41.59075298),,POLK,1031100,AMERICAN VODKAS,301,FIFTH GENERATION INC,38194,TITOS HANDMADE VODKA MINI,5,50,12.80,19.20,2,38.40,0.10,0.02
INV-65779300017,2023-12-29T00:00:00.000,4382,KUM & GO #8 / 8TH ST / WDM,1293 8TH ST.,WEST DES MOINES,50265,POINT (-93.712344958 41.59075298),,POLK,1031200,AMERICAN FLAVORED VODKA,065,JIM BEAM BRANDS,38575,TRULY STRAWBERRY LEMONADE MINI,12,50,4.30,6.45,2,12.90,0.10,0.02
INV-65779300018,2023-12-29T00:00:00.000,4382,KUM & GO #8 / 8TH ST / WDM,1293 8TH ST.,WEST DES MOINES,50265,POINT (-93.712344958 41.59075298),,POLK,1031200,AMERICAN FLAVORED VODKA,205,E & J GALLO WINERY,40593,NEW AMSTERDAM PEACH,24,375,4.00,6.00,6,36.00,2.25,0.59
INV-65779300019,2023-12-29T00:00:00.000,4382,KUM & GO #8 / 8TH ST / WDM,1293 8TH ST.,WEST DES MOINES,50265,POINT (-93.712344958 41.59075298),,POLK,1062200,WHITE RUM,035,BACARDI USA INC,43121,BACARDI SUPERIOR MINI,12,50,5.54,8.31,4,33.24,0.20,0.05
INV-65779300020,2023-12-29T00:00:00.000,4382,KUM & GO #8 / 8TH ST / WDM,1293 8TH ST.,WEST DES MOINES,50265,POINT (-93.712344958 41.59075298),,POLK,1062400,SPICED RUM,260,DIAGEO AMERICAS,43331,CAPTAIN MORGAN ORIGINAL SPICED MINI,12,50,4.80,7.20,2,14.40,0.10,0.02
INV-65779300021,2023-12-29T00:00:00.000,4382,KUM & GO #8 / 8TH ST / WDM,1293 8TH ST.,WEST DES MOINES,50265,POINT (-93.712344958 41.59075298),,POLK,1052100,IMPORTED BRANDIES,420,MOET HENNESSY USA,48105,HENNESSY VS,12,375,11.49,17.24,12,206.88,4.50,1.18
INV-65779300022,2023-12-29T00:00:00.000,4382,KUM & GO #8 / 8TH ST / WDM,1293 8TH ST.,WEST DES MOINES,50265,POINT (-93.712344958 41.59075298),,POLK,1051100,AMERICAN BRANDIES,205,E & J GALLO WINERY,52596,E & J VS,12,750,6.50,9.75,4,39.00,3.00,0.79
INV-65779300023,2023-12-29T00:00:00.000,4382,KUM & GO #8 / 8TH ST / WDM,1293 8TH ST.,WEST DES MOINES,50265,POINT (-93.712344958 41.59075298),,POLK,1081600,WHISKEY LIQUEUR,421,SAZERAC COMPANY  INC,64858,FIREBALL CINNAMON WHISKEY MINI DISPENSER,1,50,25.80,38.70,3,116.10,0.15,0.03
INV-65779300024,2023-12-29T00:00:00.000,4382,KUM & GO #8 / 8TH ST / WDM,1293 8TH ST.,WEST DES MOINES,50265,POINT (-93.712344958 41.59075298),,POLK,1081600,WHISKEY LIQUEUR,421,SAZERAC COMPANY  INC,64863,FIREBALL CINNAMON WHISKEY,48,200,2.50,3.75,48,180.00,9.60,2.53
INV-65779300025,2023-12-29T00:00:00.000,4382,KUM & GO #8 / 8TH ST / WDM,1293 8TH ST.,WEST DES MOINES,50265,POINT (-93.712344958 41.59075298),,POLK,1081600,WHISKEY LIQUEUR,421,SAZERAC COMPANY  INC,64866,FIREBALL CINNAMON WHISKEY,12,750,9.00,13.50,6,81.00,4.50,1.18
INV-65779300026,2023-12-29T00:00:00.000,4382,KUM & GO #8 / 8TH ST / WDM,1293 8TH ST.,WEST DES MOINES,50265,POINT (-93.712344958 41.59075298),,POLK,1081600,WHISKEY LIQUEUR,421,SAZERAC COMPANY  INC,64870,FIREBALL CINNAMON WHISKEY,48,100,1.00,1.50,48,72.00,4.80,1.26
INV-65779300027,2023-12-29T00:00:00.000,4382,KUM & GO #8 / 8TH ST / WDM,1293 8TH ST.,WEST DES MOINES,50265,POINT (-93.712344958 41.59075298),,POLK,1081600,WHISKEY LIQUEUR,421,SAZERAC COMPANY  INC,65013,FIREBALL CINNAMON WHISKEY MINI SLEEVE,12,50,4.30,6.45,12,77.40,0.60,0.15
INV-65779300028,2023-12-29T00:00:00.000,4382,KUM & GO #8 / 8TH ST / WDM,1293 8TH ST.,WEST DES MOINES,50265,POINT (-93.712344958 41.59075298),,POLK,1011100,BLENDED WHISKIES,065,JIM BEAM BRANDS,78187,TWISTED TEA WHISKEY MINI,12,50,5.00,7.50,1,7.50,0.05,0.01
INV-65779300029,2023-12-29T00:00:00.000,4382,KUM & GO #8 / 8TH ST / WDM,1293 8TH ST.,WEST DES MOINES,50265,POINT (-93.712344958 41.59075298),,POLK,1022200,100% AGAVE TEQUILA,035,BACARDI USA INC,88294,PATRON SILVER,12,375,15.00,22.50,6,135.00,2.25,0.59
INV-65779300030,2023-12-29T00:00:00.000,4382,KUM & GO #8 / 8TH ST / WDM,1293 8TH ST.,WEST DES MOINES,50265,POINT (-93.712344958 41.59075298),,POLK,1022200,100% AGAVE TEQUILA,065,JIM BEAM BRANDS,88548,HORNITOS PLATA,12,750,15.00,22.50,5,112.50,3.75,0.99
INV-65779400001,2023-12-29T00:00:00.000,4382,KUM & GO #8 / 8TH ST / WDM,1293 8TH ST.,WEST DES MOINES,50265,POINT (-93.712344958 41.59075298),,POLK,1032100,IMPORTED VODKAS,370,PERNOD RICARD USA,34001,ABSOLUT SWEDISH VODKA 80PRF MINI,10,50,7.92,11.88,2,23.76,0.10,0.02
INV-65779500001,2023-12-29T00:00:00.000,5107,KUM & GO #4098 / WINDSOR HEIGHTS,7229 UNIVERSITY AVE,WINDSOR HEIGHTS,50311,POINT (-93.717312996 41.600730001),,POLK,1012100,CANADIAN WHISKIES,260,DIAGEO AMERICAS,10802,CROWN ROYAL PEACH,12,750,17.49,26.24,4,104.96,3.00,0.79
INV-65779500002,2023-12-29T00:00:00.000,5107,KUM & GO #4098 / WINDSOR HEIGHTS,7229 UNIVERSITY AVE,WINDSOR HEIGHTS,50311,POINT (-93.717312996 41.600730001),,POLK,1012100,CANADIAN WHISKIES,260,DIAGEO AMERICAS,10803,CROWN ROYAL REGAL APPLE MINI,10,50,9.95,14.93,2,29.86,0.10,0.02
INV-65779500003,2023-12-29T00:00:00.000,5107,KUM & GO #4098 / WINDSOR HEIGHTS,7229 UNIVERSITY AVE,WINDSOR HEIGHTS,50311,POINT (-93.717312996 41.600730001),,POLK,1012100,CANADIAN WHISKIES,259,HEAVEN HILL BRANDS,11771,BLACK VELVET MINI,8,50,8.87,13.31,1,13.31,0.05,0.01
INV-65779500004,2023-12-29T00:00:00.000,5107,KUM & GO #4098 / WINDSOR HEIGHTS,7229 UNIVERSITY AVE,WINDSOR HEIGHTS,50311,POINT (-93.717312996 41.600730001),,POLK,1012100,CANADIAN WHISKIES,259,HEAVEN HILL BRANDS,11774,BLACK VELVET,24,375,3.25,4.88,1,4.88,0.37,0.09
INV-65779500005,2023-12-29T00:00:00.000,5107,KUM & GO #4098 / WINDSOR HEIGHTS,7229 UNIVERSITY AVE,WINDSOR HEIGHTS,50311,POINT (-93.717312996 41.600730001),,POLK,1012100,CANADIAN WHISKIES,259,HEAVEN HILL BRANDS,11786,BLACK VELVET PET,12,750,5.50,8.25,2,16.50,1.50,0.39
INV-65779500006,2023-12-29T00:00:00.000,5107,KUM & GO #4098 / WINDSOR HEIGHTS,7229 UNIVERSITY AVE,WINDSOR HEIGHTS,50311,POINT (-93.717312996 41.600730001),,POLK,1062400,SPICED RUM,260,DIAGEO AMERICAS,1799,CAPTAIN MORGAN ORIGINAL SPICED BARREL,6,1750,18.99,28.49,1,28.49,1.75,0.46
INV-65779500007,2023-12-29T00:00:00.000,5107,KUM & GO #4098 / WINDSOR HEIGHTS,7229 UNIVERSITY AVE,WINDSOR HEIGHTS,50311,POINT (-93.717312996 41.600730001),,POLK,1011200,STRAIGHT BOURBON WHISKIES,830,KIRIN BEER & SPIRITS OF AMERICA INC / FOUR ROSES DISTILLERY,18348,FOUR ROSES SMALL BATCH,6,750,18.50,27.75,1,27.75,0.75,0.19
INV-65779500008,2023-12-29T00:00:00.000,5107,KUM & GO #4098 / WINDSOR HEIGHTS,7229 UNIVERSITY AVE,WINDSOR HEIGHTS,50311,POINT (-93.717312996 41.600730001),,POLK,1011200,STRAIGHT BOURBON WHISKIES,830,KIRIN BEER & SPIRITS OF AMERICA INC / FOUR ROSES DISTILLERY,18352,FOUR ROSES BOURBON,12,750,13.50,20.25,2,40.50,1.50,0.39
INV-65779500009,2023-12-29T00:00:00.000,5107,KUM & GO #4098 / WINDSOR HEIGHTS,7229 UNIVERSITY AVE,WINDSOR HEIGHTS,50311,POINT (-93.717312996 41.600730001),,POLK,1011200,STRAIGHT BOURBON WHISKIES,065,JIM BEAM BRANDS,19061,JIM BEAM MINI,12,50,7.00,10.50,4,42.00,0.20,0.05
INV-65779500010,2023-12-29T00:00:00.000,5107,KUM & GO #4098 / WINDSOR HEIGHTS,7229 UNIVERSITY AVE,WINDSOR HEIGHTS,50311,POINT (-93.717312996 41.600730001),,POLK,1011200,STRAIGHT BOURBON WHISKIES,065,JIM BEAM BRANDS,19064,JIM BEAM,24,375,5.60,8.40,5,42.00,1.87,0.49
INV-65779500011,2023-12-29T00:00:00.000,5107,KUM & GO #4098 / WINDSOR HEIGHTS,7229 UNIVERSITY AVE,WINDSOR HEIGHTS,50311,POINT (-93.717312996 41.600730001),,POLK,1011200,STRAIGHT BOURBON WHISKIES,065,JIM BEAM BRANDS,19096,JIM BEAM PET,12,750,11.00,16.50,1,16.50,0.75,0.19
INV-65779500012,2023-12-29T00:00:00.000,5107,KUM & GO #4098 / WINDSOR HEIGHTS,7229 UNIVERSITY AVE,WINDSOR HEIGHTS,50311,POINT (-93.717312996 41.600730001),,POLK,1011200,STRAIGHT BOURBON WHISKIES,065,JIM BEAM BRANDS,19476,MAKERS MARK,12,750,18.00,27.00,1,27.00,0.75,0.19
INV-65779500013,2023-12-29T00:00:00.000,5107,KUM & GO #4098 / WINDSOR HEIGHTS,7229 UNIVERSITY AVE,WINDSOR HEIGHTS,50311,POINT (-93.717312996 41.600730001),,POLK,1011200,STRAIGHT BOURBON WHISKIES,065,JIM BEAM BRANDS,19481,MAKERS MARK CASK STRENGTH,6,750,22.50,33.75,1,33.75,0.75,0.19
INV-65779500014,2023-12-29T00:00:00.000,5107,KUM & GO #4098 / WINDSOR HEIGHTS,7229 UNIVERSITY AVE,WINDSOR HEIGHTS,50311,POINT (-93.717312996 41.600730001),,POLK,1011400,TENNESSEE WHISKIES,085,BROWN FORMAN CORP.,26820,JACK DANIELS OLD #7 BLACK LABEL FLAT,24,375,8.25,12.38,2,24.76,0.75,0.19
INV-65779500015,2023-12-29T00:00:00.000,5107,KUM & GO #4098 / WINDSOR HEIGHTS,7229 UNIVERSITY AVE,WINDSOR HEIGHTS,50311,POINT (-93.717312996 41.600730001),,POLK,1011400,TENNESSEE WHISKIES,085,BROWN FORMAN CORP.,26821,JACK DANIELS OLD #7 BLACK LABEL MINI,12,50,11.50,17.25,1,17.25,0.05,0.01
INV-65779500016,2023-12-29T00:00:00.000,5107,KUM & GO #4098 / WINDSOR HEIGHTS,7229 UNIVERSITY AVE,WINDSOR HEIGHTS,50311,POINT (-93.717312996 41.600730001),,POLK,1011200,STRAIGHT BOURBON WHISKIES,065,JIM BEAM BRANDS,27780,JIM BEAM APPLE MINI,12,50,7.00,10.50,2,21.00,0.10,0.02
INV-65779500017,2023-12-29T00:00:00.000,5107,KUM & GO #4098 / WINDSOR HEIGHTS,7229 UNIVERSITY AVE,WINDSOR HEIGHTS,50311,POINT (-93.717312996 41.600730001),,POLK,1011200,STRAIGHT BOURBON WHISKIES,065,JIM BEAM BRANDS,28275,JIM BEAM PEACH MINI,12,50,7.00,10.50,12,126.00,0.60,0.15
INV-65779500018,2023-12-29T00:00:00.000,5107,KUM & GO #4098 / WINDSOR HEIGHTS,7229 UNIVERSITY AVE,WINDSOR HEIGHTS,50311,POINT (-93.717312996 41.600730001),,POLK,1032100,IMPORTED VODKAS,370,PERNOD RICARD USA,34001,ABSOLUT SWEDISH VODKA 80PRF MINI,10,50,7.92,11.88,1,11.88,0.05,0.01
INV-65779500019,2023-12-29T00:00:00.000,5107,KUM & GO #4098 / WINDSOR HEIGHTS,7229 UNIVERSITY AVE,WINDSOR HEIGHTS,50311,POINT (-93.717312996 41.600730001),,POLK,1031100,AMERICAN VODKAS,434,LUXCO INC,36301,HAWKEYE VODKA MINI,12,50,4.50,6.75,3,20.25,0.15,0.03
INV-65779500020,2023-12-29T00:00:00.000,5107,KUM & GO #4098 / WINDSOR HEIGHTS,7229 UNIVERSITY AVE,WINDSOR HEIGHTS,50311,POINT (-93.717312996 41.600730001),,POLK,1031100,AMERICAN VODKAS,434,LUXCO INC,36304,HAWKEYE VODKA,24,375,2.00,3.00,4,12.00,1.50,0.39
INV-65779500021,2023-12-29T00:00:00.000,5107,KUM & GO #4098 / WINDSOR HEIGHTS,7229 UNIVERSITY AVE,WINDSOR HEIGHTS,50311,POINT (-93.717312996 41.600730001),,POLK,1031100,AMERICAN VODKAS,300,MCCORMICK DISTILLING CO.,36904,MCCORMICK 80PRF VODKA PET,24,375,1.84,2.76,8,22.08,3.00,0.79
INV-65779500022,2023-12-29T00:00:00.000,5107,KUM & GO #4098 / WINDSOR HEIGHTS,7229 UNIVERSITY AVE,WINDSOR HEIGHTS,50311,POINT (-93.717312996 41.600730001),,POLK,1031100,AMERICAN VODKAS,205,E & J GALLO WINERY,36968,NEW AMSTERDAM 80PRF,24,375,4.00,6.00,6,36.00,2.25,0.59
INV-65779500023,2023-12-29T00:00:00.000,5107,KUM & GO #4098 / WINDSOR HEIGHTS,7229 UNIVERSITY AVE,WINDSOR HEIGHTS,50311,POINT (-93.717312996 41.600730001),,POLK,1031100,AMERICAN VODKAS,205,E & J GALLO WINERY,36971,NEW AMSTERDAM 80PRF,6,1750,14.00,21.00,2,44.26,3.50,0.92
INV-65779500024,2023-12-29T00:00:00.000,5107,KUM & GO #4098 / WINDSOR HEIGHTS,7229 UNIVERSITY AVE,WINDSOR HEIGHTS,50311,POINT (-93.717312996 41.600730001),,POLK,1031100,AMERICAN VODKAS,301,FIFTH GENERATION INC,38174,TITOS HANDMADE VODKA,12,375,5.42,8.13,2,16.26,0.75,0.19
INV-65779500025,2023-12-29T00:00:00.000,5107,KUM & GO #4098 / WINDSOR HEIGHTS,7229 UNIVERSITY AVE,WINDSOR HEIGHTS,50311,POINT (-93.717312996 41.600730001),,POLK,1031100,AMERICAN VODKAS,301,FIFTH GENERATION INC,38176,TITOS HANDMADE VODKA,12,750,10.00,15.00,1,15.00,0.75,0.19
INV-65779500026,2023-12-29T00:00:00.000,5107,KUM & GO #4098 / WINDSOR HEIGHTS,7229 UNIVERSITY AVE,WINDSOR HEIGHTS,50311,POINT (-93.717312996 41.600730001),,POLK,1031100,AMERICAN VODKAS,301,FIFTH GENERATION INC,38177,TITOS HANDMADE VODKA,12,1000,13.17,19.76,1,19.76,1.00,0.26
INV-65779500027,2023-12-29T00:00:00.000,5107,KUM & GO #4098 / WINDSOR HEIGHTS,7229 UNIVERSITY AVE,WINDSOR HEIGHTS,50311,POINT (-93.717312996 41.600730001),,POLK,1031100,AMERICAN VODKAS,301,FIFTH GENERATION INC,38178,TITOS HANDMADE VODKA,6,1750,19.00,28.50,1,28.50,1.75,0.46
INV-65779500028,2023-12-29T00:00:00.000,5107,KUM & GO #4098 / WINDSOR HEIGHTS,7229 UNIVERSITY AVE,WINDSOR HEIGHTS,50311,POINT (-93.717312996 41.600730001),,POLK,1031100,AMERICAN VODKAS,301,FIFTH GENERATION INC,38194,TITOS HANDMADE VODKA MINI,5,50,12.80,19.20,1,19.20,0.05,0.01
INV-65779500029,2023-12-29T00:00:00.000,5107,KUM & GO #4098 / WINDSOR HEIGHTS,7229 UNIVERSITY AVE,WINDSOR HEIGHTS,50311,POINT (-93.717312996 41.600730001),,POLK,1031200,AMERICAN FLAVORED VODKA,205,E & J GALLO WINERY,39492,NEW AMSTERDAM PINK WHITNEY,12,750,8.00,12.00,2,24.00,1.50,0.39
INV-65779500030,2023-12-29T00:00:00.000,5107,KUM & GO #4098 / WINDSOR HEIGHTS,7229 UNIVERSITY AVE,WINDSOR HEIGHTS,50311,POINT (-93.717312996 41.600730001),,POLK,1031200,AMERICAN FLAVORED VODKA,205,E & J GALLO WINERY,40594,NEW AMSTERDAM PEACH,12,750,8.00,12.00,2,24.00,1.50,0.39
INV-65779500031,2023-12-29T00:00:00.000,5107,KUM & GO #4098 / WINDSOR HEIGHTS,7229 UNIVERSITY AVE,WINDSOR HEIGHTS,50311,POINT (-93.717312996 41.600730001),,POLK,1062200,WHITE RUM,035,BACARDI USA INC,43121,BACARDI SUPERIOR MINI,12,50,5.54,8.31,1,8.31,0.05,0.01
INV-65779500032,2023-12-29T00:00:00.000,5107,KUM & GO #4098 / WINDSOR HEIGHTS,7229 UNIVERSITY AVE,WINDSOR HEIGHTS,50311,POINT (-93.717312996 41.600730001),,POLK,1062200,WHITE RUM,035,BACARDI USA INC,43125,BACARDI SUPERIOR PET,12,750,8.76,13.14,4,52.56,3.00,0.79
INV-65779500033,2023-12-29T00:00:00.000,5107,KUM & GO #4098 / WINDSOR HEIGHTS,7229 UNIVERSITY AVE,WINDSOR HEIGHTS,50311,POINT (-93.717312996 41.600730001),,POLK,1062400,SPICED RUM,260,DIAGEO AMERICAS,43285,CAPTAIN MORGAN ORIGINAL SPICED PET,12,750,9.49,14.24,2,28.48,1.50,0.39
INV-65779500034,2023-12-29T00:00:00.000,5107,KUM & GO #4098 / WINDSOR HEIGHTS,7229 UNIVERSITY AVE,WINDSOR HEIGHTS,50311,POINT (-93.717312996 41.600730001),,POLK,1062400,SPICED RUM,260,DIAGEO AMERICAS,43331,CAPTAIN MORGAN ORIGINAL SPICED MINI,12,50,4.80,7.20,3,21.60,0.15,0.03
INV-65779500035,2023-12-29T00:00:00.000,5107,KUM & GO #4098 / WINDSOR HEIGHTS,7229 UNIVERSITY AVE,WINDSOR HEIGHTS,50311,POINT (-93.717312996 41.600730001),,POLK,1052100,IMPORTED BRANDIES,420,MOET HENNESSY USA,48105,HENNESSY VS,12,375,11.49,17.24,2,34.48,0.75,0.19
INV-65779500036,2023-12-29T00:00:00.000,5107,KUM & GO #4098 / WINDSOR HEIGHTS,7229 UNIVERSITY AVE,WINDSOR HEIGHTS,50311,POINT (-93.717312996 41.600730001),,POLK,1052100,IMPORTED BRANDIES,420,MOET HENNESSY USA,48106,HENNESSY VS,12,750,19.99,29.99,1,29.99,0.75,0.19
INV-65779500037,2023-12-29T00:00:00.000,5107,KUM & GO #4098 / WINDSOR HEIGHTS,7229 UNIVERSITY AVE,WINDSOR HEIGHTS,50311,POINT (-93.717312996 41.600730001),,POLK,1012200,SCOTCH WHISKIES,260,DIAGEO AMERICAS,5346,JOHNNIE WALKER RED,12,750,13.50,20.25,4,81.00,3.00,0.79
INV-65779500038,2023-12-29T00:00:00.000,5107,KUM & GO #4098 / WINDSOR HEIGHTS,7229 UNIVERSITY AVE,WINDSOR HEIGHTS,50311,POINT (-93.717312996 41.600730001),,POLK,1071000,COCKTAILS/RTD,395,PROXIMO,58838,JOSE CUERVO AUTHENTIC LIME MARGARITA,6,1750,8.74,13.11,1,13.11,1.75,0.46
INV-65779500039,2023-12-29T00:00:00.000,5107,KUM & GO #4098 / WINDSOR HEIGHTS,7229 UNIVERSITY AVE,WINDSOR HEIGHTS,50311,POINT (-93.717312996 41.600730001),,POLK,1081600,WHISKEY LIQUEUR,421,SAZERAC COMPANY  INC,64858,FIREBALL CINNAMON WHISKEY MINI DISPENSER,1,50,25.80,38.70,1,38.70,0.05,0.01
INV-65779500040,2023-12-29T00:00:00.000,5107,KUM & GO #4098 / WINDSOR HEIGHTS,7229 UNIVERSITY AVE,WINDSOR HEIGHTS,50311,POINT (-93.717312996 41.600730001),,POLK,1081600,WHISKEY LIQUEUR,421,SAZERAC COMPANY  INC,64864,FIREBALL CINNAMON WHISKEY,24,375,5.33,8.00,8,64.00,3.00,0.79
INV-65779500041,2023-12-29T00:00:00.000,5107,KUM & GO #4098 / WINDSOR HEIGHTS,7229 UNIVERSITY AVE,WINDSOR HEIGHTS,50311,POINT (-93.717312996 41.600730001),,POLK,1081600,WHISKEY LIQUEUR,421,SAZERAC COMPANY  INC,64865,FIREBALL CINNAMON WHISKEY PET,12,750,9.00,13.50,1,13.50,0.75,0.19
INV-65779500042,2023-12-29T00:00:00.000,5107,KUM & GO #4098 / WINDSOR HEIGHTS,7229 UNIVERSITY AVE,WINDSOR HEIGHTS,50311,POINT (-93.717312996 41.600730001),,POLK,1081600,WHISKEY LIQUEUR,421,SAZERAC COMPANY  INC,64870,FIREBALL CINNAMON WHISKEY,48,100,1.00,1.50,48,72.00,4.80,1.26
INV-65779500043,2023-12-29T00:00:00.000,5107,KUM & GO #4098 / WINDSOR HEIGHTS,7229 UNIVERSITY AVE,WINDSOR HEIGHTS,50311,POINT (-93.717312996 41.600730001),,POLK,1081600,WHISKEY LIQUEUR,421,SAZERAC COMPANY  INC,64904,FIREBALL CINNAMON WHISKEY PET,6,1750,16.00,24.00,2,48.00,3.50,0.92
INV-65779500044,2023-12-29T00:00:00.000,5107,KUM & GO #4098 / WINDSOR HEIGHTS,7229 UNIVERSITY AVE,WINDSOR HEIGHTS,50311,POINT (-93.717312996 41.600730001),,POLK,1081600,WHISKEY LIQUEUR,421,SAZERAC COMPANY  INC,65013,FIREBALL CINNAMON WHISKEY MINI SLEEVE,12,50,4.30,6.45,6,38.70,0.30,0.07
INV-65779500045,2023-12-29T00:00:00.000,5107,KUM & GO #4098 / WINDSOR HEIGHTS,7229 UNIVERSITY AVE,WINDSOR HEIGHTS,50311,POINT (-93.717312996 41.600730001),,POLK,1011400,TENNESSEE WHISKIES,085,BROWN FORMAN CORP.,86668,JACK DANIELS TENNESSEE HONEY MINI,12,50,11.50,17.25,1,17.25,0.05,0.01
INV-65779500046,2023-12-29T00:00:00.000,5107,KUM & GO #4098 / WINDSOR HEIGHTS,7229 UNIVERSITY AVE,WINDSOR HEIGHTS,50311,POINT (-93.717312996 41.600730001),,POLK,1022100,MIXTO TEQUILA,395,PROXIMO,87408,JOSE CUERVO ESPECIAL SILVER,12,750,12.00,18.00,3,54.00,2.25,0.59
INV-65779500047,2023-12-29T00:00:00.000,5107,KUM & GO #4098 / WINDSOR HEIGHTS,7229 UNIVERSITY AVE,WINDSOR HEIGHTS,50311,POINT (-93.717312996 41.600730001),,POLK,1022200,100% AGAVE TEQUILA,192,"MAST-JAGERMEISTER US, INC",88371,TEREMANA BLANCO TEQUILA,6,750,15.91,23.87,2,47.74,1.50,0.39
INV-65779500048,2023-12-29T00:00:00.000,5107,KUM & GO #4098 / WINDSOR HEIGHTS,7229 UNIVERSITY AVE,WINDSOR HEIGHTS,50311,POINT (-93.717312996 41.600730001),,POLK,1022100,MIXTO TEQUILA,395,PROXIMO,89191,JOSE CUERVO ESPECIAL REPOSADO MINI,12,50,12.33,18.50,1,18.50,0.05,0.01
INV-65779500049,2023-12-29T00:00:00.000,5107,KUM & GO #4098 / WINDSOR HEIGHTS,7229 UNIVERSITY AVE,WINDSOR HEIGHTS,50311,POINT (-93.717312996 41.600730001),,POLK,1022100,MIXTO TEQUILA,395,PROXIMO,89196,JOSE CUERVO ESPECIAL REPOSADO,12,750,12.00,18.00,1,18.00,0.75,0.19
INV-65779600001,2023-12-29T00:00:00.000,4696,QUIK TRIP #517 / WEST DES MOINES,1451 22ND ST,WEST DES MOINES,50266,POINT (-93.735110962 41.59502402),,POLK,1011200,STRAIGHT BOURBON WHISKIES,619,CAMPARI AMERICA,22154,WILD TURKEY 101,12,375,7.00,10.50,1,10.50,0.37,0.09
INV-65779600002,2023-12-29T00:00:00.000,4696,QUIK TRIP #517 / WEST DES MOINES,1451 22ND ST,WEST DES MOINES,50266,POINT (-93.735110962 41.59502402),,POLK,1011400,TENNESSEE WHISKIES,085,BROWN FORMAN CORP.,26821,JACK DANIELS OLD #7 BLACK LABEL MINI,12,50,11.50,17.25,1,17.25,0.05,0.01
INV-65779600003,2023-12-29T00:00:00.000,4696,QUIK TRIP #517 / WEST DES MOINES,1451 22ND ST,WEST DES MOINES,50266,POINT (-93.735110962 41.59502402),,POLK,1011400,TENNESSEE WHISKIES,085,BROWN FORMAN CORP.,26823,JACK DANIELS OLD #7 BLACK LABEL,48,200,4.23,6.35,3,19.05,0.60,0.15
INV-65779600004,2023-12-29T00:00:00.000,4696,QUIK TRIP #517 / WEST DES MOINES,1451 22ND ST,WEST DES MOINES,50266,POINT (-93.735110962 41.59502402),,POLK,1011400,TENNESSEE WHISKIES,085,BROWN FORMAN CORP.,26824,JACK DANIELS OLD #7 BLACK LABEL SQUARE,24,375,8.25,12.38,3,37.14,1.12,0.29
INV-65779600005,2023-12-29T00:00:00.000,4696,QUIK TRIP #517 / WEST DES MOINES,1451 22ND ST,WEST DES MOINES,50266,POINT (-93.735110962 41.59502402),,POLK,1011100,BLENDED WHISKIES,065,JIM BEAM BRANDS,27680,JIM BEAM KENTUCKY FIRE MINI,12,50,7.00,10.50,1,10.50,0.05,0.01
INV-65779600006,2023-12-29T00:00:00.000,4696,QUIK TRIP #517 / WEST DES MOINES,1451 22ND ST,WEST DES MOINES,50266,POINT (-93.735110962 41.59502402),,POLK,1031100,AMERICAN VODKAS,421,SAZERAC COMPANY  INC,35776,BARTON VODKA MINI,10,50,3.92,5.88,1,5.88,0.05,0.01
INV-65779600007,2023-12-29T00:00:00.000,4696,QUIK TRIP #517 / WEST DES MOINES,1451 22ND ST,WEST DES MOINES,50266,POINT (-93.735110962 41.59502402),,POLK,1031100,AMERICAN VODKAS,300,MCCORMICK DISTILLING CO.,36886,MCCORMICK 80PRF VODKA,12,750,3.64,5.46,4,21.84,3.00,0.79
INV-65779600008,2023-12-29T00:00:00.000,4696,QUIK TRIP #517 / WEST DES MOINES,1451 22ND ST,WEST DES MOINES,50266,POINT (-93.735110962 41.59502402),,POLK,1031100,AMERICAN VODKAS,300,MCCORMICK DISTILLING CO.,36901,MCCORMICK 80PRF VODKA MINI,6,50,4.70,7.05,1,7.05,0.05,0.01
INV-65779600009,2023-12-29T00:00:00.000,4696,QUIK TRIP #517 / WEST DES MOINES,1451 22ND ST,WEST DES MOINES,50266,POINT (-93.735110962 41.59502402),,POLK,1031100,AMERICAN VODKAS,300,MCCORMICK DISTILLING CO.,36903,MCCORMICK 80PRF VODKA,48,200,1.19,1.79,1,1.79,0.20,0.05
INV-65779600010,2023-12-29T00:00:00.000,4696,QUIK TRIP #517 / WEST DES MOINES,1451 22ND ST,WEST DES MOINES,50266,POINT (-93.735110962 41.59502402),,POLK,1031100,AMERICAN VODKAS,260,DIAGEO AMERICAS,37994,SMIRNOFF 80PRF,24,375,4.99,7.49,2,14.98,0.75,0.19
INV-65779600011,2023-12-29T00:00:00.000,4696,QUIK TRIP #517 / WEST DES MOINES,1451 22ND ST,WEST DES MOINES,50266,POINT (-93.735110962 41.59502402),,POLK,1031100,AMERICAN VODKAS,301,FIFTH GENERATION INC,38174,TITOS HANDMADE VODKA,12,375,5.42,8.13,1,8.13,0.37,0.09
INV-65779600012,2023-12-29T00:00:00.000,4696,QUIK TRIP #517 / WEST DES MOINES,1451 22ND ST,WEST DES MOINES,50266,POINT (-93.735110962 41.59502402),,POLK,1031100,AMERICAN VODKAS,301,FIFTH GENERATION INC,38176,TITOS HANDMADE VODKA,12,750,10.00,15.00,3,45.00,2.25,0.59
INV-65779600013,2023-12-29T00:00:00.000,4696,QUIK TRIP #517 / WEST DES MOINES,1451 22ND ST,WEST DES MOINES,50266,POINT (-93.735110962 41.59502402),,POLK,1031100,AMERICAN VODKAS,301,FIFTH GENERATION INC,38179,TITOS HANDMADE VODKA,24,200,3.49,5.24,4,20.96,0.80,0.21
INV-65779600014,2023-12-29T00:00:00.000,4696,QUIK TRIP #517 / WEST DES MOINES,1451 22ND ST,WEST DES MOINES,50266,POINT (-93.735110962 41.59502402),,POLK,1062400,SPICED RUM,260,DIAGEO AMERICAS,43334,CAPTAIN MORGAN ORIGINAL SPICED,24,375,5.24,7.86,4,31.44,1.50,0.39
INV-65779600015,2023-12-29T00:00:00.000,4696,QUIK TRIP #517 / WEST DES MOINES,1451 22ND ST,WEST DES MOINES,50266,POINT (-93.735110962 41.59502402),,POLK,1052100,IMPORTED BRANDIES,420,MOET HENNESSY USA,48105,HENNESSY VS,12,375,11.49,17.24,1,17.24,0.37,0.09
INV-65779600016,2023-12-29T00:00:00.000,4696,QUIK TRIP #517 / WEST DES MOINES,1451 22ND ST,WEST DES MOINES,50266,POINT (-93.735110962 41.59502402),,POLK,1051100,AMERICAN BRANDIES,205,E & J GALLO WINERY,52593,E & J VS,24,200,2.14,3.21,1,3.21,0.20,0.05
INV-65779600017,2023-12-29T00:00:00.000,4696,QUIK TRIP #517 / WEST DES MOINES,1451 22ND ST,WEST DES MOINES,50266,POINT (-93.735110962 41.59502402),,POLK,1051100,AMERICAN BRANDIES,421,SAZERAC COMPANY  INC,56195,PAUL MASSON PEACH GRANDE AMBER BRANDY,24,375,3.22,4.83,2,9.66,0.75,0.19
INV-65779600018,2023-12-29T00:00:00.000,4696,QUIK TRIP #517 / WEST DES MOINES,1451 22ND ST,WEST DES MOINES,50266,POINT (-93.735110962 41.59502402),,POLK,1081600,WHISKEY LIQUEUR,421,SAZERAC COMPANY  INC,64863,FIREBALL CINNAMON WHISKEY,48,200,2.50,3.75,2,7.50,0.40,0.10
INV-65779600019,2023-12-29T00:00:00.000,4696,QUIK TRIP #517 / WEST DES MOINES,1451 22ND ST,WEST DES MOINES,50266,POINT (-93.735110962 41.59502402),,POLK,1081600,WHISKEY LIQUEUR,421,SAZERAC COMPANY  INC,64870,FIREBALL CINNAMON WHISKEY,48,100,1.00,1.50,96,144.00,9.60,2.53
INV-65779600020,2023-12-29T00:00:00.000,4696,QUIK TRIP #517 / WEST DES MOINES,1451 22ND ST,WEST DES MOINES,50266,POINT (-93.735110962 41.59502402),,POLK,1081400,AMERICAN SCHNAPPS,421,SAZERAC COMPANY  INC,84217,99 GRAPES,48,100,1.00,1.50,48,72.00,4.80,1.26
INV-65779600021,2023-12-29T00:00:00.000,4696,QUIK TRIP #517 / WEST DES MOINES,1451 22ND ST,WEST DES MOINES,50266,POINT (-93.735110962 41.59502402),,POLK,1022100,MIXTO TEQUILA,395,PROXIMO,89193,JOSE CUERVO ESPECIAL REPOSADO,48,200,3.63,5.45,2,10.90,0.40,0.10
INV-65779600022,2023-12-29T00:00:00.000,4696,QUIK TRIP #517 / WEST DES MOINES,1451 22ND ST,WEST DES MOINES,50266,POINT (-93.735110962 41.59502402),,POLK,1022100,MIXTO TEQUILA,395,PROXIMO,89194,JOSE CUERVO ESPECIAL REPOSADO FLASK,24,375,6.53,9.80,4,39.20,1.50,0.39
INV-65779700001,2023-12-29T00:00:00.000,4519,CASEY'S GENERAL STORE #2923 / WDM,1850 22ND ST,WEST DES MOINES,50266,POINT (-93.736950035 41.599686999),,POLK,1062400,SPICED RUM,260,DIAGEO AMERICAS,1799,CAPTAIN MORGAN ORIGINAL SPICED BARREL,6,1750,18.99,28.49,6,170.94,10.50,2.77
INV-65779700002,2023-12-29T00:00:00.000,4519,CASEY'S GENERAL STORE #2923 / WDM,1850 22ND ST,WEST DES MOINES,50266,POINT (-93.736950035 41.599686999),,POLK,1011200,STRAIGHT BOURBON WHISKIES,065,JIM BEAM BRANDS,27408,JIM BEAM HONEY MINI,12,50,7.00,10.50,12,126.00,0.60,0.15
INV-65779700003,2023-12-29T00:00:00.000,4519,CASEY'S GENERAL STORE #2923 / WDM,1850 22ND ST,WEST DES MOINES,50266,POINT (-93.736950035 41.599686999),,POLK,1031100,AMERICAN VODKAS,777,"BLUE OX SPIRITS, INC.",36985,BLUE OX VODKA,24,375,2.00,3.00,48,162.24,18.00,4.75
INV-65779700004,2023-12-29T00:00:00.000,4519,CASEY'S GENERAL STORE #2923 / WDM,1850 22ND ST,WEST DES MOINES,50266,POINT (-93.736950035 41.599686999),,POLK,1031100,AMERICAN VODKAS,301,FIFTH GENERATION INC,38194,TITOS HANDMADE VODKA MINI,5,50,12.80,19.20,10,192.00,0.50,0.13
INV-65779700005,2023-12-29T00:00:00.000,4519,CASEY'S GENERAL STORE #2923 / WDM,1850 22ND ST,WEST DES MOINES,50266,POINT (-93.736950035 41.599686999),,POLK,1062400,SPICED RUM,259,HEAVEN HILL BRANDS,43026,ADMIRAL NELSON SPICED,12,750,6.50,9.75,12,117.00,9.00,2.37
INV-65779700006,2023-12-29T00:00:00.000,4519,CASEY'S GENERAL STORE #2923 / WDM,1850 22ND ST,WEST DES MOINES,50266,POINT (-93.736950035 41.599686999),,POLK,1091100,AMERICAN DISTILLED SPIRITS SPECIALTY,154,DUNKEL CORPORATION / IOWA DISTILLING,77805,SAINTS N SINNERS APPLE PIE,12,750,8.00,12.00,12,144.00,9.00,2.37
INV-65779700007,2023-12-29T00:00:00.000,4519,CASEY'S GENERAL STORE #2923 / WDM,1850 22ND ST,WEST DES MOINES,50266,POINT (-93.736950035 41.599686999),,POLK,1081400,AMERICAN SCHNAPPS,421,SAZERAC COMPANY  INC,84155,99 CHERRIES MINI,1,50,51.60,77.40,1,77.40,0.05,0.01
INV-65779700008,2023-12-29T00:00:00.000,4519,CASEY'S GENERAL STORE #2923 / WDM,1850 22ND ST,WEST DES MOINES,50266,POINT (-93.736950035 41.599686999),,POLK,1081300,AMERICAN CORDIALS & LIQUEURS,421,SAZERAC COMPANY  INC,84393,99 WATERMELON PET MINI,1,50,51.60,77.40,1,77.40,0.05,0.01
INV-65779800001,2023-12-29T00:00:00.000,5651,SUPER QUICK MART / WINDSOR HEIGHTS,7690 HICKMAN RD,WINDSOR HEIGHTS,50324,POINT (-93.722437021 41.614007019),,POLK,1011200,STRAIGHT BOURBON WHISKIES,065,JIM BEAM BRANDS,919487,HA MAKERS MARK CELLAR AGED,3,750,75.00,112.50,1,112.50,0.75,0.19
INV-65779900001,2023-12-29T00:00:00.000,5651,SUPER QUICK MART / WINDSOR HEIGHTS,7690 HICKMAN RD,WINDSOR HEIGHTS,50324,POINT (-93.722437021 41.614007019),,POLK,1011100,BLENDED WHISKIES,370,PERNOD RICARD USA,101355,SKREWBALL PEANUT BUTTER WHISKEY MINI KREW PACKAGE,15,50,11.20,16.80,1,16.80,0.05,0.01
INV-65779900002,2023-12-29T00:00:00.000,5651,SUPER QUICK MART / WINDSOR HEIGHTS,7690 HICKMAN RD,WINDSOR HEIGHTS,50324,POINT (-93.722437021 41.614007019),,POLK,1012100,CANADIAN WHISKIES,259,HEAVEN HILL BRANDS,10550,BLACK VELVET TOASTED CARAMEL,12,750,5.74,8.61,2,17.22,1.50,0.39
INV-65779900003,2023-12-29T00:00:00.000,5651,SUPER QUICK MART / WINDSOR HEIGHTS,7690 HICKMAN RD,WINDSOR HEIGHTS,50324,POINT (-93.722437021 41.614007019),,POLK,1012100,CANADIAN WHISKIES,260,DIAGEO AMERICAS,10788,CROWN ROYAL VANILLA MINI,10,50,9.95,14.93,1,14.93,0.05,0.01
INV-65779900004,2023-12-29T00:00:00.000,5651,SUPER QUICK MART / WINDSOR HEIGHTS,7690 HICKMAN RD,WINDSOR HEIGHTS,50324,POINT (-93.722437021 41.614007019),,POLK,1012100,CANADIAN WHISKIES,260,DIAGEO AMERICAS,10807,CROWN ROYAL REGAL APPLE,12,750,17.49,26.24,12,314.88,9.00,2.37
INV-65779900005,2023-12-29T00:00:00.000,5651,SUPER QUICK MART / WINDSOR HEIGHTS,7690 HICKMAN RD,WINDSOR HEIGHTS,50324,POINT (-93.722437021 41.614007019),,POLK,1012100,CANADIAN WHISKIES,260,DIAGEO AMERICAS,10836,CROWN ROYAL BLACK,12,750,18.99,28.49,2,56.98,1.50,0.39
INV-65779900006,2023-12-29T00:00:00.000,5651,SUPER QUICK MART / WINDSOR HEIGHTS,7690 HICKMAN RD,WINDSOR HEIGHTS,50324,POINT (-93.722437021 41.614007019),,POLK,1012100,CANADIAN WHISKIES,260,DIAGEO AMERICAS,11294,CROWN ROYAL,24,375,8.49,12.74,3,38.22,1.12,0.29
INV-65779900007,2023-12-29T00:00:00.000,5651,SUPER QUICK MART / WINDSOR HEIGHTS,7690 HICKMAN RD,WINDSOR HEIGHTS,50324,POINT (-93.722437021 41.614007019),,POLK,1012100,CANADIAN WHISKIES,259,HEAVEN HILL BRANDS,11771,BLACK VELVET MINI,8,50,8.87,13.31,2,26.62,0.10,0.02
INV-65779900008,2023-12-29T00:00:00.000,5651,SUPER QUICK MART / WINDSOR HEIGHTS,7690 HICKMAN RD,WINDSOR HEIGHTS,50324,POINT (-93.722437021 41.614007019),,POLK,1012100,CANADIAN WHISKIES,259,HEAVEN HILL BRANDS,11776,BLACK VELVET,12,750,5.50,8.25,12,99.00,9.00,2.37
INV-65779900009,2023-12-29T00:00:00.000,5651,SUPER QUICK MART / WINDSOR HEIGHTS,7690 HICKMAN RD,WINDSOR HEIGHTS,50324,POINT (-93.722437021 41.614007019),,POLK,1012100,CANADIAN WHISKIES,259,HEAVEN HILL BRANDS,11788,BLACK VELVET,6,1750,11.00,16.50,6,99.00,10.50,2.77
INV-65779900010,2023-12-29T00:00:00.000,5651,SUPER QUICK MART / WINDSOR HEIGHTS,7690 HICKMAN RD,WINDSOR HEIGHTS,50324,POINT (-93.722437021 41.614007019),,POLK,1012400,IRISH WHISKIES,370,PERNOD RICARD USA,15628,JAMESON,6,1750,35.48,53.22,2,106.44,3.50,0.92
INV-65779900011,2023-12-29T00:00:00.000,5651,SUPER QUICK MART / WINDSOR HEIGHTS,7690 HICKMAN RD,WINDSOR HEIGHTS,50324,POINT (-93.722437021 41.614007019),,POLK,1011200,STRAIGHT BOURBON WHISKIES,085,BROWN FORMAN CORP.,16396,OLD FORESTER SIGNATURE 100PRF BOURBON,12,750,13.00,19.50,2,39.00,1.50,0.39
INV-65779900012,2023-12-29T00:00:00.000,5651,SUPER QUICK MART / WINDSOR HEIGHTS,7690 HICKMAN RD,WINDSOR HEIGHTS,50324,POINT (-93.722437021 41.614007019),,POLK,1011200,STRAIGHT BOURBON WHISKIES,035,BACARDI USA INC,16562,ANGELS ENVY BOURBON PORT FINISHED,6,750,25.99,38.99,2,77.98,1.50,0.39
INV-65779900013,2023-12-29T00:00:00.000,5651,SUPER QUICK MART / WINDSOR HEIGHTS,7690 HICKMAN RD,WINDSOR HEIGHTS,50324,POINT (-93.722437021 41.614007019),,POLK,1011200,STRAIGHT BOURBON WHISKIES,125,CEDAR RIDGE VINEYARDS LL,17206,CEDAR RIDGE BOURBON,6,750,18.67,28.01,2,56.02,1.50,0.39
INV-65779900014,2023-12-29T00:00:00.000,5651,SUPER QUICK MART / WINDSOR HEIGHTS,7690 HICKMAN RD,WINDSOR HEIGHTS,50324,POINT (-93.722437021 41.614007019),,POLK,1011200,STRAIGHT BOURBON WHISKIES,259,HEAVEN HILL BRANDS,17915,ELIJAH CRAIG SMALL BATCH,12,375,9.50,14.25,2,28.50,0.75,0.19
INV-65779900015,2023-12-29T00:00:00.000,5651,SUPER QUICK MART / WINDSOR HEIGHTS,7690 HICKMAN RD,WINDSOR HEIGHTS,50324,POINT (-93.722437021 41.614007019),,POLK,1011200,STRAIGHT BOURBON WHISKIES,830,KIRIN BEER & SPIRITS OF AMERICA INC / FOUR ROSES DISTILLERY,18352,FOUR ROSES BOURBON,12,750,13.50,20.25,2,40.50,1.50,0.39
INV-65779900016,2023-12-29T00:00:00.000,5651,SUPER QUICK MART / WINDSOR HEIGHTS,7690 HICKMAN RD,WINDSOR HEIGHTS,50324,POINT (-93.722437021 41.614007019),,POLK,1011200,STRAIGHT BOURBON WHISKIES,833,JAMES PEPPER DISTILLING CO LLC,18990,JAMES E PEPPER 1776 STRAIGHT BOURBON WHISKEY 100PRF,6,750,16.33,24.50,2,49.00,1.50,0.39
INV-65779900017,2023-12-29T00:00:00.000,5651,SUPER QUICK MART / WINDSOR HEIGHTS,7690 HICKMAN RD,WINDSOR HEIGHTS,50324,POINT (-93.722437021 41.614007019),,POLK,1011200,STRAIGHT BOURBON WHISKIES,287,CHATHAM IMPORTS INC,19880,MICHTERS US*1 SMALL BATCH,6,750,24.50,36.75,2,73.50,1.50,0.39
INV-65779900018,2023-12-29T00:00:00.000,5651,SUPER QUICK MART / WINDSOR HEIGHTS,7690 HICKMAN RD,WINDSOR HEIGHTS,50324,POINT (-93.722437021 41.614007019),,POLK,1011200,STRAIGHT BOURBON WHISKIES,434,LUXCO INC,21206,REBEL KSBW,12,750,9.50,14.25,2,28.50,1.50,0.39
INV-65779900019,2023-12-29T00:00:00.000,5651,SUPER QUICK MART / WINDSOR HEIGHTS,7690 HICKMAN RD,WINDSOR HEIGHTS,50324,POINT (-93.722437021 41.614007019),,POLK,1011200,STRAIGHT BOURBON WHISKIES,619,CAMPARI AMERICA,22121,WILD TURKEY 81,12,750,12.50,18.75,2,37.50,1.50,0.39
INV-65779900020,2023-12-29T00:00:00.000,5651,SUPER QUICK MART / WINDSOR HEIGHTS,7690 HICKMAN RD,WINDSOR HEIGHTS,50324,POINT (-93.722437021 41.614007019),,POLK,1011400,TENNESSEE WHISKIES,085,BROWN FORMAN CORP.,26820,JACK DANIELS OLD #7 BLACK LABEL FLAT,24,375,8.25,12.38,24,297.12,9.00,2.37
INV-65779900021,2023-12-29T00:00:00.000,5651,SUPER QUICK MART / WINDSOR HEIGHTS,7690 HICKMAN RD,WINDSOR HEIGHTS,50324,POINT (-93.722437021 41.614007019),,POLK,1011400,TENNESSEE WHISKIES,085,BROWN FORMAN CORP.,26826,JACK DANIELS OLD #7 BLACK LABEL,12,750,15.91,23.87,2,47.74,1.50,0.39
INV-65779900022,2023-12-29T00:00:00.000,5651,SUPER QUICK MART / WINDSOR HEIGHTS,7690 HICKMAN RD,WINDSOR HEIGHTS,50324,POINT (-93.722437021 41.614007019),,POLK,1011100,BLENDED WHISKIES,492,WESTERN SPIRITS BEVERAGE,27433,BIRD DOG PEACH,6,750,11.50,17.25,2,34.50,1.50,0.39
INV-65779900023,2023-12-29T00:00:00.000,5651,SUPER QUICK MART / WINDSOR HEIGHTS,7690 HICKMAN RD,WINDSOR HEIGHTS,50324,POINT (-93.722437021 41.614007019),,POLK,1011100,BLENDED WHISKIES,065,JIM BEAM BRANDS,27682,JIM BEAM KENTUCKY FIRE,12,750,11.00,16.50,3,49.50,2.25,0.59
INV-65779900024,2023-12-29T00:00:00.000,5651,SUPER QUICK MART / WINDSOR HEIGHTS,7690 HICKMAN RD,WINDSOR HEIGHTS,50324,POINT (-93.722437021 41.614007019),,POLK,1042100,IMPORTED DRY GINS,035,BACARDI USA INC,28233,BOMBAY SAPPHIRE GIN,12,1000,16.50,24.75,1,24.75,1.00,0.26
INV-65779900025,2023-12-29T00:00:00.000,5651,SUPER QUICK MART / WINDSOR HEIGHTS,7690 HICKMAN RD,WINDSOR HEIGHTS,50324,POINT (-93.722437021 41.614007019),,POLK,1011200,STRAIGHT BOURBON WHISKIES,065,JIM BEAM BRANDS,28275,JIM BEAM PEACH MINI,12,50,7.00,10.50,1,10.50,0.05,0.01
INV-65779900026,2023-12-29T00:00:00.000,5651,SUPER QUICK MART / WINDSOR HEIGHTS,7690 HICKMAN RD,WINDSOR HEIGHTS,50324,POINT (-93.722437021 41.614007019),,POLK,1041100,AMERICAN DRY GINS,434,LUXCO INC,30528,HAWKEYE GIN,6,1750,7.75,11.63,6,69.78,10.50,2.77
INV-65779900027,2023-12-29T00:00:00.000,5651,SUPER QUICK MART / WINDSOR HEIGHTS,7690 HICKMAN RD,WINDSOR HEIGHTS,50324,POINT (-93.722437021 41.614007019),,POLK,1041100,AMERICAN DRY GINS,380,PHILLIPS BEVERAGE,31719,PHILLIPS GIN,12,1000,4.38,6.57,3,19.71,3.00,0.79
INV-65779900028,2023-12-29T00:00:00.000,5651,SUPER QUICK MART / WINDSOR HEIGHTS,7690 HICKMAN RD,WINDSOR HEIGHTS,50324,POINT (-93.722437021 41.614007019),,POLK,1041100,AMERICAN DRY GINS,370,PERNOD RICARD USA,32231,SEAGRAMS EXTRA DRY GIN MINI,12,50,3.30,4.95,1,4.95,0.05,0.01
INV-65779900029,2023-12-29T00:00:00.000,5651,SUPER QUICK MART / WINDSOR HEIGHTS,7690 HICKMAN RD,WINDSOR HEIGHTS,50324,POINT (-93.722437021 41.614007019),,POLK,1032100,IMPORTED VODKAS,370,PERNOD RICARD USA,34004,ABSOLUT SWEDISH VODKA 80PRF,24,375,4.99,7.49,4,29.96,1.50,0.39
INV-65779900030,2023-12-29T00:00:00.000,5651,SUPER QUICK MART / WINDSOR HEIGHTS,7690 HICKMAN RD,WINDSOR HEIGHTS,50324,POINT (-93.722437021 41.614007019),,POLK,1032200,IMPORTED FLAVORED VODKA,370,PERNOD RICARD USA,34032,ABSOLUT CITRON,6,1750,19.99,29.99,2,59.98,3.50,0.92
INV-65779900031,2023-12-29T00:00:00.000,5651,SUPER QUICK MART / WINDSOR HEIGHTS,7690 HICKMAN RD,WINDSOR HEIGHTS,50324,POINT (-93.722437021 41.614007019),,POLK,1032100,IMPORTED VODKAS,065,JIM BEAM BRANDS,34188,EFFEN 80PRF,6,750,12.50,18.75,2,37.50,1.50,0.39
INV-65779900032,2023-12-29T00:00:00.000,5651,SUPER QUICK MART / WINDSOR HEIGHTS,7690 HICKMAN RD,WINDSOR HEIGHTS,50324,POINT (-93.722437021 41.614007019),,POLK,1032100,IMPORTED VODKAS,035,BACARDI USA INC,34422,GREY GOOSE,6,1000,19.00,28.50,2,57.00,2.00,0.52
INV-65779900033,2023-12-29T00:00:00.000,5651,SUPER QUICK MART / WINDSOR HEIGHTS,7690 HICKMAN RD,WINDSOR HEIGHTS,50324,POINT (-93.722437021 41.614007019),,POLK,1032100,IMPORTED VODKAS,035,BACARDI USA INC,34423,GREY GOOSE,12,375,8.50,12.75,3,38.25,1.12,0.29
INV-65779900034,2023-12-29T00:00:00.000,5651,SUPER QUICK MART / WINDSOR HEIGHTS,7690 HICKMAN RD,WINDSOR HEIGHTS,50324,POINT (-93.722437021 41.614007019),,POLK,1032100,IMPORTED VODKAS,035,BACARDI USA INC,34433,GREY GOOSE,12,750,15.50,23.25,2,46.50,1.50,0.39
INV-65779900035,2023-12-29T00:00:00.000,5651,SUPER QUICK MART / WINDSOR HEIGHTS,7690 HICKMAN RD,WINDSOR HEIGHTS,50324,POINT (-93.722437021 41.614007019),,POLK,1031100,AMERICAN VODKAS,115,CONSTELLATION BRANDS INC,34820,SVEDKA 80PRF,12,750,8.00,12.00,2,24.00,1.50,0.39
INV-65779900036,2023-12-29T00:00:00.000,5651,SUPER QUICK MART / WINDSOR HEIGHTS,7690 HICKMAN RD,WINDSOR HEIGHTS,50324,POINT (-93.722437021 41.614007019),,POLK,1031100,AMERICAN VODKAS,421,SAZERAC COMPANY  INC,35317,BARTON VODKA,12,1000,3.97,5.96,3,17.88,3.00,0.79
INV-65779900037,2023-12-29T00:00:00.000,5651,SUPER QUICK MART / WINDSOR HEIGHTS,7690 HICKMAN RD,WINDSOR HEIGHTS,50324,POINT (-93.722437021 41.614007019),,POLK,1031100,AMERICAN VODKAS,434,LUXCO INC,36301,HAWKEYE VODKA MINI,12,50,4.50,6.75,2,13.50,0.10,0.02
INV-65779900038,2023-12-29T00:00:00.000,5651,SUPER QUICK MART / WINDSOR HEIGHTS,7690 HICKMAN RD,WINDSOR HEIGHTS,50324,POINT (-93.722437021 41.614007019),,POLK,1031100,AMERICAN VODKAS,434,LUXCO INC,36308,HAWKEYE VODKA,6,1750,7.50,11.25,6,67.50,10.50,2.77
INV-65779900039,2023-12-29T00:00:00.000,5651,SUPER QUICK MART / WINDSOR HEIGHTS,7690 HICKMAN RD,WINDSOR HEIGHTS,50324,POINT (-93.722437021 41.614007019),,POLK,1031100,AMERICAN VODKAS,777,"BLUE OX SPIRITS, INC.",36873,BLUE OX VODKA,12,750,3.90,5.85,12,70.20,9.00,2.37
INV-65779900040,2023-12-29T00:00:00.000,5651,SUPER QUICK MART / WINDSOR HEIGHTS,7690 HICKMAN RD,WINDSOR HEIGHTS,50324,POINT (-93.722437021 41.614007019),,POLK,1031100,AMERICAN VODKAS,777,"BLUE OX SPIRITS, INC.",36874,BLUE OX VODKA,12,1000,4.76,7.14,12,85.68,12.00,3.17
INV-65779900041,2023-12-29T00:00:00.000,5651,SUPER QUICK MART / WINDSOR HEIGHTS,7690 HICKMAN RD,WINDSOR HEIGHTS,50324,POINT (-93.722437021 41.614007019),,POLK,1031100,AMERICAN VODKAS,421,SAZERAC COMPANY  INC,36900,BARTON NATURALS VODKA,6,1750,7.06,10.59,6,63.54,10.50,2.77
INV-65779900042,2023-12-29T00:00:00.000,5651,SUPER QUICK MART / WINDSOR HEIGHTS,7690 HICKMAN RD,WINDSOR HEIGHTS,50324,POINT (-93.722437021 41.614007019),,POLK,1032100,IMPORTED VODKAS,035,BACARDI USA INC,36964,GREY GOOSE MINI,8,50,20.00,30.00,1,30.00,0.05,0.01
INV-65779900043,2023-12-29T00:00:00.000,5651,SUPER QUICK MART / WINDSOR HEIGHTS,7690 HICKMAN RD,WINDSOR HEIGHTS,50324,POINT (-93.722437021 41.614007019),,POLK,1031100,AMERICAN VODKAS,205,E & J GALLO WINERY,36969,NEW AMSTERDAM 80PRF,12,750,8.00,12.00,4,48.00,3.00,0.79
INV-65779900044,2023-12-29T00:00:00.000,5651,SUPER QUICK MART / WINDSOR HEIGHTS,7690 HICKMAN RD,WINDSOR HEIGHTS,50324,POINT (-93.722437021 41.614007019),,POLK,1031100,AMERICAN VODKAS,260,DIAGEO AMERICAS,37996,SMIRNOFF 80PRF,12,750,8.25,12.38,3,37.14,2.25,0.59
INV-65779900045,2023-12-29T00:00:00.000,5651,SUPER QUICK MART / WINDSOR HEIGHTS,7690 HICKMAN RD,WINDSOR HEIGHTS,50324,POINT (-93.722437021 41.614007019),,POLK,1031100,AMERICAN VODKAS,301,FIFTH GENERATION INC,38176,TITOS HANDMADE VODKA,12,750,10.00,15.00,12,180.00,9.00,2.37
INV-65779900046,2023-12-29T00:00:00.000,5651,SUPER QUICK MART / WINDSOR HEIGHTS,7690 HICKMAN RD,WINDSOR HEIGHTS,50324,POINT (-93.722437021 41.614007019),,POLK,1031100,AMERICAN VODKAS,301,FIFTH GENERATION INC,38179,TITOS HANDMADE VODKA,24,200,3.49,5.24,3,15.72,0.60,0.15
INV-65779900047,2023-12-29T00:00:00.000,5651,SUPER QUICK MART / WINDSOR HEIGHTS,7690 HICKMAN RD,WINDSOR HEIGHTS,50324,POINT (-93.722437021 41.614007019),,POLK,1031100,AMERICAN VODKAS,301,FIFTH GENERATION INC,38194,TITOS HANDMADE VODKA MINI,5,50,12.80,19.20,1,19.20,0.05,0.01
INV-65779900048,2023-12-29T00:00:00.000,5651,SUPER QUICK MART / WINDSOR HEIGHTS,7690 HICKMAN RD,WINDSOR HEIGHTS,50324,POINT (-93.722437021 41.614007019),,POLK,1031200,AMERICAN FLAVORED VODKA,205,E & J GALLO WINERY,39282,NEW AMSTERDAM PASSION FRUIT FLAVORED VODKA,24,375,4.00,6.00,2,12.00,0.75,0.19
INV-65779900049,2023-12-29T00:00:00.000,5651,SUPER QUICK MART / WINDSOR HEIGHTS,7690 HICKMAN RD,WINDSOR HEIGHTS,50324,POINT (-93.722437021 41.614007019),,POLK,1031200,AMERICAN FLAVORED VODKA,205,E & J GALLO WINERY,39492,NEW AMSTERDAM PINK WHITNEY,12,750,8.00,12.00,12,144.00,9.00,2.37
INV-65779900050,2023-12-29T00:00:00.000,5651,SUPER QUICK MART / WINDSOR HEIGHTS,7690 HICKMAN RD,WINDSOR HEIGHTS,50324,POINT (-93.722437021 41.614007019),,POLK,1031200,AMERICAN FLAVORED VODKA,259,HEAVEN HILL BRANDS,40053,DEEP EDDY LEMON,12,750,9.50,14.25,2,28.50,1.50,0.39
INV-65779900051,2023-12-29T00:00:00.000,5651,SUPER QUICK MART / WINDSOR HEIGHTS,7690 HICKMAN RD,WINDSOR HEIGHTS,50324,POINT (-93.722437021 41.614007019),,POLK,1031200,AMERICAN FLAVORED VODKA,205,E & J GALLO WINERY,40593,NEW AMSTERDAM PEACH,24,375,4.00,6.00,2,12.00,0.75,0.19
INV-65779900052,2023-12-29T00:00:00.000,5651,SUPER QUICK MART / WINDSOR HEIGHTS,7690 HICKMAN RD,WINDSOR HEIGHTS,50324,POINT (-93.722437021 41.614007019),,POLK,1031200,AMERICAN FLAVORED VODKA,380,PHILLIPS BEVERAGE,41693,UV BLUE RASPBERRY,12,750,7.50,11.25,2,22.50,1.50,0.39
INV-65779900053,2023-12-29T00:00:00.000,5651,SUPER QUICK MART / WINDSOR HEIGHTS,7690 HICKMAN RD,WINDSOR HEIGHTS,50324,POINT (-93.722437021 41.614007019),,POLK,1062400,SPICED RUM,259,HEAVEN HILL BRANDS,43022,ADMIRAL NELSON SPICED MINI,8,50,5.66,8.49,1,8.49,0.05,0.01
INV-65779900054,2023-12-29T00:00:00.000,5651,SUPER QUICK MART / WINDSOR HEIGHTS,7690 HICKMAN RD,WINDSOR HEIGHTS,50324,POINT (-93.722437021 41.614007019),,POLK,1062200,WHITE RUM,035,BACARDI USA INC,43121,BACARDI SUPERIOR MINI,12,50,5.54,8.31,2,16.62,0.10,0.02
INV-65779900055,2023-12-29T00:00:00.000,5651,SUPER QUICK MART / WINDSOR HEIGHTS,7690 HICKMAN RD,WINDSOR HEIGHTS,50324,POINT (-93.722437021 41.614007019),,POLK,1062200,WHITE RUM,035,BACARDI USA INC,43127,BACARDI SUPERIOR,12,1000,9.50,14.25,2,28.50,2.00,0.52
INV-65779900056,2023-12-29T00:00:00.000,5651,SUPER QUICK MART / WINDSOR HEIGHTS,7690 HICKMAN RD,WINDSOR HEIGHTS,50324,POINT (-93.722437021 41.614007019),,POLK,1062400,SPICED RUM,260,DIAGEO AMERICAS,43336,CAPTAIN MORGAN ORIGINAL SPICED,12,750,9.49,14.24,12,170.88,9.00,2.37
INV-65779900057,2023-12-29T00:00:00.000,5651,SUPER QUICK MART / WINDSOR HEIGHTS,7690 HICKMAN RD,WINDSOR HEIGHTS,50324,POINT (-93.722437021 41.614007019),,POLK,1062400,SPICED RUM,260,DIAGEO AMERICAS,43337,CAPTAIN MORGAN ORIGINAL SPICED,12,1000,12.99,19.49,3,58.47,3.00,0.79
INV-65779900058,2023-12-29T00:00:00.000,5651,SUPER QUICK MART / WINDSOR HEIGHTS,7690 HICKMAN RD,WINDSOR HEIGHTS,50324,POINT (-93.722437021 41.614007019),,POLK,1062500,FLAVORED RUM,370,PERNOD RICARD USA,43902,MALIBU STRAWBERRY,12,750,8.99,13.49,2,26.98,1.50,0.39
INV-65779900059,2023-12-29T00:00:00.000,5651,SUPER QUICK MART / WINDSOR HEIGHTS,7690 HICKMAN RD,WINDSOR HEIGHTS,50324,POINT (-93.722437021 41.614007019),,POLK,1082100,IMPORTED CORDIALS & LIQUEURS,035,BACARDI USA INC,47863,D'USSE VSOP,12,375,16.99,25.49,4,101.96,1.50,0.39
INV-65779900060,2023-12-29T00:00:00.000,5651,SUPER QUICK MART / WINDSOR HEIGHTS,7690 HICKMAN RD,WINDSOR HEIGHTS,50324,POINT (-93.722437021 41.614007019),,POLK,1052100,IMPORTED BRANDIES,420,MOET HENNESSY USA,48099,HENNESSY VS,24,200,7.49,11.24,24,269.76,4.80,1.26
INV-65779900061,2023-12-29T00:00:00.000,5651,SUPER QUICK MART / WINDSOR HEIGHTS,7690 HICKMAN RD,WINDSOR HEIGHTS,50324,POINT (-93.722437021 41.614007019),,POLK,1052100,IMPORTED BRANDIES,420,MOET HENNESSY USA,48101,HENNESSY VS MINI,10,50,31.80,47.70,2,95.40,0.10,0.02
INV-65779900062,2023-12-29T00:00:00.000,5651,SUPER QUICK MART / WINDSOR HEIGHTS,7690 HICKMAN RD,WINDSOR HEIGHTS,50324,POINT (-93.722437021 41.614007019),,POLK,1052100,IMPORTED BRANDIES,389,REMY COINTREAU USA INC,49087,REMY MARTIN 1738 ACCORD ROYAL,6,1000,39.97,59.96,1,59.96,1.00,0.26
INV-65779900063,2023-12-29T00:00:00.000,5651,SUPER QUICK MART / WINDSOR HEIGHTS,7690 HICKMAN RD,WINDSOR HEIGHTS,50324,POINT (-93.722437021 41.614007019),,POLK,1012300,SINGLE MALT SCOTCH,240,WILLIAM GRANT & SONS INC,5014,GLENFIDDICH 15YR SOLERA RESERVA,12,750,45.00,67.50,1,67.50,0.75,0.19
INV-65779900064,2023-12-29T00:00:00.000,5651,SUPER QUICK MART / WINDSOR HEIGHTS,7690 HICKMAN RD,WINDSOR HEIGHTS,50324,POINT (-93.722437021 41.614007019),,POLK,1051100,AMERICAN BRANDIES,205,E & J GALLO WINERY,52582,E & J VSOP,12,750,7.24,10.86,2,21.72,1.50,0.39
INV-65779900065,2023-12-29T00:00:00.000,5651,SUPER QUICK MART / WINDSOR HEIGHTS,7690 HICKMAN RD,WINDSOR HEIGHTS,50324,POINT (-93.722437021 41.614007019),,POLK,1012200,SCOTCH WHISKIES,260,DIAGEO AMERICAS,5318,JOHNNIE WALKER DOUBLE BLACK,6,750,24.99,37.49,3,112.47,2.25,0.59
INV-65779900066,2023-12-29T00:00:00.000,5651,SUPER QUICK MART / WINDSOR HEIGHTS,7690 HICKMAN RD,WINDSOR HEIGHTS,50324,POINT (-93.722437021 41.614007019),,POLK,1071000,COCKTAILS/RTD,908,BUZZBALLZ LLC / SOUTHERN CHAMPION,57210,BUZZBALLZ BIGGIES TEQUILA RITA,3,1750,10.00,15.00,3,45.00,5.25,1.38
INV-65779900067,2023-12-29T00:00:00.000,5651,SUPER QUICK MART / WINDSOR HEIGHTS,7690 HICKMAN RD,WINDSOR HEIGHTS,50324,POINT (-93.722437021 41.614007019),,POLK,1071000,COCKTAILS/RTD,908,BUZZBALLZ LLC / SOUTHERN CHAMPION,57578,BUZZBALLZ BIGGIES STRAWBERRY RITA,3,1750,10.00,15.00,3,45.00,5.25,1.38
INV-65779900068,2023-12-29T00:00:00.000,5651,SUPER QUICK MART / WINDSOR HEIGHTS,7690 HICKMAN RD,WINDSOR HEIGHTS,50324,POINT (-93.722437021 41.614007019),,POLK,1012300,SINGLE MALT SCOTCH,370,PERNOD RICARD USA,5842,GLENLIVET 14YR,6,750,38.48,57.72,2,115.44,1.50,0.39
INV-65779900069,2023-12-29T00:00:00.000,5651,SUPER QUICK MART / WINDSOR HEIGHTS,7690 HICKMAN RD,WINDSOR HEIGHTS,50324,POINT (-93.722437021 41.614007019),,POLK,1071000,COCKTAILS/RTD,395,PROXIMO,58899,JOSE CUERVO AUTHENTIC ORANGE PINEAPPLE MARGARITA,6,1750,8.74,13.11,2,26.22,3.50,0.92
INV-65779900070,2023-12-29T00:00:00.000,5651,SUPER QUICK MART / WINDSOR HEIGHTS,7690 HICKMAN RD,WINDSOR HEIGHTS,50324,POINT (-93.722437021 41.614007019),,POLK,1071000,COCKTAILS/RTD,421,SAZERAC COMPANY  INC,59037,DESERT ISLAND LONG ISLAND ICED TEA COCKTAIL,12,1000,4.75,7.13,2,14.26,2.00,0.52
INV-65779900071,2023-12-29T00:00:00.000,5651,SUPER QUICK MART / WINDSOR HEIGHTS,7690 HICKMAN RD,WINDSOR HEIGHTS,50324,POINT (-93.722437021 41.614007019),,POLK,1081600,WHISKEY LIQUEUR,421,SAZERAC COMPANY  INC,64864,FIREBALL CINNAMON WHISKEY,24,375,5.33,8.00,24,192.00,9.00,2.37
INV-65779900072,2023-12-29T00:00:00.000,5651,SUPER QUICK MART / WINDSOR HEIGHTS,7690 HICKMAN RD,WINDSOR HEIGHTS,50324,POINT (-93.722437021 41.614007019),,POLK,1081600,WHISKEY LIQUEUR,421,SAZERAC COMPANY  INC,64866,FIREBALL CINNAMON WHISKEY,12,750,9.00,13.50,12,162.00,9.00,2.37
INV-65779900073,2023-12-29T00:00:00.000,5651,SUPER QUICK MART / WINDSOR HEIGHTS,7690 HICKMAN RD,WINDSOR HEIGHTS,50324,POINT (-93.722437021 41.614007019),,POLK,1081600,WHISKEY LIQUEUR,421,SAZERAC COMPANY  INC,64870,FIREBALL CINNAMON WHISKEY,48,100,1.00,1.50,96,144.00,9.60,2.53
INV-65779900074,2023-12-29T00:00:00.000,5651,SUPER QUICK MART / WINDSOR HEIGHTS,7690 HICKMAN RD,WINDSOR HEIGHTS,50324,POINT (-93.722437021 41.614007019),,POLK,1082100,IMPORTED CORDIALS & LIQUEURS,619,CAMPARI AMERICA,65126,GRAND MARNIER CORDON ROUGE,12,750,23.00,34.50,2,69.00,1.50,0.39
INV-65779900075,2023-12-29T00:00:00.000,5651,SUPER QUICK MART / WINDSOR HEIGHTS,7690 HICKMAN RD,WINDSOR HEIGHTS,50324,POINT (-93.722437021 41.614007019),,POLK,1081200,CREAM LIQUEURS,300,MCCORMICK DISTILLING CO.,65204,TEQUILA ROSE LIQUEUR MINI,6,50,5.90,8.85,3,21.15,0.15,0.03
INV-65779900076,2023-12-29T00:00:00.000,5651,SUPER QUICK MART / WINDSOR HEIGHTS,7690 HICKMAN RD,WINDSOR HEIGHTS,50324,POINT (-93.722437021 41.614007019),,POLK,1081600,WHISKEY LIQUEUR,421,SAZERAC COMPANY  INC,67267,YUKON JACK,12,1000,11.75,17.63,2,35.26,2.00,0.52
INV-65779900077,2023-12-29T00:00:00.000,5651,SUPER QUICK MART / WINDSOR HEIGHTS,7690 HICKMAN RD,WINDSOR HEIGHTS,50324,POINT (-93.722437021 41.614007019),,POLK,1081100,COFFEE LIQUEURS,370,PERNOD RICARD USA,67522,KAHLUA COFFEE MINI,12,50,6.60,9.90,1,9.90,0.05,0.01
INV-65779900078,2023-12-29T00:00:00.000,5651,SUPER QUICK MART / WINDSOR HEIGHTS,7690 HICKMAN RD,WINDSOR HEIGHTS,50324,POINT (-93.722437021 41.614007019),,POLK,1081100,COFFEE LIQUEURS,370,PERNOD RICARD USA,67578,KAHLUA SALTED CARAMEL,12,750,14.99,22.49,2,44.98,1.50,0.39
INV-65779900079,2023-12-29T00:00:00.000,5651,SUPER QUICK MART / WINDSOR HEIGHTS,7690 HICKMAN RD,WINDSOR HEIGHTS,50324,POINT (-93.722437021 41.614007019),,POLK,1081200,CREAM LIQUEURS,260,DIAGEO AMERICAS,68024,BAILEYS VANILLA MINT SHAKE,12,750,16.49,24.74,2,49.48,1.50,0.39
INV-65779900080,2023-12-29T00:00:00.000,5651,SUPER QUICK MART / WINDSOR HEIGHTS,7690 HICKMAN RD,WINDSOR HEIGHTS,50324,POINT (-93.722437021 41.614007019),,POLK,1081200,CREAM LIQUEURS,205,E & J GALLO WINERY,73051,RUMCHATA MINI,12,50,8.87,13.31,1,13.31,0.05,0.01
INV-65779900081,2023-12-29T00:00:00.000,5651,SUPER QUICK MART / WINDSOR HEIGHTS,7690 HICKMAN RD,WINDSOR HEIGHTS,50324,POINT (-93.722437021 41.614007019),,POLK,1081200,CREAM LIQUEURS,205,E & J GALLO WINERY,73055,RUMCHATA,12,750,14.00,21.00,2,42.00,1.50,0.39
INV-65779900082,2023-12-29T00:00:00.000,5651,SUPER QUICK MART / WINDSOR HEIGHTS,7690 HICKMAN RD,WINDSOR HEIGHTS,50324,POINT (-93.722437021 41.614007019),,POLK,1081600,WHISKEY LIQUEUR,121,COOPER SPIRITS INTERNATIONAL,74740,SLOW AND LOW,6,750,13.17,19.76,2,39.52,1.50,0.39
INV-65779900083,2023-12-29T00:00:00.000,5651,SUPER QUICK MART / WINDSOR HEIGHTS,7690 HICKMAN RD,WINDSOR HEIGHTS,50324,POINT (-93.722437021 41.614007019),,POLK,1081300,AMERICAN CORDIALS & LIQUEURS,772,INTERCONTINENTAL PACKAGING COMPANY/PRESTIGE BEVERAGE GROUP,75208,KINKY PINK MINI,6,50,4.84,7.26,1,7.26,0.05,0.01
INV-65779900084,2023-12-29T00:00:00.000,5651,SUPER QUICK MART / WINDSOR HEIGHTS,7690 HICKMAN RD,WINDSOR HEIGHTS,50324,POINT (-93.722437021 41.614007019),,POLK,1081300,AMERICAN CORDIALS & LIQUEURS,772,INTERCONTINENTAL PACKAGING COMPANY/PRESTIGE BEVERAGE GROUP,75212,KINKY BLUE MINI,6,50,4.84,7.26,2,14.52,0.10,0.02
INV-65779900085,2023-12-29T00:00:00.000,5651,SUPER QUICK MART / WINDSOR HEIGHTS,7690 HICKMAN RD,WINDSOR HEIGHTS,50324,POINT (-93.722437021 41.614007019),,POLK,1031200,AMERICAN FLAVORED VODKA,260,DIAGEO AMERICAS,77848,SMIRNOFF VANILLA,12,1000,9.25,13.88,2,27.76,2.00,0.52
INV-65779900086,2023-12-29T00:00:00.000,5651,SUPER QUICK MART / WINDSOR HEIGHTS,7690 HICKMAN RD,WINDSOR HEIGHTS,50324,POINT (-93.722437021 41.614007019),,POLK,1081400,AMERICAN SCHNAPPS,421,SAZERAC COMPANY  INC,84171,99 BANANAS,48,100,1.00,1.50,48,72.00,4.80,1.26
INV-65779900087,2023-12-29T00:00:00.000,5651,SUPER QUICK MART / WINDSOR HEIGHTS,7690 HICKMAN RD,WINDSOR HEIGHTS,50324,POINT (-93.722437021 41.614007019),,POLK,1022200,100% AGAVE TEQUILA,395,PROXIMO,86078,JOSE CUERVO ESPECIAL SILVER MINI,12,50,12.33,18.50,1,18.50,0.05,0.01
INV-65779900088,2023-12-29T00:00:00.000,5651,SUPER QUICK MART / WINDSOR HEIGHTS,7690 HICKMAN RD,WINDSOR HEIGHTS,50324,POINT (-93.722437021 41.614007019),,POLK,1011400,TENNESSEE WHISKIES,085,BROWN FORMAN CORP.,86670,JACK DANIELS TENNESSEE HONEY,12,750,15.91,23.87,2,47.74,1.50,0.39
INV-65779900089,2023-12-29T00:00:00.000,5651,SUPER QUICK MART / WINDSOR HEIGHTS,7690 HICKMAN RD,WINDSOR HEIGHTS,50324,POINT (-93.722437021 41.614007019),,POLK,1011400,TENNESSEE WHISKIES,085,BROWN FORMAN CORP.,86691,JACK DANIELS TENNESSEE FIRE MINI,12,50,11.50,17.25,2,34.50,0.10,0.02
INV-65779900090,2023-12-29T00:00:00.000,5651,SUPER QUICK MART / WINDSOR HEIGHTS,7690 HICKMAN RD,WINDSOR HEIGHTS,50324,POINT (-93.722437021 41.614007019),,POLK,1022100,MIXTO TEQUILA,395,PROXIMO,87403,JOSE CUERVO ESPECIAL SILVER,24,375,6.53,9.80,4,39.20,1.50,0.39
INV-65779900091,2023-12-29T00:00:00.000,5651,SUPER QUICK MART / WINDSOR HEIGHTS,7690 HICKMAN RD,WINDSOR HEIGHTS,50324,POINT (-93.722437021 41.614007019),,POLK,1022100,MIXTO TEQUILA,395,PROXIMO,87409,JOSE CUERVO ESPECIAL SILVER,12,1000,15.00,22.50,4,87.00,4.00,1.05
INV-65779900092,2023-12-29T00:00:00.000,5651,SUPER QUICK MART / WINDSOR HEIGHTS,7690 HICKMAN RD,WINDSOR HEIGHTS,50324,POINT (-93.722437021 41.614007019),,POLK,1022200,100% AGAVE TEQUILA,260,DIAGEO AMERICAS,87484,DON JULIO BLANCO,12,375,14.99,22.49,4,89.96,1.50,0.39
INV-65779900093,2023-12-29T00:00:00.000,5651,SUPER QUICK MART / WINDSOR HEIGHTS,7690 HICKMAN RD,WINDSOR HEIGHTS,50324,POINT (-93.722437021 41.614007019),,POLK,1022200,100% AGAVE TEQUILA,395,PROXIMO,87509,1800 SILVER,12,375,9.25,13.88,4,55.52,1.50,0.39
INV-65779900094,2023-12-29T00:00:00.000,5651,SUPER QUICK MART / WINDSOR HEIGHTS,7690 HICKMAN RD,WINDSOR HEIGHTS,50324,POINT (-93.722437021 41.614007019),,POLK,1022200,100% AGAVE TEQUILA,260,DIAGEO AMERICAS,87563,DELEON PLATINUM,12,750,19.99,29.99,2,59.98,1.50,0.39
INV-65779900095,2023-12-29T00:00:00.000,5651,SUPER QUICK MART / WINDSOR HEIGHTS,7690 HICKMAN RD,WINDSOR HEIGHTS,50324,POINT (-93.722437021 41.614007019),,POLK,1022200,100% AGAVE TEQUILA,085,BROWN FORMAN CORP.,87586,EL JIMADOR SILVER,12,750,13.50,20.25,2,40.50,1.50,0.39
INV-65779900096,2023-12-29T00:00:00.000,5651,SUPER QUICK MART / WINDSOR HEIGHTS,7690 HICKMAN RD,WINDSOR HEIGHTS,50324,POINT (-93.722437021 41.614007019),,POLK,1022100,MIXTO TEQUILA,370,PERNOD RICARD USA,88255,OLMECA ALTOS REPOSADO,12,375,7.99,11.99,2,23.98,0.75,0.19
INV-65779900097,2023-12-29T00:00:00.000,5651,SUPER QUICK MART / WINDSOR HEIGHTS,7690 HICKMAN RD,WINDSOR HEIGHTS,50324,POINT (-93.722437021 41.614007019),,POLK,1012200,SCOTCH WHISKIES,421,SAZERAC COMPANY  INC,8828,LAUDERS,6,1750,11.50,17.25,2,34.50,3.50,0.92
INV-65779900098,2023-12-29T00:00:00.000,5651,SUPER QUICK MART / WINDSOR HEIGHTS,7690 HICKMAN RD,WINDSOR HEIGHTS,50324,POINT (-93.722437021 41.614007019),,POLK,1022200,100% AGAVE TEQUILA,035,BACARDI USA INC,88290,PATRON SILVER,12,200,9.50,14.25,2,28.50,0.40,0.10
INV-65779900099,2023-12-29T00:00:00.000,5651,SUPER QUICK MART / WINDSOR HEIGHTS,7690 HICKMAN RD,WINDSOR HEIGHTS,50324,POINT (-93.722437021 41.614007019),,POLK,1022200,100% AGAVE TEQUILA,035,BACARDI USA INC,88294,PATRON SILVER,12,375,15.00,22.50,3,67.50,1.12,0.29
INV-65779900100,2023-12-29T00:00:00.000,5651,SUPER QUICK MART / WINDSOR HEIGHTS,7690 HICKMAN RD,WINDSOR HEIGHTS,50324,POINT (-93.722437021 41.614007019),,POLK,1022200,100% AGAVE TEQUILA,065,JIM BEAM BRANDS,88548,HORNITOS PLATA,12,750,15.00,22.50,2,45.00,1.50,0.39
INV-65779900101,2023-12-29T00:00:00.000,5651,SUPER QUICK MART / WINDSOR HEIGHTS,7690 HICKMAN RD,WINDSOR HEIGHTS,50324,POINT (-93.722437021 41.614007019),,POLK,1701100,TEMPORARY & SPECIALTY PACKAGES,035,BACARDI USA INC,88687,BP PATRON REPOSADO BARREL SELECT,12,750,29.00,43.50,1,43.50,0.75,0.19
INV-65779900102,2023-12-29T00:00:00.000,5651,SUPER QUICK MART / WINDSOR HEIGHTS,7690 HICKMAN RD,WINDSOR HEIGHTS,50324,POINT (-93.722437021 41.614007019),,POLK,1022200,100% AGAVE TEQUILA,434,LUXCO INC,89178,EL MAYOR ANEJO,6,750,18.50,27.75,2,55.50,1.50,0.39
INV-65779900103,2023-12-29T00:00:00.000,5651,SUPER QUICK MART / WINDSOR HEIGHTS,7690 HICKMAN RD,WINDSOR HEIGHTS,50324,POINT (-93.722437021 41.614007019),,POLK,1022100,MIXTO TEQUILA,395,PROXIMO,89191,JOSE CUERVO ESPECIAL REPOSADO MINI,12,50,12.33,18.50,2,37.00,0.10,0.02
INV-65779900104,2023-12-29T00:00:00.000,5651,SUPER QUICK MART / WINDSOR HEIGHTS,7690 HICKMAN RD,WINDSOR HEIGHTS,50324,POINT (-93.722437021 41.614007019),,POLK,1022200,100% AGAVE TEQUILA,395,PROXIMO,89206,1800 REPOSADO,12,750,17.50,26.25,3,78.75,2.25,0.59
INV-65779900105,2023-12-29T00:00:00.000,5651,SUPER QUICK MART / WINDSOR HEIGHTS,7690 HICKMAN RD,WINDSOR HEIGHTS,50324,POINT (-93.722437021 41.614007019),,POLK,1092100,IMPORTED DISTILLED SPIRITS SPECIALTY,293,JINRO AMERICA INC,965268,SOOH JINRO GREEN GRAPE SOJU,20,375,2.91,4.37,3,13.11,1.12,0.29
INV-65779900106,2023-12-29T00:00:00.000,5651,SUPER QUICK MART / WINDSOR HEIGHTS,7690 HICKMAN RD,WINDSOR HEIGHTS,50324,POINT (-93.722437021 41.614007019),,POLK,1092100,IMPORTED DISTILLED SPIRITS SPECIALTY,293,JINRO AMERICA INC,965269,SOOH JINRO CHAMISUL CLASSIC SOJU,12,750,5.60,8.40,3,25.20,2.25,0.59
INV-65780000001,2023-12-29T00:00:00.000,2708,HY-VEE FAST AND FRESH - WINDSOR HEIGHTS,7220 HICKMAN RD,WINDSOR HEIGHTS,50324,POINT (-93.717814988 41.61415299),,POLK,1012100,CANADIAN WHISKIES,260,DIAGEO AMERICAS,11294,CROWN ROYAL,24,375,8.49,12.74,5,63.70,1.87,0.49
INV-65780000002,2023-12-29T00:00:00.000,2708,HY-VEE FAST AND FRESH - WINDSOR HEIGHTS,7220 HICKMAN RD,WINDSOR HEIGHTS,50324,POINT (-93.717814988 41.61415299),,POLK,1011400,TENNESSEE WHISKIES,085,BROWN FORMAN CORP.,26820,JACK DANIELS OLD #7 BLACK LABEL FLAT,24,375,8.25,12.38,10,123.80,3.75,0.99
INV-65780000003,2023-12-29T00:00:00.000,2708,HY-VEE FAST AND FRESH - WINDSOR HEIGHTS,7220 HICKMAN RD,WINDSOR HEIGHTS,50324,POINT (-93.717814988 41.61415299),,POLK,1011200,STRAIGHT BOURBON WHISKIES,065,JIM BEAM BRANDS,28275,JIM BEAM PEACH MINI,12,50,7.00,10.50,5,52.50,0.25,0.06
INV-65780000004,2023-12-29T00:00:00.000,2708,HY-VEE FAST AND FRESH - WINDSOR HEIGHTS,7220 HICKMAN RD,WINDSOR HEIGHTS,50324,POINT (-93.717814988 41.61415299),,POLK,1032100,IMPORTED VODKAS,370,PERNOD RICARD USA,34001,ABSOLUT SWEDISH VODKA 80PRF MINI,10,50,7.92,11.88,10,118.80,0.50,0.13
INV-65780000005,2023-12-29T00:00:00.000,2708,HY-VEE FAST AND FRESH - WINDSOR HEIGHTS,7220 HICKMAN RD,WINDSOR HEIGHTS,50324,POINT (-93.717814988 41.61415299),,POLK,1032100,IMPORTED VODKAS,370,PERNOD RICARD USA,34004,ABSOLUT SWEDISH VODKA 80PRF,24,375,4.99,7.49,24,179.76,9.00,2.37
INV-65780000006,2023-12-29T00:00:00.000,2708,HY-VEE FAST AND FRESH - WINDSOR HEIGHTS,7220 HICKMAN RD,WINDSOR HEIGHTS,50324,POINT (-93.717814988 41.61415299),,POLK,1031100,AMERICAN VODKAS,434,LUXCO INC,36304,HAWKEYE VODKA,24,375,2.00,3.00,24,72.00,9.00,2.37
INV-65780000007,2023-12-29T00:00:00.000,2708,HY-VEE FAST AND FRESH - WINDSOR HEIGHTS,7220 HICKMAN RD,WINDSOR HEIGHTS,50324,POINT (-93.717814988 41.61415299),,POLK,1031100,AMERICAN VODKAS,205,E & J GALLO WINERY,36968,NEW AMSTERDAM 80PRF,24,375,4.00,6.00,5,30.00,1.87,0.49
INV-65780000008,2023-12-29T00:00:00.000,2708,HY-VEE FAST AND FRESH - WINDSOR HEIGHTS,7220 HICKMAN RD,WINDSOR HEIGHTS,50324,POINT (-93.717814988 41.61415299),,POLK,1031100,AMERICAN VODKAS,301,FIFTH GENERATION INC,38174,TITOS HANDMADE VODKA,12,375,5.42,8.13,10,81.30,3.75,0.99
INV-65780000009,2023-12-29T00:00:00.000,2708,HY-VEE FAST AND FRESH - WINDSOR HEIGHTS,7220 HICKMAN RD,WINDSOR HEIGHTS,50324,POINT (-93.717814988 41.61415299),,POLK,1052100,IMPORTED BRANDIES,420,MOET HENNESSY USA,48105,HENNESSY VS,12,375,11.49,17.24,4,68.96,1.50,0.39
INV-65780000010,2023-12-29T00:00:00.000,2708,HY-VEE FAST AND FRESH - WINDSOR HEIGHTS,7220 HICKMAN RD,WINDSOR HEIGHTS,50324,POINT (-93.717814988 41.61415299),,POLK,1081600,WHISKEY LIQUEUR,421,SAZERAC COMPANY  INC,64863,FIREBALL CINNAMON WHISKEY,48,200,2.50,3.75,48,180.00,9.60,2.53
INV-65780000011,2023-12-29T00:00:00.000,2708,HY-VEE FAST AND FRESH - WINDSOR HEIGHTS,7220 HICKMAN RD,WINDSOR HEIGHTS,50324,POINT (-93.717814988 41.61415299),,POLK,1081600,WHISKEY LIQUEUR,421,SAZERAC COMPANY  INC,64864,FIREBALL CINNAMON WHISKEY,24,375,5.33,8.00,24,192.00,9.00,2.37
INV-65780000012,2023-12-29T00:00:00.000,2708,HY-VEE FAST AND FRESH - WINDSOR HEIGHTS,7220 HICKMAN RD,WINDSOR HEIGHTS,50324,POINT (-93.717814988 41.61415299),,POLK,1081600,WHISKEY LIQUEUR,421,SAZERAC COMPANY  INC,64870,FIREBALL CINNAMON WHISKEY,48,100,1.00,1.50,144,216.00,14.40,3.80
INV-65780000013,2023-12-29T00:00:00.000,2708,HY-VEE FAST AND FRESH - WINDSOR HEIGHTS,7220 HICKMAN RD,WINDSOR HEIGHTS,50324,POINT (-93.717814988 41.61415299),,POLK,1082100,IMPORTED CORDIALS & LIQUEURS,260,DIAGEO AMERICAS,69939,RUMPLE MINZE,12,375,7.49,11.24,5,56.20,1.87,0.49
INV-65780000014,2023-12-29T00:00:00.000,2708,HY-VEE FAST AND FRESH - WINDSOR HEIGHTS,7220 HICKMAN RD,WINDSOR HEIGHTS,50324,POINT (-93.717814988 41.61415299),,POLK,1081400,AMERICAN SCHNAPPS,421,SAZERAC COMPANY  INC,84172,99 BANANAS MINI,1,50,51.60,77.40,1,77.40,0.05,0.01
INV-65780000015,2023-12-29T00:00:00.000,2708,HY-VEE FAST AND FRESH - WINDSOR HEIGHTS,7220 HICKMAN RD,WINDSOR HEIGHTS,50324,POINT (-93.717814988 41.61415299),,POLK,1011400,TENNESSEE WHISKIES,085,BROWN FORMAN CORP.,86669,JACK DANIELS TENNESSEE HONEY,24,375,8.25,12.38,5,61.90,1.87,0.49
INV-65780000016,2023-12-29T00:00:00.000,2708,HY-VEE FAST AND FRESH - WINDSOR HEIGHTS,7220 HICKMAN RD,WINDSOR HEIGHTS,50324,POINT (-93.717814988 41.61415299),,POLK,1011400,TENNESSEE WHISKIES,085,BROWN FORMAN CORP.,86698,JACK DANIELS TENNESSEE FIRE,24,375,8.25,12.38,5,61.90,1.87,0.49
INV-65780100001,2023-12-29T00:00:00.000,5889,SUPER QUICK LIQUOR / WDM,1800 22ND ST,WEST DES MOINES,50266,POINT (-93.736764041 41.599012004),,POLK,1012400,IRISH WHISKIES,370,PERNOD RICARD USA,915859,HA REDBREAST PX EDITION,6,750,74.96,112.44,1,112.44,0.75,0.19
INV-65780200001,2023-12-29T00:00:00.000,5889,SUPER QUICK LIQUOR / WDM,1800 22ND ST,WEST DES MOINES,50266,POINT (-93.736764041 41.599012004),,POLK,1081400,AMERICAN SCHNAPPS,421,SAZERAC COMPANY  INC,102027,99 PUNCHES VARIETY MINI,1,50,51.60,77.40,1,77.40,0.05,0.01
INV-65780200002,2023-12-29T00:00:00.000,5889,SUPER QUICK LIQUOR / WDM,1800 22ND ST,WEST DES MOINES,50266,POINT (-93.736764041 41.599012004),,POLK,1012100,CANADIAN WHISKIES,260,DIAGEO AMERICAS,10802,CROWN ROYAL PEACH,12,750,17.49,26.24,2,52.48,1.50,0.39
INV-65780200003,2023-12-29T00:00:00.000,5889,SUPER QUICK LIQUOR / WDM,1800 22ND ST,WEST DES MOINES,50266,POINT (-93.736764041 41.599012004),,POLK,1012100,CANADIAN WHISKIES,260,DIAGEO AMERICAS,10805,CROWN ROYAL REGAL APPLE,24,375,8.49,12.74,3,38.22,1.12,0.29
INV-65780200004,2023-12-29T00:00:00.000,5889,SUPER QUICK LIQUOR / WDM,1800 22ND ST,WEST DES MOINES,50266,POINT (-93.736764041 41.599012004),,POLK,1012100,CANADIAN WHISKIES,260,DIAGEO AMERICAS,10807,CROWN ROYAL REGAL APPLE,12,750,17.49,26.24,1,26.24,0.75,0.19
INV-65780200005,2023-12-29T00:00:00.000,5889,SUPER QUICK LIQUOR / WDM,1800 22ND ST,WEST DES MOINES,50266,POINT (-93.736764041 41.599012004),,POLK,1012100,CANADIAN WHISKIES,260,DIAGEO AMERICAS,11296,CROWN ROYAL,12,750,17.49,26.24,4,104.96,3.00,0.79
INV-65780200006,2023-12-29T00:00:00.000,5889,SUPER QUICK LIQUOR / WDM,1800 22ND ST,WEST DES MOINES,50266,POINT (-93.736764041 41.599012004),,POLK,1012100,CANADIAN WHISKIES,260,DIAGEO AMERICAS,11298,CROWN ROYAL,6,1750,33.99,50.99,1,50.99,1.75,0.46
INV-65780200007,2023-12-29T00:00:00.000,5889,SUPER QUICK LIQUOR / WDM,1800 22ND ST,WEST DES MOINES,50266,POINT (-93.736764041 41.599012004),,POLK,1012100,CANADIAN WHISKIES,259,HEAVEN HILL BRANDS,11588,BLACK VELVET RESERVE,6,1750,15.00,22.50,3,67.50,5.25,1.38
INV-65780200008,2023-12-29T00:00:00.000,5889,SUPER QUICK LIQUOR / WDM,1800 22ND ST,WEST DES MOINES,50266,POINT (-93.736764041 41.599012004),,POLK,1012100,CANADIAN WHISKIES,259,HEAVEN HILL BRANDS,11774,BLACK VELVET,24,375,3.25,4.88,8,39.04,3.00,0.79
INV-65780200009,2023-12-29T00:00:00.000,5889,SUPER QUICK LIQUOR / WDM,1800 22ND ST,WEST DES MOINES,50266,POINT (-93.736764041 41.599012004),,POLK,1012400,IRISH WHISKIES,370,PERNOD RICARD USA,15627,JAMESON,12,1000,20.98,31.47,2,62.94,2.00,0.52
INV-65780200010,2023-12-29T00:00:00.000,5889,SUPER QUICK LIQUOR / WDM,1800 22ND ST,WEST DES MOINES,50266,POINT (-93.736764041 41.599012004),,POLK,1012400,IRISH WHISKIES,370,PERNOD RICARD USA,15628,JAMESON,6,1750,35.48,53.22,2,106.44,3.50,0.92
INV-65780200011,2023-12-29T00:00:00.000,5889,SUPER QUICK LIQUOR / WDM,1800 22ND ST,WEST DES MOINES,50266,POINT (-93.736764041 41.599012004),,POLK,1012400,IRISH WHISKIES,395,PROXIMO,15830,PROPER NO. TWELVE,12,750,14.00,21.00,2,42.00,1.50,0.39
INV-65780200012,2023-12-29T00:00:00.000,5889,SUPER QUICK LIQUOR / WDM,1800 22ND ST,WEST DES MOINES,50266,POINT (-93.736764041 41.599012004),,POLK,1701100,TEMPORARY & SPECIALTY PACKAGES,065,JIM BEAM BRANDS,16580,BAKERS 7YR,6,750,35.00,52.50,6,270.00,4.50,1.18
INV-65780200013,2023-12-29T00:00:00.000,5889,SUPER QUICK LIQUOR / WDM,1800 22ND ST,WEST DES MOINES,50266,POINT (-93.736764041 41.599012004),,POLK,1011200,STRAIGHT BOURBON WHISKIES,259,HEAVEN HILL BRANDS,18859,LARCENY SMALL BATCH,12,750,15.00,22.50,2,43.50,1.50,0.39
INV-65780200014,2023-12-29T00:00:00.000,5889,SUPER QUICK LIQUOR / WDM,1800 22ND ST,WEST DES MOINES,50266,POINT (-93.736764041 41.599012004),,POLK,1011200,STRAIGHT BOURBON WHISKIES,065,JIM BEAM BRANDS,19481,MAKERS MARK CASK STRENGTH,6,750,22.50,33.75,2,67.50,1.50,0.39
INV-65780200015,2023-12-29T00:00:00.000,5889,SUPER QUICK LIQUOR / WDM,1800 22ND ST,WEST DES MOINES,50266,POINT (-93.736764041 41.599012004),,POLK,1011200,STRAIGHT BOURBON WHISKIES,287,CHATHAM IMPORTS INC,19880,MICHTERS US*1 SMALL BATCH,6,750,24.50,36.75,2,73.50,1.50,0.39
INV-65780200016,2023-12-29T00:00:00.000,5889,SUPER QUICK LIQUOR / WDM,1800 22ND ST,WEST DES MOINES,50266,POINT (-93.736764041 41.599012004),,POLK,1012400,IRISH WHISKIES,305,MHW LTD,26101,KEEPERS HEARTS IRISH WHISKEY,6,700,17.50,26.25,2,52.50,1.40,0.36
INV-65780200017,2023-12-29T00:00:00.000,5889,SUPER QUICK LIQUOR / WDM,1800 22ND ST,WEST DES MOINES,50266,POINT (-93.736764041 41.599012004),,POLK,1011100,BLENDED WHISKIES,125,CEDAR RIDGE VINEYARDS LL,26710,SLIPKNOT IOWA WHISKEY NO. 9,6,750,21.33,32.00,1,32.00,0.75,0.19
INV-65780200018,2023-12-29T00:00:00.000,5889,SUPER QUICK LIQUOR / WDM,1800 22ND ST,WEST DES MOINES,50266,POINT (-93.736764041 41.599012004),,POLK,1011400,TENNESSEE WHISKIES,085,BROWN FORMAN CORP.,26821,JACK DANIELS OLD #7 BLACK LABEL MINI,12,50,11.50,17.25,1,17.25,0.05,0.01
INV-65780200019,2023-12-29T00:00:00.000,5889,SUPER QUICK LIQUOR / WDM,1800 22ND ST,WEST DES MOINES,50266,POINT (-93.736764041 41.599012004),,POLK,1011600,STRAIGHT RYE WHISKIES,255,INFINIUM SPIRITS,27102,TEMPLETON RYE 4YR,6,750,15.40,23.10,3,81.42,2.25,0.59
INV-65780200020,2023-12-29T00:00:00.000,5889,SUPER QUICK LIQUOR / WDM,1800 22ND ST,WEST DES MOINES,50266,POINT (-93.736764041 41.599012004),,POLK,1011600,STRAIGHT RYE WHISKIES,255,INFINIUM SPIRITS,27175,TEMPLETON RYE 4YR,6,1000,21.00,31.50,2,63.00,2.00,0.52
INV-65780200021,2023-12-29T00:00:00.000,5889,SUPER QUICK LIQUOR / WDM,1800 22ND ST,WEST DES MOINES,50266,POINT (-93.736764041 41.599012004),,POLK,1011200,STRAIGHT BOURBON WHISKIES,259,HEAVEN HILL BRANDS,28137,WIDOW JANE 10YR BOURBON WHISKEY,6,750,40.00,60.00,2,120.00,1.50,0.39
INV-65780200022,2023-12-29T00:00:00.000,5889,SUPER QUICK LIQUOR / WDM,1800 22ND ST,WEST DES MOINES,50266,POINT (-93.736764041 41.599012004),,POLK,1041100,AMERICAN DRY GINS,370,PERNOD RICARD USA,32236,SEAGRAMS EXTRA DRY GIN,12,750,7.99,11.99,2,23.98,1.50,0.39
INV-65780200023,2023-12-29T00:00:00.000,5889,SUPER QUICK LIQUOR / WDM,1800 22ND ST,WEST DES MOINES,50266,POINT (-93.736764041 41.599012004),,POLK,1041200,FLAVORED GIN,654,REVELTON DISTILLING COMPANY,33180,REVELTON MULBERRY GIN,6,750,17.50,26.25,2,52.50,1.50,0.39
INV-65780200024,2023-12-29T00:00:00.000,5889,SUPER QUICK LIQUOR / WDM,1800 22ND ST,WEST DES MOINES,50266,POINT (-93.736764041 41.599012004),,POLK,1032200,IMPORTED FLAVORED VODKA,370,PERNOD RICARD USA,33466,ABSOLUT LIME MINI,10,50,5.88,8.82,1,8.82,0.05,0.01
INV-65780200025,2023-12-29T00:00:00.000,5889,SUPER QUICK LIQUOR / WDM,1800 22ND ST,WEST DES MOINES,50266,POINT (-93.736764041 41.599012004),,POLK,1032100,IMPORTED VODKAS,370,PERNOD RICARD USA,34001,ABSOLUT SWEDISH VODKA 80PRF MINI,10,50,7.92,11.88,1,11.88,0.05,0.01
INV-65780200026,2023-12-29T00:00:00.000,5889,SUPER QUICK LIQUOR / WDM,1800 22ND ST,WEST DES MOINES,50266,POINT (-93.736764041 41.599012004),,POLK,1032100,IMPORTED VODKAS,421,SAZERAC COMPANY  INC,34366,FRIS DANISH VODKA,12,750,4.99,7.49,2,14.98,1.50,0.39
INV-65780200027,2023-12-29T00:00:00.000,5889,SUPER QUICK LIQUOR / WDM,1800 22ND ST,WEST DES MOINES,50266,POINT (-93.736764041 41.599012004),,POLK,1032100,IMPORTED VODKAS,035,BACARDI USA INC,34422,GREY GOOSE,6,1000,19.00,28.50,2,57.00,2.00,0.52
INV-65780200028,2023-12-29T00:00:00.000,5889,SUPER QUICK LIQUOR / WDM,1800 22ND ST,WEST DES MOINES,50266,POINT (-93.736764041 41.599012004),,POLK,1032100,IMPORTED VODKAS,277,STOLI GROUP,34746,STOLICHNAYA 80PRF,12,750,9.99,14.99,2,29.98,1.50,0.39
INV-65780200029,2023-12-29T00:00:00.000,5889,SUPER QUICK LIQUOR / WDM,1800 22ND ST,WEST DES MOINES,50266,POINT (-93.736764041 41.599012004),,POLK,1031100,AMERICAN VODKAS,115,CONSTELLATION BRANDS INC,34821,SVEDKA 80PRF,6,1750,13.40,20.10,2,40.20,3.50,0.92
INV-65780200030,2023-12-29T00:00:00.000,5889,SUPER QUICK LIQUOR / WDM,1800 22ND ST,WEST DES MOINES,50266,POINT (-93.736764041 41.599012004),,POLK,1032100,IMPORTED VODKAS,260,DIAGEO AMERICAS,36871,CIROC 80PRF,12,750,16.49,24.74,2,49.48,1.50,0.39
INV-65780200031,2023-12-29T00:00:00.000,5889,SUPER QUICK LIQUOR / WDM,1800 22ND ST,WEST DES MOINES,50266,POINT (-93.736764041 41.599012004),,POLK,1031100,AMERICAN VODKAS,777,"BLUE OX SPIRITS, INC.",36875,BLUE OX VODKA,6,1750,7.63,11.45,6,68.70,10.50,2.77
INV-65780200032,2023-12-29T00:00:00.000,5889,SUPER QUICK LIQUOR / WDM,1800 22ND ST,WEST DES MOINES,50266,POINT (-93.736764041 41.599012004),,POLK,1031100,AMERICAN VODKAS,205,E & J GALLO WINERY,36967,NEW AMSTERDAM 80PRF,24,200,1.99,2.99,6,17.94,1.20,0.31
INV-65780200033,2023-12-29T00:00:00.000,5889,SUPER QUICK LIQUOR / WDM,1800 22ND ST,WEST DES MOINES,50266,POINT (-93.736764041 41.599012004),,POLK,1031100,AMERICAN VODKAS,195,SWELL LIQUOR LLC,38056,SWELL VODKA,12,750,6.00,9.00,2,18.00,1.50,0.39
INV-65780200034,2023-12-29T00:00:00.000,5889,SUPER QUICK LIQUOR / WDM,1800 22ND ST,WEST DES MOINES,50266,POINT (-93.736764041 41.599012004),,POLK,1031100,AMERICAN VODKAS,301,FIFTH GENERATION INC,38176,TITOS HANDMADE VODKA,12,750,10.00,15.00,4,60.00,3.00,0.79
INV-65780200035,2023-12-29T00:00:00.000,5889,SUPER QUICK LIQUOR / WDM,1800 22ND ST,WEST DES MOINES,50266,POINT (-93.736764041 41.599012004),,POLK,1031100,AMERICAN VODKAS,301,FIFTH GENERATION INC,38179,TITOS HANDMADE VODKA,24,200,3.49,5.24,10,52.40,2.00,0.52
INV-65780200036,2023-12-29T00:00:00.000,5889,SUPER QUICK LIQUOR / WDM,1800 22ND ST,WEST DES MOINES,50266,POINT (-93.736764041 41.599012004),,POLK,1031200,AMERICAN FLAVORED VODKA,205,E & J GALLO WINERY,39422,NEW AMSTERDAM PINK WHITNEY MINI,12,50,4.61,6.92,1,6.92,0.05,0.01
INV-65780200037,2023-12-29T00:00:00.000,5889,SUPER QUICK LIQUOR / WDM,1800 22ND ST,WEST DES MOINES,50266,POINT (-93.736764041 41.599012004),,POLK,1031200,AMERICAN FLAVORED VODKA,205,E & J GALLO WINERY,39492,NEW AMSTERDAM PINK WHITNEY,12,750,8.00,12.00,3,36.00,2.25,0.59
INV-65780200038,2023-12-29T00:00:00.000,5889,SUPER QUICK LIQUOR / WDM,1800 22ND ST,WEST DES MOINES,50266,POINT (-93.736764041 41.599012004),,POLK,1031200,AMERICAN FLAVORED VODKA,259,HEAVEN HILL BRANDS,40359,BURNETTS STRAWBERRY BANANA,12,750,4.50,6.75,4,27.00,3.00,0.79
INV-65780200039,2023-12-29T00:00:00.000,5889,SUPER QUICK LIQUOR / WDM,1800 22ND ST,WEST DES MOINES,50266,POINT (-93.736764041 41.599012004),,POLK,1031200,AMERICAN FLAVORED VODKA,380,PHILLIPS BEVERAGE,41692,UV BLUE RASPBERRY,6,1750,11.50,17.25,2,34.50,3.50,0.92
INV-65780200040,2023-12-29T00:00:00.000,5889,SUPER QUICK LIQUOR / WDM,1800 22ND ST,WEST DES MOINES,50266,POINT (-93.736764041 41.599012004),,POLK,1062300,AGED DARK RUM,035,BACARDI USA INC,42370,BACARDI 8,12,750,15.00,22.50,2,45.00,1.50,0.39
INV-65780200041,2023-12-29T00:00:00.000,5889,SUPER QUICK LIQUOR / WDM,1800 22ND ST,WEST DES MOINES,50266,POINT (-93.736764041 41.599012004),,POLK,1062500,FLAVORED RUM,370,PERNOD RICARD USA,42687,MALIBU BLACK,12,750,8.99,13.49,3,40.47,2.25,0.59
INV-65780200042,2023-12-29T00:00:00.000,5889,SUPER QUICK LIQUOR / WDM,1800 22ND ST,WEST DES MOINES,50266,POINT (-93.736764041 41.599012004),,POLK,1062500,FLAVORED RUM,035,BACARDI USA INC,43747,BACARDI LIME,12,750,8.76,13.14,1,13.14,0.75,0.19
INV-65780200043,2023-12-29T00:00:00.000,5889,SUPER QUICK LIQUOR / WDM,1800 22ND ST,WEST DES MOINES,50266,POINT (-93.736764041 41.599012004),,POLK,1062300,AGED DARK RUM,619,CAMPARI AMERICA,43799,APPLETON ESTATE SIGNATURE BLEND,6,1750,19.00,28.50,1,28.50,1.75,0.46
INV-65780200044,2023-12-29T00:00:00.000,5889,SUPER QUICK LIQUOR / WDM,1800 22ND ST,WEST DES MOINES,50266,POINT (-93.736764041 41.599012004),,POLK,1062300,AGED DARK RUM,460,SHAW-ROSS INTERNATIONAL,44266,BRITISH NAVY PUSSERS RUM,6,750,13.34,20.01,1,20.01,0.75,0.19
INV-65780200045,2023-12-29T00:00:00.000,5889,SUPER QUICK LIQUOR / WDM,1800 22ND ST,WEST DES MOINES,50266,POINT (-93.736764041 41.599012004),,POLK,1062200,WHITE RUM,434,LUXCO INC,45278,PARAMOUNT WHITE RUM,6,1750,8.00,12.00,6,72.00,10.50,2.77
INV-65780200046,2023-12-29T00:00:00.000,5889,SUPER QUICK LIQUOR / WDM,1800 22ND ST,WEST DES MOINES,50266,POINT (-93.736764041 41.599012004),,POLK,1012300,SINGLE MALT SCOTCH,363,PATERNO IMPORTS LTD / TERLATO WINES INTERNATIONAL,4656,BUNNAHABHAIN 12YR,6,750,44.00,66.00,2,132.00,1.50,0.39
INV-65780200047,2023-12-29T00:00:00.000,5889,SUPER QUICK LIQUOR / WDM,1800 22ND ST,WEST DES MOINES,50266,POINT (-93.736764041 41.599012004),,POLK,1052100,IMPORTED BRANDIES,420,MOET HENNESSY USA,48101,HENNESSY VS MINI,10,50,31.80,47.70,1,47.70,0.05,0.01
INV-65780200048,2023-12-29T00:00:00.000,5889,SUPER QUICK LIQUOR / WDM,1800 22ND ST,WEST DES MOINES,50266,POINT (-93.736764041 41.599012004),,POLK,1052100,IMPORTED BRANDIES,420,MOET HENNESSY USA,48105,HENNESSY VS,12,375,11.49,17.24,4,68.96,1.50,0.39
INV-65780200049,2023-12-29T00:00:00.000,5889,SUPER QUICK LIQUOR / WDM,1800 22ND ST,WEST DES MOINES,50266,POINT (-93.736764041 41.599012004),,POLK,1012300,SINGLE MALT SCOTCH,205,E & J GALLO WINERY,4825,DALMORE 12YR,6,750,37.33,56.00,1,56.00,0.75,0.19
INV-65780200050,2023-12-29T00:00:00.000,5889,SUPER QUICK LIQUOR / WDM,1800 22ND ST,WEST DES MOINES,50266,POINT (-93.736764041 41.599012004),,POLK,1051100,AMERICAN BRANDIES,205,E & J GALLO WINERY,52582,E & J VSOP,12,750,7.24,10.86,2,21.72,1.50,0.39
INV-65780200051,2023-12-29T00:00:00.000,5889,SUPER QUICK LIQUOR / WDM,1800 22ND ST,WEST DES MOINES,50266,POINT (-93.736764041 41.599012004),,POLK,1071000,COCKTAILS/RTD,395,PROXIMO,59161,1800 ULTIMATE PEACH MARGARITA PET,6,1750,10.04,15.06,2,30.12,3.50,0.92
INV-65780200052,2023-12-29T00:00:00.000,5889,SUPER QUICK LIQUOR / WDM,1800 22ND ST,WEST DES MOINES,50266,POINT (-93.736764041 41.599012004),,POLK,1071000,COCKTAILS/RTD,395,PROXIMO,59185,1800 ULTIMATE BLOOD ORANGE MARGARITA PET,6,1750,10.04,15.06,1,15.06,1.75,0.46
INV-65780200053,2023-12-29T00:00:00.000,5889,SUPER QUICK LIQUOR / WDM,1800 22ND ST,WEST DES MOINES,50266,POINT (-93.736764041 41.599012004),,POLK,1012300,SINGLE MALT SCOTCH,205,E & J GALLO WINERY,6075,DALMORE 14YR,6,750,51.33,77.00,1,70.01,0.75,0.19
INV-65780200054,2023-12-29T00:00:00.000,5889,SUPER QUICK LIQUOR / WDM,1800 22ND ST,WEST DES MOINES,50266,POINT (-93.736764041 41.599012004),,POLK,1071000,COCKTAILS/RTD,380,PHILLIPS BEVERAGE,63959,UV BLUE RASPBERRY LEMONADE PET,6,1750,6.39,9.59,2,19.18,3.50,0.92
INV-65780200055,2023-12-29T00:00:00.000,5889,SUPER QUICK LIQUOR / WDM,1800 22ND ST,WEST DES MOINES,50266,POINT (-93.736764041 41.599012004),,POLK,1082100,IMPORTED CORDIALS & LIQUEURS,305,MHW LTD,64000,ABSENTE,12,750,24.63,36.95,1,36.95,0.75,0.19
INV-65780200056,2023-12-29T00:00:00.000,5889,SUPER QUICK LIQUOR / WDM,1800 22ND ST,WEST DES MOINES,50266,POINT (-93.736764041 41.599012004),,POLK,1082100,IMPORTED CORDIALS & LIQUEURS,619,CAMPARI AMERICA,64636,CAMPARI ITALIAN APERITIVO,12,750,17.50,26.25,1,26.25,0.75,0.19
INV-65780200057,2023-12-29T00:00:00.000,5889,SUPER QUICK LIQUOR / WDM,1800 22ND ST,WEST DES MOINES,50266,POINT (-93.736764041 41.599012004),,POLK,1082100,IMPORTED CORDIALS & LIQUEURS,389,REMY COINTREAU USA INC,64776,COINTREAU LIQUEUR,12,750,22.98,34.47,2,68.94,1.50,0.39
INV-65780200058,2023-12-29T00:00:00.000,5889,SUPER QUICK LIQUOR / WDM,1800 22ND ST,WEST DES MOINES,50266,POINT (-93.736764041 41.599012004),,POLK,1081600,WHISKEY LIQUEUR,421,SAZERAC COMPANY  INC,64858,FIREBALL CINNAMON WHISKEY MINI DISPENSER,1,50,25.80,38.70,1,38.70,0.05,0.01
INV-65780200059,2023-12-29T00:00:00.000,5889,SUPER QUICK LIQUOR / WDM,1800 22ND ST,WEST DES MOINES,50266,POINT (-93.736764041 41.599012004),,POLK,1081600,WHISKEY LIQUEUR,421,SAZERAC COMPANY  INC,64864,FIREBALL CINNAMON WHISKEY,24,375,5.33,8.00,4,32.00,1.50,0.39
INV-65780200060,2023-12-29T00:00:00.000,5889,SUPER QUICK LIQUOR / WDM,1800 22ND ST,WEST DES MOINES,50266,POINT (-93.736764041 41.599012004),,POLK,1081600,WHISKEY LIQUEUR,421,SAZERAC COMPANY  INC,64868,FIREBALL CINNAMON WHISKEY,6,1750,16.00,24.00,6,144.00,10.50,2.77
INV-65780200061,2023-12-29T00:00:00.000,5889,SUPER QUICK LIQUOR / WDM,1800 22ND ST,WEST DES MOINES,50266,POINT (-93.736764041 41.599012004),,POLK,1081200,CREAM LIQUEURS,300,MCCORMICK DISTILLING CO.,65209,TEQUILA ROSE STRAWBERRY,12,375,8.49,12.74,3,38.22,1.12,0.29
INV-65780200062,2023-12-29T00:00:00.000,5889,SUPER QUICK LIQUOR / WDM,1800 22ND ST,WEST DES MOINES,50266,POINT (-93.736764041 41.599012004),,POLK,1012200,SCOTCH WHISKIES,260,DIAGEO AMERICAS,65533,BUCHANANS PINEAPPLE,12,750,20.99,31.49,1,31.49,0.75,0.19
INV-65780200063,2023-12-29T00:00:00.000,5889,SUPER QUICK LIQUOR / WDM,1800 22ND ST,WEST DES MOINES,50266,POINT (-93.736764041 41.599012004),,POLK,1082100,IMPORTED CORDIALS & LIQUEURS,205,E & J GALLO WINERY,65969,AMARO MONTENEGRO,6,750,21.00,31.50,2,63.00,1.50,0.39
INV-65780200064,2023-12-29T00:00:00.000,5889,SUPER QUICK LIQUOR / WDM,1800 22ND ST,WEST DES MOINES,50266,POINT (-93.736764041 41.599012004),,POLK,1081100,COFFEE LIQUEURS,370,PERNOD RICARD USA,67524,KAHLUA COFFEE,24,375,8.99,13.49,4,53.96,1.50,0.39
INV-65780200065,2023-12-29T00:00:00.000,5889,SUPER QUICK LIQUOR / WDM,1800 22ND ST,WEST DES MOINES,50266,POINT (-93.736764041 41.599012004),,POLK,1081100,COFFEE LIQUEURS,370,PERNOD RICARD USA,67527,KAHLUA COFFEE,12,1000,18.99,28.49,2,56.98,2.00,0.52
INV-65780200066,2023-12-29T00:00:00.000,5889,SUPER QUICK LIQUOR / WDM,1800 22ND ST,WEST DES MOINES,50266,POINT (-93.736764041 41.599012004),,POLK,1082100,IMPORTED CORDIALS & LIQUEURS,260,DIAGEO AMERICAS,67900,BAILEYS CHOCOLATE,12,750,16.49,24.74,2,49.48,1.50,0.39
INV-65780200067,2023-12-29T00:00:00.000,5889,SUPER QUICK LIQUOR / WDM,1800 22ND ST,WEST DES MOINES,50266,POINT (-93.736764041 41.599012004),,POLK,1081200,CREAM LIQUEURS,260,DIAGEO AMERICAS,68031,BAILEYS ORIGINAL IRISH CREAM MINI,4,1000,29.80,44.70,1,44.70,1.00,0.26
INV-65780200068,2023-12-29T00:00:00.000,5889,SUPER QUICK LIQUOR / WDM,1800 22ND ST,WEST DES MOINES,50266,POINT (-93.736764041 41.599012004),,POLK,1081200,CREAM LIQUEURS,260,DIAGEO AMERICAS,68037,BAILEYS ORIGINAL IRISH CREAM,12,1000,20.99,31.49,2,62.98,2.00,0.52
INV-65780200069,2023-12-29T00:00:00.000,5889,SUPER QUICK LIQUOR / WDM,1800 22ND ST,WEST DES MOINES,50266,POINT (-93.736764041 41.599012004),,POLK,1082200,IMPORTED SCHNAPPS,260,DIAGEO AMERICAS,69946,RUMPLE MINZE PEPPERMINT SCHNAPPS LIQUEUR,12,750,13.99,20.99,2,41.98,1.50,0.39
INV-65780200070,2023-12-29T00:00:00.000,5889,SUPER QUICK LIQUOR / WDM,1800 22ND ST,WEST DES MOINES,50266,POINT (-93.736764041 41.599012004),,POLK,1081300,AMERICAN CORDIALS & LIQUEURS,772,INTERCONTINENTAL PACKAGING COMPANY/PRESTIGE BEVERAGE GROUP,75212,KINKY BLUE MINI,6,50,4.84,7.26,1,7.26,0.05,0.01
INV-65780200071,2023-12-29T00:00:00.000,5889,SUPER QUICK LIQUOR / WDM,1800 22ND ST,WEST DES MOINES,50266,POINT (-93.736764041 41.599012004),,POLK,1701100,TEMPORARY & SPECIALTY PACKAGES,384,PIEDMONT DISTILLERS INC,76220,MOSHINE PASSION FRUIT,6,750,12.84,19.26,1,19.26,0.75,0.19
INV-65780200072,2023-12-29T00:00:00.000,5889,SUPER QUICK LIQUOR / WDM,1800 22ND ST,WEST DES MOINES,50266,POINT (-93.736764041 41.599012004),,POLK,1031200,AMERICAN FLAVORED VODKA,260,DIAGEO AMERICAS,77698,SMIRNOFF ORANGE,12,750,8.25,12.38,2,24.76,1.50,0.39
INV-65780200073,2023-12-29T00:00:00.000,5889,SUPER QUICK LIQUOR / WDM,1800 22ND ST,WEST DES MOINES,50266,POINT (-93.736764041 41.599012004),,POLK,1081400,AMERICAN SCHNAPPS,421,SAZERAC COMPANY  INC,84201,99 PINEAPPLE,12,750,7.50,11.25,3,33.75,2.25,0.59
INV-65780200074,2023-12-29T00:00:00.000,5889,SUPER QUICK LIQUOR / WDM,1800 22ND ST,WEST DES MOINES,50266,POINT (-93.736764041 41.599012004),,POLK,1701100,TEMPORARY & SPECIALTY PACKAGES,370,PERNOD RICARD USA,86007,SKREWBALL EGGNOG,6,750,9.99,14.99,1,14.99,0.75,0.19
INV-65780200075,2023-12-29T00:00:00.000,5889,SUPER QUICK LIQUOR / WDM,1800 22ND ST,WEST DES MOINES,50266,POINT (-93.736764041 41.599012004),,POLK,1091100,AMERICAN DISTILLED SPIRITS SPECIALTY,370,PERNOD RICARD USA,86439,SKREWBALL PEANUT BUTTER WHISKEY,12,750,14.99,22.49,1,22.49,0.75,0.19
INV-65780200076,2023-12-29T00:00:00.000,5889,SUPER QUICK LIQUOR / WDM,1800 22ND ST,WEST DES MOINES,50266,POINT (-93.736764041 41.599012004),,POLK,1091300,NEUTRAL GRAIN SPIRITS FLAVORED,346,OLE SMOKY DISTILLERY LLC,86839,OLE SMOKY MANGO HABANERO WHISKEY,6,750,11.00,16.50,2,33.00,1.50,0.39
INV-65780200077,2023-12-29T00:00:00.000,5889,SUPER QUICK LIQUOR / WDM,1800 22ND ST,WEST DES MOINES,50266,POINT (-93.736764041 41.599012004),,POLK,1022200,100% AGAVE TEQUILA,611,"GLOBAL BEVERAGE TEAM, LLC",87111,AZTECA AZUL PLATA,12,1000,14.66,21.99,2,43.98,2.00,0.52
INV-65780200078,2023-12-29T00:00:00.000,5889,SUPER QUICK LIQUOR / WDM,1800 22ND ST,WEST DES MOINES,50266,POINT (-93.736764041 41.599012004),,POLK,1022200,100% AGAVE TEQUILA,260,DIAGEO AMERICAS,87485,DON JULIO BLANCO,6,750,30.99,46.49,2,92.98,1.50,0.39
INV-65780200079,2023-12-29T00:00:00.000,5889,SUPER QUICK LIQUOR / WDM,1800 22ND ST,WEST DES MOINES,50266,POINT (-93.736764041 41.599012004),,POLK,1022200,100% AGAVE TEQUILA,395,PROXIMO,87725,GRAN CORAMINO REPOSADO CRISTALINO,6,750,25.00,37.50,1,37.50,0.75,0.19
INV-65780200080,2023-12-29T00:00:00.000,5889,SUPER QUICK LIQUOR / WDM,1800 22ND ST,WEST DES MOINES,50266,POINT (-93.736764041 41.599012004),,POLK,1022200,100% AGAVE TEQUILA,035,BACARDI USA INC,88291,PATRON SILVER MINI,10,50,23.00,34.50,1,34.50,0.05,0.01
INV-65780200081,2023-12-29T00:00:00.000,5889,SUPER QUICK LIQUOR / WDM,1800 22ND ST,WEST DES MOINES,50266,POINT (-93.736764041 41.599012004),,POLK,1022200,100% AGAVE TEQUILA,035,BACARDI USA INC,88294,PATRON SILVER,12,375,15.00,22.50,4,90.00,1.50,0.39
INV-65780200082,2023-12-29T00:00:00.000,5889,SUPER QUICK LIQUOR / WDM,1800 22ND ST,WEST DES MOINES,50266,POINT (-93.736764041 41.599012004),,POLK,1022200,100% AGAVE TEQUILA,035,BACARDI USA INC,88296,PATRON SILVER,12,750,28.00,42.00,3,126.00,2.25,0.59
INV-65780200083,2023-12-29T00:00:00.000,5889,SUPER QUICK LIQUOR / WDM,1800 22ND ST,WEST DES MOINES,50266,POINT (-93.736764041 41.599012004),,POLK,1022200,100% AGAVE TEQUILA,192,"MAST-JAGERMEISTER US, INC",88369,TEREMANA REPOSADO TEQUILA,12,375,9.53,14.30,2,28.60,0.75,0.19
INV-65780200084,2023-12-29T00:00:00.000,5889,SUPER QUICK LIQUOR / WDM,1800 22ND ST,WEST DES MOINES,50266,POINT (-93.736764041 41.599012004),,POLK,1022100,MIXTO TEQUILA,065,JIM BEAM BRANDS,88556,SAUZA BLANCO SILVER,12,750,10.50,15.75,2,31.50,1.50,0.39
INV-65780200085,2023-12-29T00:00:00.000,5889,SUPER QUICK LIQUOR / WDM,1800 22ND ST,WEST DES MOINES,50266,POINT (-93.736764041 41.599012004),,POLK,1022200,100% AGAVE TEQUILA,260,DIAGEO AMERICAS,89174,DON JULIO ANEJO,12,375,17.49,26.24,3,78.72,1.12,0.29
INV-65780200086,2023-12-29T00:00:00.000,5889,SUPER QUICK LIQUOR / WDM,1800 22ND ST,WEST DES MOINES,50266,POINT (-93.736764041 41.599012004),,POLK,1022200,100% AGAVE TEQUILA,260,DIAGEO AMERICAS,89177,CASAMIGOS REPOSADO,6,750,29.99,44.99,3,134.97,2.25,0.59
INV-65780200087,2023-12-29T00:00:00.000,5889,SUPER QUICK LIQUOR / WDM,1800 22ND ST,WEST DES MOINES,50266,POINT (-93.736764041 41.599012004),,POLK,1022100,MIXTO TEQUILA,395,PROXIMO,89191,JOSE CUERVO ESPECIAL REPOSADO MINI,12,50,12.33,18.50,1,18.50,0.05,0.01
INV-65780200088,2023-12-29T00:00:00.000,5889,SUPER QUICK LIQUOR / WDM,1800 22ND ST,WEST DES MOINES,50266,POINT (-93.736764041 41.599012004),,POLK,1022100,MIXTO TEQUILA,395,PROXIMO,89194,JOSE CUERVO ESPECIAL REPOSADO FLASK,24,375,6.53,9.80,8,78.40,3.00,0.79
INV-65780200089,2023-12-29T00:00:00.000,5889,SUPER QUICK LIQUOR / WDM,1800 22ND ST,WEST DES MOINES,50266,POINT (-93.736764041 41.599012004),,POLK,1022100,MIXTO TEQUILA,395,PROXIMO,89196,JOSE CUERVO ESPECIAL REPOSADO,12,750,12.00,18.00,3,54.00,2.25,0.59
INV-65780200090,2023-12-29T00:00:00.000,5889,SUPER QUICK LIQUOR / WDM,1800 22ND ST,WEST DES MOINES,50266,POINT (-93.736764041 41.599012004),,POLK,1022100,MIXTO TEQUILA,421,SAZERAC COMPANY  INC,89234,CORAZON ANEJO,6,750,15.00,22.50,2,45.00,1.50,0.39
INV-65780200091,2023-12-29T00:00:00.000,5889,SUPER QUICK LIQUOR / WDM,1800 22ND ST,WEST DES MOINES,50266,POINT (-93.736764041 41.599012004),,POLK,1022200,100% AGAVE TEQUILA,255,INFINIUM SPIRITS,89249,CORRALEJO REPOSADO,6,1750,30.50,45.75,2,91.50,3.50,0.92
INV-65780200092,2023-12-29T00:00:00.000,5889,SUPER QUICK LIQUOR / WDM,1800 22ND ST,WEST DES MOINES,50266,POINT (-93.736764041 41.599012004),,POLK,1022200,100% AGAVE TEQUILA,619,CAMPARI AMERICA,89286,ESPOLON REPOSADO,12,750,17.50,26.25,3,78.75,2.25,0.59
INV-65780200093,2023-12-29T00:00:00.000,5889,SUPER QUICK LIQUOR / WDM,1800 22ND ST,WEST DES MOINES,50266,POINT (-93.736764041 41.599012004),,POLK,1022200,100% AGAVE TEQUILA,300,MCCORMICK DISTILLING CO.,89665,HUSSONGS PLATINUM ANEJO,6,750,37.00,55.50,1,55.50,0.75,0.19
INV-65780200094,2023-12-29T00:00:00.000,5889,SUPER QUICK LIQUOR / WDM,1800 22ND ST,WEST DES MOINES,50266,POINT (-93.736764041 41.599012004),,POLK,1022200,100% AGAVE TEQUILA,065,JIM BEAM BRANDS,89836,HORNITOS REPOSADO,12,750,16.00,24.00,2,48.00,1.50,0.39
INV-65780200095,2023-12-29T00:00:00.000,5889,SUPER QUICK LIQUOR / WDM,1800 22ND ST,WEST DES MOINES,50266,POINT (-93.736764041 41.599012004),,POLK,1092100,IMPORTED DISTILLED SPIRITS SPECIALTY,293,JINRO AMERICA INC,965221,SOOH JINRO CHAMISUL SOJU,12,750,5.60,8.40,4,33.60,3.00,0.79
INV-65780200096,2023-12-29T00:00:00.000,5889,SUPER QUICK LIQUOR / WDM,1800 22ND ST,WEST DES MOINES,50266,POINT (-93.736764041 41.599012004),,POLK,1092100,IMPORTED DISTILLED SPIRITS SPECIALTY,293,JINRO AMERICA INC,965269,SOOH JINRO CHAMISUL CLASSIC SOJU,12,750,5.60,8.40,6,50.40,4.50,1.18
INV-65780300001,2023-12-29T00:00:00.000,4393,KUM & GO #206 / CLIVE,1725 NW 86TH ST,CLIVE,50325,POINT (-93.735560986 41.607205985),,POLK,1012100,CANADIAN WHISKIES,260,DIAGEO AMERICAS,10805,CROWN ROYAL REGAL APPLE,24,375,8.49,12.74,3,38.22,1.12,0.29
INV-65780300002,2023-12-29T00:00:00.000,4393,KUM & GO #206 / CLIVE,1725 NW 86TH ST,CLIVE,50325,POINT (-93.735560986 41.607205985),,POLK,1012100,CANADIAN WHISKIES,260,DIAGEO AMERICAS,11294,CROWN ROYAL,24,375,8.49,12.74,1,12.74,0.37,0.09
INV-65780300003,2023-12-29T00:00:00.000,4393,KUM & GO #206 / CLIVE,1725 NW 86TH ST,CLIVE,50325,POINT (-93.735560986 41.607205985),,POLK,1012100,CANADIAN WHISKIES,259,HEAVEN HILL BRANDS,11774,BLACK VELVET,24,375,3.25,4.88,5,24.40,1.87,0.49
INV-65780300004,2023-12-29T00:00:00.000,4393,KUM & GO #206 / CLIVE,1725 NW 86TH ST,CLIVE,50325,POINT (-93.735560986 41.607205985),,POLK,1012100,CANADIAN WHISKIES,259,HEAVEN HILL BRANDS,11776,BLACK VELVET,12,750,5.50,8.25,4,33.00,3.00,0.79
INV-65780300005,2023-12-29T00:00:00.000,4393,KUM & GO #206 / CLIVE,1725 NW 86TH ST,CLIVE,50325,POINT (-93.735560986 41.607205985),,POLK,1011200,STRAIGHT BOURBON WHISKIES,830,KIRIN BEER & SPIRITS OF AMERICA INC / FOUR ROSES DISTILLERY,18348,FOUR ROSES SMALL BATCH,6,750,18.50,27.75,3,83.25,2.25,0.59
INV-65780300006,2023-12-29T00:00:00.000,4393,KUM & GO #206 / CLIVE,1725 NW 86TH ST,CLIVE,50325,POINT (-93.735560986 41.607205985),,POLK,1011200,STRAIGHT BOURBON WHISKIES,065,JIM BEAM BRANDS,19064,JIM BEAM,24,375,5.60,8.40,1,8.40,0.37,0.09
INV-65780300007,2023-12-29T00:00:00.000,4393,KUM & GO #206 / CLIVE,1725 NW 86TH ST,CLIVE,50325,POINT (-93.735560986 41.607205985),,POLK,1011200,STRAIGHT BOURBON WHISKIES,065,JIM BEAM BRANDS,19066,JIM BEAM,12,750,11.00,16.50,1,16.50,0.75,0.19
INV-65780300008,2023-12-29T00:00:00.000,4393,KUM & GO #206 / CLIVE,1725 NW 86TH ST,CLIVE,50325,POINT (-93.735560986 41.607205985),,POLK,1011200,STRAIGHT BOURBON WHISKIES,065,JIM BEAM BRANDS,19226,KNOB CREEK,6,750,21.00,31.50,2,63.00,1.50,0.39
INV-65780300009,2023-12-29T00:00:00.000,4393,KUM & GO #206 / CLIVE,1725 NW 86TH ST,CLIVE,50325,POINT (-93.735560986 41.607205985),,POLK,1011200,STRAIGHT BOURBON WHISKIES,065,JIM BEAM BRANDS,19476,MAKERS MARK,12,750,18.00,27.00,1,27.00,0.75,0.19
INV-65780300010,2023-12-29T00:00:00.000,4393,KUM & GO #206 / CLIVE,1725 NW 86TH ST,CLIVE,50325,POINT (-93.735560986 41.607205985),,POLK,1011400,TENNESSEE WHISKIES,085,BROWN FORMAN CORP.,26820,JACK DANIELS OLD #7 BLACK LABEL FLAT,24,375,8.25,12.38,1,12.38,0.37,0.09
INV-65780300011,2023-12-29T00:00:00.000,4393,KUM & GO #206 / CLIVE,1725 NW 86TH ST,CLIVE,50325,POINT (-93.735560986 41.607205985),,POLK,1011400,TENNESSEE WHISKIES,085,BROWN FORMAN CORP.,26826,JACK DANIELS OLD #7 BLACK LABEL,12,750,15.91,23.87,4,95.48,3.00,0.79
INV-65780300012,2023-12-29T00:00:00.000,4393,KUM & GO #206 / CLIVE,1725 NW 86TH ST,CLIVE,50325,POINT (-93.735560986 41.607205985),,POLK,1011100,BLENDED WHISKIES,154,DUNKEL CORPORATION / IOWA DISTILLING,27629,PRAIRIE FIRE,12,750,9.09,13.64,1,13.64,0.75,0.19
INV-65780300013,2023-12-29T00:00:00.000,4393,KUM & GO #206 / CLIVE,1725 NW 86TH ST,CLIVE,50325,POINT (-93.735560986 41.607205985),,POLK,1031100,AMERICAN VODKAS,434,LUXCO INC,36304,HAWKEYE VODKA,24,375,2.00,3.00,6,18.00,2.25,0.59
INV-65780300014,2023-12-29T00:00:00.000,4393,KUM & GO #206 / CLIVE,1725 NW 86TH ST,CLIVE,50325,POINT (-93.735560986 41.607205985),,POLK,1031100,AMERICAN VODKAS,434,LUXCO INC,36306,HAWKEYE VODKA,12,750,3.50,5.25,6,31.50,4.50,1.18
INV-65780300015,2023-12-29T00:00:00.000,4393,KUM & GO #206 / CLIVE,1725 NW 86TH ST,CLIVE,50325,POINT (-93.735560986 41.607205985),,POLK,1031100,AMERICAN VODKAS,777,"BLUE OX SPIRITS, INC.",36875,BLUE OX VODKA,6,1750,7.63,11.45,2,22.90,3.50,0.92
INV-65780300016,2023-12-29T00:00:00.000,4393,KUM & GO #206 / CLIVE,1725 NW 86TH ST,CLIVE,50325,POINT (-93.735560986 41.607205985),,POLK,1031100,AMERICAN VODKAS,777,"BLUE OX SPIRITS, INC.",36989,BLUE OX VODKA PET,12,750,3.69,5.54,1,5.76,0.75,0.19
INV-65780300017,2023-12-29T00:00:00.000,4393,KUM & GO #206 / CLIVE,1725 NW 86TH ST,CLIVE,50325,POINT (-93.735560986 41.607205985),,POLK,1031100,AMERICAN VODKAS,260,DIAGEO AMERICAS,37994,SMIRNOFF 80PRF,24,375,4.99,7.49,5,37.45,1.87,0.49
INV-65780300018,2023-12-29T00:00:00.000,4393,KUM & GO #206 / CLIVE,1725 NW 86TH ST,CLIVE,50325,POINT (-93.735560986 41.607205985),,POLK,1031100,AMERICAN VODKAS,301,FIFTH GENERATION INC,38174,TITOS HANDMADE VODKA,12,375,5.42,8.13,2,16.26,0.75,0.19
INV-65780300019,2023-12-29T00:00:00.000,4393,KUM & GO #206 / CLIVE,1725 NW 86TH ST,CLIVE,50325,POINT (-93.735560986 41.607205985),,POLK,1031100,AMERICAN VODKAS,301,FIFTH GENERATION INC,38176,TITOS HANDMADE VODKA,12,750,10.00,15.00,3,45.00,2.25,0.59
INV-65780300020,2023-12-29T00:00:00.000,4393,KUM & GO #206 / CLIVE,1725 NW 86TH ST,CLIVE,50325,POINT (-93.735560986 41.607205985),,POLK,1031100,AMERICAN VODKAS,301,FIFTH GENERATION INC,38178,TITOS HANDMADE VODKA,6,1750,19.00,28.50,2,57.00,3.50,0.92
INV-65780300021,2023-12-29T00:00:00.000,4393,KUM & GO #206 / CLIVE,1725 NW 86TH ST,CLIVE,50325,POINT (-93.735560986 41.607205985),,POLK,1062200,WHITE RUM,035,BACARDI USA INC,43126,BACARDI SUPERIOR,12,750,8.76,13.14,2,26.28,1.50,0.39
INV-65780300022,2023-12-29T00:00:00.000,4393,KUM & GO #206 / CLIVE,1725 NW 86TH ST,CLIVE,50325,POINT (-93.735560986 41.607205985),,POLK,1062400,SPICED RUM,260,DIAGEO AMERICAS,43334,CAPTAIN MORGAN ORIGINAL SPICED,24,375,5.24,7.86,2,15.72,0.75,0.19
INV-65780300023,2023-12-29T00:00:00.000,4393,KUM & GO #206 / CLIVE,1725 NW 86TH ST,CLIVE,50325,POINT (-93.735560986 41.607205985),,POLK,1062400,SPICED RUM,260,DIAGEO AMERICAS,43336,CAPTAIN MORGAN ORIGINAL SPICED,12,750,9.49,14.24,1,14.24,0.75,0.19
INV-65780300024,2023-12-29T00:00:00.000,4393,KUM & GO #206 / CLIVE,1725 NW 86TH ST,CLIVE,50325,POINT (-93.735560986 41.607205985),,POLK,1052100,IMPORTED BRANDIES,420,MOET HENNESSY USA,48105,HENNESSY VS,12,375,11.49,17.24,2,34.48,0.75,0.19
INV-65780300025,2023-12-29T00:00:00.000,4393,KUM & GO #206 / CLIVE,1725 NW 86TH ST,CLIVE,50325,POINT (-93.735560986 41.607205985),,POLK,1052100,IMPORTED BRANDIES,420,MOET HENNESSY USA,48106,HENNESSY VS,12,750,19.99,29.99,1,29.99,0.75,0.19
INV-65780300026,2023-12-29T00:00:00.000,4393,KUM & GO #206 / CLIVE,1725 NW 86TH ST,CLIVE,50325,POINT (-93.735560986 41.607205985),,POLK,1051100,AMERICAN BRANDIES,205,E & J GALLO WINERY,52596,E & J VS,12,750,6.50,9.75,1,9.75,0.75,0.19
INV-65780300027,2023-12-29T00:00:00.000,4393,KUM & GO #206 / CLIVE,1725 NW 86TH ST,CLIVE,50325,POINT (-93.735560986 41.607205985),,POLK,1081600,WHISKEY LIQUEUR,421,SAZERAC COMPANY  INC,64863,FIREBALL CINNAMON WHISKEY,48,200,2.50,3.75,5,18.75,1.00,0.26
INV-65780300028,2023-12-29T00:00:00.000,4393,KUM & GO #206 / CLIVE,1725 NW 86TH ST,CLIVE,50325,POINT (-93.735560986 41.607205985),,POLK,1081600,WHISKEY LIQUEUR,421,SAZERAC COMPANY  INC,64864,FIREBALL CINNAMON WHISKEY,24,375,5.33,8.00,5,40.00,1.87,0.49
INV-65780300029,2023-12-29T00:00:00.000,4393,KUM & GO #206 / CLIVE,1725 NW 86TH ST,CLIVE,50325,POINT (-93.735560986 41.607205985),,POLK,1081600,WHISKEY LIQUEUR,421,SAZERAC COMPANY  INC,64866,FIREBALL CINNAMON WHISKEY,12,750,9.00,13.50,3,40.50,2.25,0.59
INV-65780300030,2023-12-29T00:00:00.000,4393,KUM & GO #206 / CLIVE,1725 NW 86TH ST,CLIVE,50325,POINT (-93.735560986 41.607205985),,POLK,1012100,CANADIAN WHISKIES,259,HEAVEN HILL BRANDS,86019,BLACK VELVET PEACH CANADIAN WHISKEY,6,1750,11.00,16.50,3,49.50,5.25,1.38
INV-65780300031,2023-12-29T00:00:00.000,4393,KUM & GO #206 / CLIVE,1725 NW 86TH ST,CLIVE,50325,POINT (-93.735560986 41.607205985),,POLK,1022100,MIXTO TEQUILA,395,PROXIMO,87408,JOSE CUERVO ESPECIAL SILVER,12,750,12.00,18.00,1,18.00,0.75,0.19
INV-65780300032,2023-12-29T00:00:00.000,4393,KUM & GO #206 / CLIVE,1725 NW 86TH ST,CLIVE,50325,POINT (-93.735560986 41.607205985),,POLK,1022200,100% AGAVE TEQUILA,035,BACARDI USA INC,88294,PATRON SILVER,12,375,15.00,22.50,1,22.50,0.37,0.09
INV-65780300033,2023-12-29T00:00:00.000,4393,KUM & GO #206 / CLIVE,1725 NW 86TH ST,CLIVE,50325,POINT (-93.735560986 41.607205985),,POLK,1022200,100% AGAVE TEQUILA,035,BACARDI USA INC,88296,PATRON SILVER,12,750,28.00,42.00,2,84.00,1.50,0.39
INV-65780300034,2023-12-29T00:00:00.000,4393,KUM & GO #206 / CLIVE,1725 NW 86TH ST,CLIVE,50325,POINT (-93.735560986 41.607205985),,POLK,1022100,MIXTO TEQUILA,395,PROXIMO,89196,JOSE CUERVO ESPECIAL REPOSADO,12,750,12.00,18.00,1,18.00,0.75,0.19
INV-65780300035,2023-12-29T00:00:00.000,4393,KUM & GO #206 / CLIVE,1725 NW 86TH ST,CLIVE,50325,POINT (-93.735560986 41.607205985),,POLK,1011200,STRAIGHT BOURBON WHISKIES,085,BROWN FORMAN CORP.,920376,SOOH OLD FORESTER 1920,6,750,31.50,47.25,1,47.25,0.75,0.19
INV-65780400001,2023-12-29T00:00:00.000,4877,WORLD LIQUOR & TOBACCO,1775 NW 86TH ST,CLIVE,50325,POINT (-93.735817975 41.607908011),,POLK,1012200,SCOTCH WHISKIES,065,JIM BEAM BRANDS,905433,HA LAPHROAIG QUARTER CASK,6,750,31.49,47.24,1,47.24,0.75,0.19
INV-65780400002,2023-12-29T00:00:00.000,4877,WORLD LIQUOR & TOBACCO,1775 NW 86TH ST,CLIVE,50325,POINT (-93.735817975 41.607908011),,POLK,1012400,IRISH WHISKIES,370,PERNOD RICARD USA,915859,HA REDBREAST PX EDITION,6,750,74.96,112.44,1,112.44,0.75,0.19
INV-65780500001,2023-12-29T00:00:00.000,4877,WORLD LIQUOR & TOBACCO,1775 NW 86TH ST,CLIVE,50325,POINT (-93.735817975 41.607908011),,POLK,1012100,CANADIAN WHISKIES,421,SAZERAC COMPANY  INC,11348,SEAGRAMS VO CANADIAN WHISKEY PET,6,1750,11.49,17.24,6,103.44,10.50,2.77
INV-65780500002,2023-12-29T00:00:00.000,4877,WORLD LIQUOR & TOBACCO,1775 NW 86TH ST,CLIVE,50325,POINT (-93.735817975 41.607908011),,POLK,1012100,CANADIAN WHISKIES,259,HEAVEN HILL BRANDS,11771,BLACK VELVET MINI,8,50,8.87,13.31,8,106.48,0.40,0.10
INV-65780500003,2023-12-29T00:00:00.000,4877,WORLD LIQUOR & TOBACCO,1775 NW 86TH ST,CLIVE,50325,POINT (-93.735817975 41.607908011),,POLK,1012100,CANADIAN WHISKIES,259,HEAVEN HILL BRANDS,11776,BLACK VELVET,12,750,5.50,8.25,12,99.00,9.00,2.37
INV-65780500004,2023-12-29T00:00:00.000,4877,WORLD LIQUOR & TOBACCO,1775 NW 86TH ST,CLIVE,50325,POINT (-93.735817975 41.607908011),,POLK,1012100,CANADIAN WHISKIES,259,HEAVEN HILL BRANDS,11777,BLACK VELVET,12,1000,7.00,10.50,12,126.00,12.00,3.17
INV-65780500005,2023-12-29T00:00:00.000,4877,WORLD LIQUOR & TOBACCO,1775 NW 86TH ST,CLIVE,50325,POINT (-93.735817975 41.607908011),,POLK,1012100,CANADIAN WHISKIES,259,HEAVEN HILL BRANDS,11788,BLACK VELVET,6,1750,11.00,16.50,6,99.00,10.50,2.77
INV-65780500006,2023-12-29T00:00:00.000,4877,WORLD LIQUOR & TOBACCO,1775 NW 86TH ST,CLIVE,50325,POINT (-93.735817975 41.607908011),,POLK,1012400,IRISH WHISKIES,370,PERNOD RICARD USA,15627,JAMESON,12,1000,20.98,31.47,4,125.88,4.00,1.05
INV-65780500007,2023-12-29T00:00:00.000,4877,WORLD LIQUOR & TOBACCO,1775 NW 86TH ST,CLIVE,50325,POINT (-93.735817975 41.607908011),,POLK,1011100,BLENDED WHISKIES,338,"MARUSSIA BEVERAGES USA, INC / NICHE IMPORT",16026,HATOZAKI FINEST JAPANESE WHISKY,6,750,33.32,49.98,1,49.98,0.75,0.19
INV-65780500008,2023-12-29T00:00:00.000,4877,WORLD LIQUOR & TOBACCO,1775 NW 86TH ST,CLIVE,50325,POINT (-93.735817975 41.607908011),,POLK,1011200,STRAIGHT BOURBON WHISKIES,259,HEAVEN HILL BRANDS,17915,ELIJAH CRAIG SMALL BATCH,12,375,9.50,14.25,3,42.75,1.12,0.29
INV-65780500009,2023-12-29T00:00:00.000,4877,WORLD LIQUOR & TOBACCO,1775 NW 86TH ST,CLIVE,50325,POINT (-93.735817975 41.607908011),,POLK,1701100,TEMPORARY & SPECIALTY PACKAGES,277,STOLI GROUP,19325,KENTUCKY OWL MAIGHSTIR,6,750,67.50,101.25,1,101.25,0.75,0.19
INV-65780500010,2023-12-29T00:00:00.000,4877,WORLD LIQUOR & TOBACCO,1775 NW 86TH ST,CLIVE,50325,POINT (-93.735817975 41.607908011),,POLK,1011200,STRAIGHT BOURBON WHISKIES,065,JIM BEAM BRANDS,19478,MAKERS MARK,6,1750,34.00,51.00,2,102.00,3.50,0.92
INV-65780500011,2023-12-29T00:00:00.000,4877,WORLD LIQUOR & TOBACCO,1775 NW 86TH ST,CLIVE,50325,POINT (-93.735817975 41.607908011),,POLK,1011200,STRAIGHT BOURBON WHISKIES,065,JIM BEAM BRANDS,20116,OLD GRAND DAD 114PRF,12,750,13.84,20.76,4,83.04,3.00,0.79
INV-65780500012,2023-12-29T00:00:00.000,4877,WORLD LIQUOR & TOBACCO,1775 NW 86TH ST,CLIVE,50325,POINT (-93.735817975 41.607908011),,POLK,1011100,BLENDED WHISKIES,297,LAIRD & COMPANY,23828,FIVE STAR,6,1750,8.39,12.59,6,75.54,10.50,2.77
INV-65780500013,2023-12-29T00:00:00.000,4877,WORLD LIQUOR & TOBACCO,1775 NW 86TH ST,CLIVE,50325,POINT (-93.735817975 41.607908011),,POLK,1011100,BLENDED WHISKIES,260,DIAGEO AMERICAS,25603,SEAGRAMS 7 CROWN,24,200,1.99,2.99,24,71.76,4.80,1.26
INV-65780500014,2023-12-29T00:00:00.000,4877,WORLD LIQUOR & TOBACCO,1775 NW 86TH ST,CLIVE,50325,POINT (-93.735817975 41.607908011),,POLK,1011400,TENNESSEE WHISKIES,085,BROWN FORMAN CORP.,26822,JACK DANIELS OLD #7 BLACK LABEL,48,100,2.33,3.50,48,168.00,4.80,1.26
INV-65780500015,2023-12-29T00:00:00.000,4877,WORLD LIQUOR & TOBACCO,1775 NW 86TH ST,CLIVE,50325,POINT (-93.735817975 41.607908011),,POLK,1011200,STRAIGHT BOURBON WHISKIES,065,JIM BEAM BRANDS,28279,JIM BEAM PEACH,12,750,11.00,16.50,12,198.00,9.00,2.37
INV-65780500016,2023-12-29T00:00:00.000,4877,WORLD LIQUOR & TOBACCO,1775 NW 86TH ST,CLIVE,50325,POINT (-93.735817975 41.607908011),,POLK,1032200,IMPORTED FLAVORED VODKA,370,PERNOD RICARD USA,34014,ABSOLUT APEACH,12,750,9.99,14.99,4,59.96,3.00,0.79
INV-65780500017,2023-12-29T00:00:00.000,4877,WORLD LIQUOR & TOBACCO,1775 NW 86TH ST,CLIVE,50325,POINT (-93.735817975 41.607908011),,POLK,1032100,IMPORTED VODKAS,277,STOLI GROUP,34746,STOLICHNAYA 80PRF,12,750,9.99,14.99,2,29.98,1.50,0.39
INV-65780500018,2023-12-29T00:00:00.000,4877,WORLD LIQUOR & TOBACCO,1775 NW 86TH ST,CLIVE,50325,POINT (-93.735817975 41.607908011),,POLK,1031100,AMERICAN VODKAS,115,CONSTELLATION BRANDS INC,34821,SVEDKA 80PRF,6,1750,13.40,20.10,6,120.60,10.50,2.77
INV-65780500019,2023-12-29T00:00:00.000,4877,WORLD LIQUOR & TOBACCO,1775 NW 86TH ST,CLIVE,50325,POINT (-93.735817975 41.607908011),,POLK,1031100,AMERICAN VODKAS,421,SAZERAC COMPANY  INC,35318,BARTON VODKA,6,1750,7.06,10.59,6,63.54,10.50,2.77
INV-65780500020,2023-12-29T00:00:00.000,4877,WORLD LIQUOR & TOBACCO,1775 NW 86TH ST,CLIVE,50325,POINT (-93.735817975 41.607908011),,POLK,1032200,IMPORTED FLAVORED VODKA,370,PERNOD RICARD USA,35354,ABSOLUT MANGO,12,750,9.99,14.99,3,44.97,2.25,0.59
INV-65780500021,2023-12-29T00:00:00.000,4877,WORLD LIQUOR & TOBACCO,1775 NW 86TH ST,CLIVE,50325,POINT (-93.735817975 41.607908011),,POLK,1031100,AMERICAN VODKAS,297,LAIRD & COMPANY,35918,FIVE O'CLOCK VODKA,6,1750,7.72,11.58,6,69.48,10.50,2.77
INV-65780500022,2023-12-29T00:00:00.000,4877,WORLD LIQUOR & TOBACCO,1775 NW 86TH ST,CLIVE,50325,POINT (-93.735817975 41.607908011),,POLK,1032100,IMPORTED VODKAS,260,DIAGEO AMERICAS,36871,CIROC 80PRF,12,750,16.49,24.74,3,74.22,2.25,0.59
INV-65780500023,2023-12-29T00:00:00.000,4877,WORLD LIQUOR & TOBACCO,1775 NW 86TH ST,CLIVE,50325,POINT (-93.735817975 41.607908011),,POLK,1031100,AMERICAN VODKAS,300,MCCORMICK DISTILLING CO.,36886,MCCORMICK 80PRF VODKA,12,750,3.64,5.46,12,65.52,9.00,2.37
INV-65780500024,2023-12-29T00:00:00.000,4877,WORLD LIQUOR & TOBACCO,1775 NW 86TH ST,CLIVE,50325,POINT (-93.735817975 41.607908011),,POLK,1031100,AMERICAN VODKAS,229,DEHNER DISTILLERY,37257,GOTCHA VODKA,12,750,3.00,4.50,3,13.50,2.25,0.59
INV-65780500025,2023-12-29T00:00:00.000,4877,WORLD LIQUOR & TOBACCO,1775 NW 86TH ST,CLIVE,50325,POINT (-93.735817975 41.607908011),,POLK,1031100,AMERICAN VODKAS,301,FIFTH GENERATION INC,38194,TITOS HANDMADE VODKA MINI,5,50,12.80,19.20,2,38.40,0.10,0.02
INV-65780500026,2023-12-29T00:00:00.000,4877,WORLD LIQUOR & TOBACCO,1775 NW 86TH ST,CLIVE,50325,POINT (-93.735817975 41.607908011),,POLK,1062500,FLAVORED RUM,305,MHW LTD,42204,BLUE CHAIR BAY BANANA RUM,12,750,10.49,15.74,2,31.48,1.50,0.39
INV-65780500027,2023-12-29T00:00:00.000,4877,WORLD LIQUOR & TOBACCO,1775 NW 86TH ST,CLIVE,50325,POINT (-93.735817975 41.607908011),,POLK,1062500,FLAVORED RUM,370,PERNOD RICARD USA,42718,MALIBU COCONUT,6,1750,19.49,29.24,6,175.44,10.50,2.77
INV-65780500028,2023-12-29T00:00:00.000,4877,WORLD LIQUOR & TOBACCO,1775 NW 86TH ST,CLIVE,50325,POINT (-93.735817975 41.607908011),,POLK,1062400,SPICED RUM,260,DIAGEO AMERICAS,43331,CAPTAIN MORGAN ORIGINAL SPICED MINI,12,50,4.80,7.20,12,86.40,0.60,0.15
INV-65780500029,2023-12-29T00:00:00.000,4877,WORLD LIQUOR & TOBACCO,1775 NW 86TH ST,CLIVE,50325,POINT (-93.735817975 41.607908011),,POLK,1012200,SCOTCH WHISKIES,260,DIAGEO AMERICAS,4616,BUCHANAN SPECIAL RESERVE 18YR,6,750,39.99,59.99,2,119.98,1.50,0.39
INV-65780500030,2023-12-29T00:00:00.000,4877,WORLD LIQUOR & TOBACCO,1775 NW 86TH ST,CLIVE,50325,POINT (-93.735817975 41.607908011),,POLK,1012200,SCOTCH WHISKIES,260,DIAGEO AMERICAS,4626,BUCHANAN DELUXE 12YR,12,750,21.49,32.24,12,386.88,9.00,2.37
INV-65780500031,2023-12-29T00:00:00.000,4877,WORLD LIQUOR & TOBACCO,1775 NW 86TH ST,CLIVE,50325,POINT (-93.735817975 41.607908011),,POLK,1012200,SCOTCH WHISKIES,035,BACARDI USA INC,4876,DEWARS 12YR,12,750,15.50,23.25,3,69.75,2.25,0.59
INV-65780500032,2023-12-29T00:00:00.000,4877,WORLD LIQUOR & TOBACCO,1775 NW 86TH ST,CLIVE,50325,POINT (-93.735817975 41.607908011),,POLK,1012300,SINGLE MALT SCOTCH,370,PERNOD RICARD USA,5036,GLENLIVET 12YR,12,750,27.98,41.97,2,83.94,1.50,0.39
INV-65780500033,2023-12-29T00:00:00.000,4877,WORLD LIQUOR & TOBACCO,1775 NW 86TH ST,CLIVE,50325,POINT (-93.735817975 41.607908011),,POLK,1052100,IMPORTED BRANDIES,261,GRAND PRIX BEVERAGE LLC,51713,TAKOVO BRKA PRIRODNA PREPECENICA PLUM BRANDY,12,1000,17.48,26.22,1,26.22,1.00,0.26
INV-65780500034,2023-12-29T00:00:00.000,4877,WORLD LIQUOR & TOBACCO,1775 NW 86TH ST,CLIVE,50325,POINT (-93.735817975 41.607908011),,POLK,1012200,SCOTCH WHISKIES,260,DIAGEO AMERICAS,5318,JOHNNIE WALKER DOUBLE BLACK,6,750,24.99,37.49,6,224.94,4.50,1.18
INV-65780500035,2023-12-29T00:00:00.000,4877,WORLD LIQUOR & TOBACCO,1775 NW 86TH ST,CLIVE,50325,POINT (-93.735817975 41.607908011),,POLK,1051100,AMERICAN BRANDIES,421,SAZERAC COMPANY  INC,53214,PAUL MASSON GRANDE AMBER BRANDY VS,24,375,3.22,4.83,24,115.92,9.00,2.37
INV-65780500036,2023-12-29T00:00:00.000,4877,WORLD LIQUOR & TOBACCO,1775 NW 86TH ST,CLIVE,50325,POINT (-93.735817975 41.607908011),,POLK,1012200,SCOTCH WHISKIES,260,DIAGEO AMERICAS,5339,JOHNNIE WALKER BLACK,6,1750,39.99,59.99,3,179.97,5.25,1.38
INV-65780500037,2023-12-29T00:00:00.000,4877,WORLD LIQUOR & TOBACCO,1775 NW 86TH ST,CLIVE,50325,POINT (-93.735817975 41.607908011),,POLK,1012200,SCOTCH WHISKIES,260,DIAGEO AMERICAS,5346,JOHNNIE WALKER RED,12,750,13.50,20.25,12,243.00,9.00,2.37
INV-65780500038,2023-12-29T00:00:00.000,4877,WORLD LIQUOR & TOBACCO,1775 NW 86TH ST,CLIVE,50325,POINT (-93.735817975 41.607908011),,POLK,1051100,AMERICAN BRANDIES,434,LUXCO INC,54446,PARAMOUNT APRICOT BRANDY,12,750,5.75,8.63,2,17.26,1.50,0.39
INV-65780500039,2023-12-29T00:00:00.000,4877,WORLD LIQUOR & TOBACCO,1775 NW 86TH ST,CLIVE,50325,POINT (-93.735817975 41.607908011),,POLK,1051100,AMERICAN BRANDIES,065,JIM BEAM BRANDS,54706,DEKUYPER BLACKBERRY BRANDY,12,750,4.50,6.75,3,20.25,2.25,0.59
INV-65780500040,2023-12-29T00:00:00.000,4877,WORLD LIQUOR & TOBACCO,1775 NW 86TH ST,CLIVE,50325,POINT (-93.735817975 41.607908011),,POLK,1012300,SINGLE MALT SCOTCH,421,SAZERAC COMPANY  INC,5885,GLEN MORAY CABERNET,6,750,18.50,27.75,1,27.75,0.75,0.19
INV-65780500041,2023-12-29T00:00:00.000,4877,WORLD LIQUOR & TOBACCO,1775 NW 86TH ST,CLIVE,50325,POINT (-93.735817975 41.607908011),,POLK,1071000,COCKTAILS/RTD,395,PROXIMO,58854,JOSE CUERVO AUTHENTIC DOUBLE STRENGTH MARGARITA,6,1750,10.04,15.06,6,90.36,10.50,2.77
INV-65780500042,2023-12-29T00:00:00.000,4877,WORLD LIQUOR & TOBACCO,1775 NW 86TH ST,CLIVE,50325,POINT (-93.735817975 41.607908011),,POLK,1012300,SINGLE MALT SCOTCH,380,PHILLIPS BEVERAGE,6316,TOMATIN SINGLE MALT,6,750,22.50,33.75,3,101.25,2.25,0.59
INV-65780500043,2023-12-29T00:00:00.000,4877,WORLD LIQUOR & TOBACCO,1775 NW 86TH ST,CLIVE,50325,POINT (-93.735817975 41.607908011),,POLK,1082100,IMPORTED CORDIALS & LIQUEURS,619,CAMPARI AMERICA,64147,APEROL,6,750,15.00,22.50,3,67.50,2.25,0.59
INV-65780500044,2023-12-29T00:00:00.000,4877,WORLD LIQUOR & TOBACCO,1775 NW 86TH ST,CLIVE,50325,POINT (-93.735817975 41.607908011),,POLK,1032200,IMPORTED FLAVORED VODKA,260,DIAGEO AMERICAS,64334,CIROC HONEY MELON,12,750,16.49,24.74,4,98.96,3.00,0.79
INV-65780500045,2023-12-29T00:00:00.000,4877,WORLD LIQUOR & TOBACCO,1775 NW 86TH ST,CLIVE,50325,POINT (-93.735817975 41.607908011),,POLK,1082100,IMPORTED CORDIALS & LIQUEURS,619,CAMPARI AMERICA,64636,CAMPARI ITALIAN APERITIVO,12,750,17.50,26.25,2,52.50,1.50,0.39
INV-65780500046,2023-12-29T00:00:00.000,4877,WORLD LIQUOR & TOBACCO,1775 NW 86TH ST,CLIVE,50325,POINT (-93.735817975 41.607908011),,POLK,1032200,IMPORTED FLAVORED VODKA,260,DIAGEO AMERICAS,64715,CIROC PEACH,12,1000,22.74,34.11,3,102.33,3.00,0.79
INV-65780500047,2023-12-29T00:00:00.000,4877,WORLD LIQUOR & TOBACCO,1775 NW 86TH ST,CLIVE,50325,POINT (-93.735817975 41.607908011),,POLK,1081600,WHISKEY LIQUEUR,421,SAZERAC COMPANY  INC,64867,FIREBALL CINNAMON WHISKEY,12,1000,12.00,18.00,12,216.00,12.00,3.17
INV-65780500048,2023-12-29T00:00:00.000,4877,WORLD LIQUOR & TOBACCO,1775 NW 86TH ST,CLIVE,50325,POINT (-93.735817975 41.607908011),,POLK,1081600,WHISKEY LIQUEUR,421,SAZERAC COMPANY  INC,64870,FIREBALL CINNAMON WHISKEY,48,100,1.00,1.50,48,72.00,4.80,1.26
INV-65780500049,2023-12-29T00:00:00.000,4877,WORLD LIQUOR & TOBACCO,1775 NW 86TH ST,CLIVE,50325,POINT (-93.735817975 41.607908011),,POLK,1022200,100% AGAVE TEQUILA,395,PROXIMO,64933,1800 COCONUT,12,750,16.50,24.75,4,99.00,3.00,0.79
INV-65780500050,2023-12-29T00:00:00.000,4877,WORLD LIQUOR & TOBACCO,1775 NW 86TH ST,CLIVE,50325,POINT (-93.735817975 41.607908011),,POLK,1082100,IMPORTED CORDIALS & LIQUEURS,619,CAMPARI AMERICA,65126,GRAND MARNIER CORDON ROUGE,12,750,23.00,34.50,3,103.50,2.25,0.59
INV-65780500051,2023-12-29T00:00:00.000,4877,WORLD LIQUOR & TOBACCO,1775 NW 86TH ST,CLIVE,50325,POINT (-93.735817975 41.607908011),,POLK,1082100,IMPORTED CORDIALS & LIQUEURS,192,"MAST-JAGERMEISTER US, INC",65258,JAGERMEISTER LIQUEUR,6,1750,26.05,39.08,2,78.16,3.50,0.92
INV-65780500052,2023-12-29T00:00:00.000,4877,WORLD LIQUOR & TOBACCO,1775 NW 86TH ST,CLIVE,50325,POINT (-93.735817975 41.607908011),,POLK,1012400,IRISH WHISKIES,370,PERNOD RICARD USA,65487,JAMESON ORANGE,6,750,14.99,22.49,2,44.98,1.50,0.39
INV-65780500053,2023-12-29T00:00:00.000,4877,WORLD LIQUOR & TOBACCO,1775 NW 86TH ST,CLIVE,50325,POINT (-93.735817975 41.607908011),,POLK,1012200,SCOTCH WHISKIES,260,DIAGEO AMERICAS,65533,BUCHANANS PINEAPPLE,12,750,20.99,31.49,12,377.88,9.00,2.37
INV-65780500054,2023-12-29T00:00:00.000,4877,WORLD LIQUOR & TOBACCO,1775 NW 86TH ST,CLIVE,50325,POINT (-93.735817975 41.607908011),,POLK,1082100,IMPORTED CORDIALS & LIQUEURS,421,SAZERAC COMPANY  INC,66936,GRANGALA TRIPLE ORANGE LIQUEUR,12,750,11.50,17.25,2,33.06,1.50,0.39
INV-65780500055,2023-12-29T00:00:00.000,4877,WORLD LIQUOR & TOBACCO,1775 NW 86TH ST,CLIVE,50325,POINT (-93.735817975 41.607908011),,POLK,1081200,CREAM LIQUEURS,363,PATERNO IMPORTS LTD / TERLATO WINES INTERNATIONAL,67866,AMARULA CREAM LIQUEUR,12,750,16.00,24.00,3,72.00,2.25,0.59
INV-65780500056,2023-12-29T00:00:00.000,4877,WORLD LIQUOR & TOBACCO,1775 NW 86TH ST,CLIVE,50325,POINT (-93.735817975 41.607908011),,POLK,1082100,IMPORTED CORDIALS & LIQUEURS,260,DIAGEO AMERICAS,67900,BAILEYS CHOCOLATE,12,750,16.49,24.74,2,49.48,1.50,0.39
INV-65780500057,2023-12-29T00:00:00.000,4877,WORLD LIQUOR & TOBACCO,1775 NW 86TH ST,CLIVE,50325,POINT (-93.735817975 41.607908011),,POLK,1081200,CREAM LIQUEURS,260,DIAGEO AMERICAS,68013,BAILEYS EXPRESSO,12,750,16.49,24.74,3,74.22,2.25,0.59
INV-65780500058,2023-12-29T00:00:00.000,4877,WORLD LIQUOR & TOBACCO,1775 NW 86TH ST,CLIVE,50325,POINT (-93.735817975 41.607908011),,POLK,1081200,CREAM LIQUEURS,260,DIAGEO AMERICAS,68024,BAILEYS VANILLA MINT SHAKE,12,750,16.49,24.74,2,49.48,1.50,0.39
INV-65780500059,2023-12-29T00:00:00.000,4877,WORLD LIQUOR & TOBACCO,1775 NW 86TH ST,CLIVE,50325,POINT (-93.735817975 41.607908011),,POLK,1081200,CREAM LIQUEURS,260,DIAGEO AMERICAS,68049,BAILEYS VANILLA CINNAMON,12,750,16.49,24.74,3,74.22,2.25,0.59
INV-65780500060,2023-12-29T00:00:00.000,4877,WORLD LIQUOR & TOBACCO,1775 NW 86TH ST,CLIVE,50325,POINT (-93.735817975 41.607908011),,POLK,1081200,CREAM LIQUEURS,130,DISARONNO INTERNATIONAL,68222,DISARONNO VELVET CREAM LIQUEUR,12,750,15.82,23.73,3,71.19,2.25,0.59
INV-65780500061,2023-12-29T00:00:00.000,4877,WORLD LIQUOR & TOBACCO,1775 NW 86TH ST,CLIVE,50325,POINT (-93.735817975 41.607908011),,POLK,1082200,IMPORTED SCHNAPPS,260,DIAGEO AMERICAS,69947,RUMPLE MINZE PEPPERMINT SCHNAPPS LIQUEUR,12,1000,16.99,25.49,12,305.88,12.00,3.17
INV-65780500062,2023-12-29T00:00:00.000,4877,WORLD LIQUOR & TOBACCO,1775 NW 86TH ST,CLIVE,50325,POINT (-93.735817975 41.607908011),,POLK,1081200,CREAM LIQUEURS,205,E & J GALLO WINERY,73054,RUMCHATA,6,1750,25.00,37.50,2,75.00,3.50,0.92
INV-65780500063,2023-12-29T00:00:00.000,4877,WORLD LIQUOR & TOBACCO,1775 NW 86TH ST,CLIVE,50325,POINT (-93.735817975 41.607908011),,POLK,1081300,AMERICAN CORDIALS & LIQUEURS,259,HEAVEN HILL BRANDS,73715,EVAN WILLIAMS CHERRY RESERVE,12,750,9.00,13.50,2,27.00,1.50,0.39
INV-65780500064,2023-12-29T00:00:00.000,4877,WORLD LIQUOR & TOBACCO,1775 NW 86TH ST,CLIVE,50325,POINT (-93.735817975 41.607908011),,POLK,1011400,TENNESSEE WHISKIES,085,BROWN FORMAN CORP.,74801,JACK DANIELS TENNESSEE APPLE,12,750,15.91,23.87,4,95.48,3.00,0.79
INV-65780500065,2023-12-29T00:00:00.000,4877,WORLD LIQUOR & TOBACCO,1775 NW 86TH ST,CLIVE,50325,POINT (-93.735817975 41.607908011),,POLK,1032200,IMPORTED FLAVORED VODKA,260,DIAGEO AMERICAS,75181,KETEL ONE BOTANICAL GRAPEFRUIT & ROSE,12,750,11.33,17.00,2,34.00,1.50,0.39
INV-65780500066,2023-12-29T00:00:00.000,4877,WORLD LIQUOR & TOBACCO,1775 NW 86TH ST,CLIVE,50325,POINT (-93.735817975 41.607908011),,POLK,1032200,IMPORTED FLAVORED VODKA,260,DIAGEO AMERICAS,75183,KETEL ONE BOTANICAL PEACH & ORANGE BLOSSOM,12,750,11.33,17.00,2,34.00,1.50,0.39
INV-65780500067,2023-12-29T00:00:00.000,4877,WORLD LIQUOR & TOBACCO,1775 NW 86TH ST,CLIVE,50325,POINT (-93.735817975 41.607908011),,POLK,1091100,AMERICAN DISTILLED SPIRITS SPECIALTY,154,DUNKEL CORPORATION / IOWA DISTILLING,77805,SAINTS N SINNERS APPLE PIE,12,750,8.00,12.00,1,12.00,0.75,0.19
INV-65780500068,2023-12-29T00:00:00.000,4877,WORLD LIQUOR & TOBACCO,1775 NW 86TH ST,CLIVE,50325,POINT (-93.735817975 41.607908011),,POLK,1081400,AMERICAN SCHNAPPS,065,JIM BEAM BRANDS,82606,DEKUYPER SOUR APPLE PUCKER,12,750,6.75,10.13,2,20.26,1.50,0.39
INV-65780500069,2023-12-29T00:00:00.000,4877,WORLD LIQUOR & TOBACCO,1775 NW 86TH ST,CLIVE,50325,POINT (-93.735817975 41.607908011),,POLK,1081400,AMERICAN SCHNAPPS,065,JIM BEAM BRANDS,82786,DEKUYPER BUTTERSHOTS,12,750,6.75,10.13,4,40.52,3.00,0.79
INV-65780500070,2023-12-29T00:00:00.000,4877,WORLD LIQUOR & TOBACCO,1775 NW 86TH ST,CLIVE,50325,POINT (-93.735817975 41.607908011),,POLK,1081400,AMERICAN SCHNAPPS,065,JIM BEAM BRANDS,82881,DEKUYPER HOT DAMN! 100PRF,12,750,6.77,10.16,3,30.48,2.25,0.59
INV-65780500071,2023-12-29T00:00:00.000,4877,WORLD LIQUOR & TOBACCO,1775 NW 86TH ST,CLIVE,50325,POINT (-93.735817975 41.607908011),,POLK,1081400,AMERICAN SCHNAPPS,421,SAZERAC COMPANY  INC,84170,99 BANANAS,12,750,7.50,11.25,3,33.75,2.25,0.59
INV-65780500072,2023-12-29T00:00:00.000,4877,WORLD LIQUOR & TOBACCO,1775 NW 86TH ST,CLIVE,50325,POINT (-93.735817975 41.607908011),,POLK,1081400,AMERICAN SCHNAPPS,421,SAZERAC COMPANY  INC,84172,99 BANANAS MINI,1,50,51.60,77.40,1,77.40,0.05,0.01
INV-65780500073,2023-12-29T00:00:00.000,4877,WORLD LIQUOR & TOBACCO,1775 NW 86TH ST,CLIVE,50325,POINT (-93.735817975 41.607908011),,POLK,1081400,AMERICAN SCHNAPPS,421,SAZERAC COMPANY  INC,84222,99 BLUE RASPBERRIES MINI,1,50,51.60,77.40,1,77.40,0.05,0.01
INV-65780500074,2023-12-29T00:00:00.000,4877,WORLD LIQUOR & TOBACCO,1775 NW 86TH ST,CLIVE,50325,POINT (-93.735817975 41.607908011),,POLK,1081500,TRIPLE SEC,434,LUXCO INC,86507,PARAMOUNT TRIPLE SEC,12,1000,4.09,6.14,3,18.42,3.00,0.79
INV-65780500075,2023-12-29T00:00:00.000,4877,WORLD LIQUOR & TOBACCO,1775 NW 86TH ST,CLIVE,50325,POINT (-93.735817975 41.607908011),,POLK,1701100,TEMPORARY & SPECIALTY PACKAGES,346,OLE SMOKY DISTILLERY LLC,86715,OLE SMOKY SHINE NOG MOONSHINE,6,750,13.00,19.50,2,39.00,1.50,0.39
INV-65780500076,2023-12-29T00:00:00.000,4877,WORLD LIQUOR & TOBACCO,1775 NW 86TH ST,CLIVE,50325,POINT (-93.735817975 41.607908011),,POLK,1022200,100% AGAVE TEQUILA,115,CONSTELLATION BRANDS INC,87270,CASA NOBLE REPOSADO,6,750,29.74,44.61,3,133.83,2.25,0.59
INV-65780500077,2023-12-29T00:00:00.000,4877,WORLD LIQUOR & TOBACCO,1775 NW 86TH ST,CLIVE,50325,POINT (-93.735817975 41.607908011),,POLK,1022200,100% AGAVE TEQUILA,260,DIAGEO AMERICAS,87280,CASAMIGOS BLANCO,6,750,28.49,42.74,6,256.44,4.50,1.18
INV-65780500078,2023-12-29T00:00:00.000,4877,WORLD LIQUOR & TOBACCO,1775 NW 86TH ST,CLIVE,50325,POINT (-93.735817975 41.607908011),,POLK,1022200,100% AGAVE TEQUILA,035,BACARDI USA INC,87306,CAZADORES BLANCO,12,750,14.50,21.75,4,87.00,3.00,0.79
INV-65780500079,2023-12-29T00:00:00.000,4877,WORLD LIQUOR & TOBACCO,1775 NW 86TH ST,CLIVE,50325,POINT (-93.735817975 41.607908011),,POLK,1022200,100% AGAVE TEQUILA,395,PROXIMO,87510,1800 SILVER,12,750,16.50,24.75,12,297.00,9.00,2.37
INV-65780500080,2023-12-29T00:00:00.000,4877,WORLD LIQUOR & TOBACCO,1775 NW 86TH ST,CLIVE,50325,POINT (-93.735817975 41.607908011),,POLK,1022200,100% AGAVE TEQUILA,260,DIAGEO AMERICAS,87563,DELEON PLATINUM,12,750,19.99,29.99,3,89.97,2.25,0.59
INV-65780500081,2023-12-29T00:00:00.000,4877,WORLD LIQUOR & TOBACCO,1775 NW 86TH ST,CLIVE,50325,POINT (-93.735817975 41.607908011),,POLK,1022200,100% AGAVE TEQUILA,065,JIM BEAM BRANDS,88205,HORNITOS CRISTALINO,12,750,18.50,27.75,3,83.25,2.25,0.59
INV-65780500082,2023-12-29T00:00:00.000,4877,WORLD LIQUOR & TOBACCO,1775 NW 86TH ST,CLIVE,50325,POINT (-93.735817975 41.607908011),,POLK,1022200,100% AGAVE TEQUILA,035,BACARDI USA INC,88296,PATRON SILVER,12,750,28.00,42.00,12,504.00,9.00,2.37
INV-65780500083,2023-12-29T00:00:00.000,4877,WORLD LIQUOR & TOBACCO,1775 NW 86TH ST,CLIVE,50325,POINT (-93.735817975 41.607908011),,POLK,1022200,100% AGAVE TEQUILA,035,BACARDI USA INC,88298,PATRON SILVER,3,1750,58.50,87.75,1,87.75,1.75,0.46
INV-65780500084,2023-12-29T00:00:00.000,4877,WORLD LIQUOR & TOBACCO,1775 NW 86TH ST,CLIVE,50325,POINT (-93.735817975 41.607908011),,POLK,1022200,100% AGAVE TEQUILA,368,PARK STREET IMPORTS,88363,CINCORO REPOSADO TEQUILA,6,750,55.00,82.50,1,82.50,0.75,0.19
INV-65780500085,2023-12-29T00:00:00.000,4877,WORLD LIQUOR & TOBACCO,1775 NW 86TH ST,CLIVE,50325,POINT (-93.735817975 41.607908011),,POLK,1022200,100% AGAVE TEQUILA,342,DV SPIRITS LLC,88413,CAMPO BRAVO PLATA TEQUILA,12,750,11.50,17.25,4,69.00,3.00,0.79
INV-65780500086,2023-12-29T00:00:00.000,4877,WORLD LIQUOR & TOBACCO,1775 NW 86TH ST,CLIVE,50325,POINT (-93.735817975 41.607908011),,POLK,1022200,100% AGAVE TEQUILA,421,SAZERAC COMPANY  INC,88602,SOLANA AGAVE BLANCO,6,750,12.48,18.72,3,56.16,2.25,0.59
INV-65780500087,2023-12-29T00:00:00.000,4877,WORLD LIQUOR & TOBACCO,1775 NW 86TH ST,CLIVE,50325,POINT (-93.735817975 41.607908011),,POLK,1701100,TEMPORARY & SPECIALTY PACKAGES,035,BACARDI USA INC,88687,BP PATRON REPOSADO BARREL SELECT,12,750,29.00,43.50,1,43.50,0.75,0.19
INV-65780500088,2023-12-29T00:00:00.000,4877,WORLD LIQUOR & TOBACCO,1775 NW 86TH ST,CLIVE,50325,POINT (-93.735817975 41.607908011),,POLK,1022200,100% AGAVE TEQUILA,395,PROXIMO,88922,1800 CRISTALINO,6,750,29.76,44.64,2,89.28,1.50,0.39
INV-65780500089,2023-12-29T00:00:00.000,4877,WORLD LIQUOR & TOBACCO,1775 NW 86TH ST,CLIVE,50325,POINT (-93.735817975 41.607908011),,POLK,1022200,100% AGAVE TEQUILA,035,BACARDI USA INC,89099,CAZADORES ANEJO,6,750,23.50,35.25,2,70.50,1.50,0.39
INV-65780500090,2023-12-29T00:00:00.000,4877,WORLD LIQUOR & TOBACCO,1775 NW 86TH ST,CLIVE,50325,POINT (-93.735817975 41.607908011),,POLK,1022200,100% AGAVE TEQUILA,035,BACARDI USA INC,89121,CAZADORES REPOSADO,12,750,14.50,21.75,2,43.50,1.50,0.39
INV-65780500091,2023-12-29T00:00:00.000,4877,WORLD LIQUOR & TOBACCO,1775 NW 86TH ST,CLIVE,50325,POINT (-93.735817975 41.607908011),,POLK,1022200,100% AGAVE TEQUILA,260,DIAGEO AMERICAS,89177,CASAMIGOS REPOSADO,6,750,29.99,44.99,6,269.94,4.50,1.18
INV-65780500092,2023-12-29T00:00:00.000,4877,WORLD LIQUOR & TOBACCO,1775 NW 86TH ST,CLIVE,50325,POINT (-93.735817975 41.607908011),,POLK,1022100,MIXTO TEQUILA,395,PROXIMO,89199,JOSE CUERVO ESPECIAL REPOSADO SQUARE,12,375,6.53,9.80,12,117.60,4.50,1.18
INV-65780500093,2023-12-29T00:00:00.000,4877,WORLD LIQUOR & TOBACCO,1775 NW 86TH ST,CLIVE,50325,POINT (-93.735817975 41.607908011),,POLK,1022300,MEZCAL,421,SAZERAC COMPANY  INC,89566,MONTE ALBAN MEZCAL,12,750,13.26,19.89,3,59.67,2.25,0.59
INV-65780500094,2023-12-29T00:00:00.000,4877,WORLD LIQUOR & TOBACCO,1775 NW 86TH ST,CLIVE,50325,POINT (-93.735817975 41.607908011),,POLK,1022200,100% AGAVE TEQUILA,065,JIM BEAM BRANDS,89837,HORNITOS GOLD,12,1000,16.00,24.00,3,72.00,3.00,0.79
INV-65780600001,2023-12-29T00:00:00.000,5128,PRICE CHOPPER  /  BEAVER #1310,1819 BEAVER AVE,DES MOINES,50310,POINT (-93.672575007 41.610964011),,POLK,1011200,STRAIGHT BOURBON WHISKIES,259,HEAVEN HILL BRANDS,17956,EVAN WILLIAMS BLACK,12,750,9.00,13.50,12,162.00,9.00,2.37
INV-65780600002,2023-12-29T00:00:00.000,5128,PRICE CHOPPER  /  BEAVER #1310,1819 BEAVER AVE,DES MOINES,50310,POINT (-93.672575007 41.610964011),,POLK,1011200,STRAIGHT BOURBON WHISKIES,065,JIM BEAM BRANDS,19066,JIM BEAM,12,750,11.00,16.50,12,198.00,9.00,2.37
INV-65780600003,2023-12-29T00:00:00.000,5128,PRICE CHOPPER  /  BEAVER #1310,1819 BEAVER AVE,DES MOINES,50310,POINT (-93.672575007 41.610964011),,POLK,1011100,BLENDED WHISKIES,260,DIAGEO AMERICAS,25608,SEAGRAMS 7 CROWN,6,1750,13.99,20.99,6,125.94,10.50,2.77
INV-65780600004,2023-12-29T00:00:00.000,5128,PRICE CHOPPER  /  BEAVER #1310,1819 BEAVER AVE,DES MOINES,50310,POINT (-93.672575007 41.610964011),,POLK,1011400,TENNESSEE WHISKIES,085,BROWN FORMAN CORP.,26826,JACK DANIELS OLD #7 BLACK LABEL,12,750,15.91,23.87,12,286.44,9.00,2.37
INV-65780600005,2023-12-29T00:00:00.000,5128,PRICE CHOPPER  /  BEAVER #1310,1819 BEAVER AVE,DES MOINES,50310,POINT (-93.672575007 41.610964011),,POLK,1042100,IMPORTED DRY GINS,260,DIAGEO AMERICAS,28866,TANQUERAY GIN,12,750,13.99,20.99,12,251.88,9.00,2.37
INV-65780600006,2023-12-29T00:00:00.000,5128,PRICE CHOPPER  /  BEAVER #1310,1819 BEAVER AVE,DES MOINES,50310,POINT (-93.672575007 41.610964011),,POLK,1041100,AMERICAN DRY GINS,370,PERNOD RICARD USA,32236,SEAGRAMS EXTRA DRY GIN,12,750,7.99,11.99,12,143.88,9.00,2.37
INV-65780600007,2023-12-29T00:00:00.000,5128,PRICE CHOPPER  /  BEAVER #1310,1819 BEAVER AVE,DES MOINES,50310,POINT (-93.672575007 41.610964011),,POLK,1032100,IMPORTED VODKAS,370,PERNOD RICARD USA,34006,ABSOLUT SWEDISH VODKA 80PRF,12,750,9.99,14.99,12,179.88,9.00,2.37
INV-65780600008,2023-12-29T00:00:00.000,5128,PRICE CHOPPER  /  BEAVER #1310,1819 BEAVER AVE,DES MOINES,50310,POINT (-93.672575007 41.610964011),,POLK,1031100,AMERICAN VODKAS,434,LUXCO INC,36306,HAWKEYE VODKA,12,750,3.50,5.25,12,63.00,9.00,2.37
INV-65780600009,2023-12-29T00:00:00.000,5128,PRICE CHOPPER  /  BEAVER #1310,1819 BEAVER AVE,DES MOINES,50310,POINT (-93.672575007 41.610964011),,POLK,1031100,AMERICAN VODKAS,777,"BLUE OX SPIRITS, INC.",36873,BLUE OX VODKA,12,750,3.90,5.85,12,70.20,9.00,2.37
INV-65780600010,2023-12-29T00:00:00.000,5128,PRICE CHOPPER  /  BEAVER #1310,1819 BEAVER AVE,DES MOINES,50310,POINT (-93.672575007 41.610964011),,POLK,1031100,AMERICAN VODKAS,300,MCCORMICK DISTILLING CO.,36886,MCCORMICK 80PRF VODKA,12,750,3.64,5.46,12,65.52,9.00,2.37
INV-65780600011,2023-12-29T00:00:00.000,5128,PRICE CHOPPER  /  BEAVER #1310,1819 BEAVER AVE,DES MOINES,50310,POINT (-93.672575007 41.610964011),,POLK,1031100,AMERICAN VODKAS,300,MCCORMICK DISTILLING CO.,36908,MCCORMICK 80PRF VODKA PET,6,1750,8.24,12.36,6,74.16,10.50,2.77
INV-65780600012,2023-12-29T00:00:00.000,5128,PRICE CHOPPER  /  BEAVER #1310,1819 BEAVER AVE,DES MOINES,50310,POINT (-93.672575007 41.610964011),,POLK,1031100,AMERICAN VODKAS,777,"BLUE OX SPIRITS, INC.",36985,BLUE OX VODKA,24,375,2.00,3.00,24,81.12,9.00,2.37
INV-65780600013,2023-12-29T00:00:00.000,5128,PRICE CHOPPER  /  BEAVER #1310,1819 BEAVER AVE,DES MOINES,50310,POINT (-93.672575007 41.610964011),,POLK,1052100,IMPORTED BRANDIES,420,MOET HENNESSY USA,48105,HENNESSY VS,12,375,11.49,17.24,12,206.88,4.50,1.18
INV-65780600015,2023-12-29T00:00:00.000,5128,PRICE CHOPPER  /  BEAVER #1310,1819 BEAVER AVE,DES MOINES,50310,POINT (-93.672575007 41.610964011),,POLK,1081100,COFFEE LIQUEURS,421,SAZERAC COMPANY  INC,73136,CHILA COFFEE LIQUEUR,12,750,5.25,7.88,12,94.56,9.00,2.37
INV-65780600016,2023-12-29T00:00:00.000,5128,PRICE CHOPPER  /  BEAVER #1310,1819 BEAVER AVE,DES MOINES,50310,POINT (-93.672575007 41.610964011),,POLK,1091300,NEUTRAL GRAIN SPIRITS FLAVORED,346,OLE SMOKY DISTILLERY LLC,76413,OLE SMOKY BUTTER PECAN MOONSHINE,6,750,13.00,19.50,6,117.00,4.50,1.18
INV-65780600017,2023-12-29T00:00:00.000,5128,PRICE CHOPPER  /  BEAVER #1310,1819 BEAVER AVE,DES MOINES,50310,POINT (-93.672575007 41.610964011),,POLK,1022200,100% AGAVE TEQUILA,942,LALO SPIRITS LLC,85788,LALO TEQUILA BLANCO,6,750,24.00,36.00,6,216.00,4.50,1.18
INV-65780600019,2023-12-29T00:00:00.000,5128,PRICE CHOPPER  /  BEAVER #1310,1819 BEAVER AVE,DES MOINES,50310,POINT (-93.672575007 41.610964011),,POLK,1081600,WHISKEY LIQUEUR,259,HEAVEN HILL BRANDS,86796,SOUTHERN HOST WHISKEY LIQUEUR,12,750,5.50,8.25,12,99.00,9.00,2.37
INV-65780600020,2023-12-29T00:00:00.000,5128,PRICE CHOPPER  /  BEAVER #1310,1819 BEAVER AVE,DES MOINES,50310,POINT (-93.672575007 41.610964011),,POLK,1011400,TENNESSEE WHISKIES,346,OLE SMOKY DISTILLERY LLC,86980,OLE SMOKY PECAN WHISKEY,6,750,11.00,16.50,6,99.00,4.50,1.18
INV-65780600021,2023-12-29T00:00:00.000,5128,PRICE CHOPPER  /  BEAVER #1310,1819 BEAVER AVE,DES MOINES,50310,POINT (-93.672575007 41.610964011),,POLK,1012200,SCOTCH WHISKIES,421,SAZERAC COMPANY  INC,8828,LAUDERS,6,1750,11.50,17.25,6,103.50,10.50,2.77
INV-65780700001,2023-12-29T00:00:00.000,4802,WALGREENS #07452 / DES MOINES,4415 DOUGLAS AVE,DES MOINES,50310,POINT (-93.678952965 41.630023998),,POLK,1011200,STRAIGHT BOURBON WHISKIES,065,JIM BEAM BRANDS,19068,JIM BEAM,6,1750,21.50,32.25,6,193.50,10.50,2.77
INV-65780700002,2023-12-29T00:00:00.000,4802,WALGREENS #07452 / DES MOINES,4415 DOUGLAS AVE,DES MOINES,50310,POINT (-93.678952965 41.630023998),,POLK,1011200,STRAIGHT BOURBON WHISKIES,065,JIM BEAM BRANDS,19096,JIM BEAM PET,12,750,11.00,16.50,12,198.00,9.00,2.37
INV-65780700003,2023-12-29T00:00:00.000,4802,WALGREENS #07452 / DES MOINES,4415 DOUGLAS AVE,DES MOINES,50310,POINT (-93.678952965 41.630023998),,POLK,1031100,AMERICAN VODKAS,115,CONSTELLATION BRANDS INC,34820,SVEDKA 80PRF,12,750,8.00,12.00,12,144.00,9.00,2.37
INV-65780700004,2023-12-29T00:00:00.000,4802,WALGREENS #07452 / DES MOINES,4415 DOUGLAS AVE,DES MOINES,50310,POINT (-93.678952965 41.630023998),,POLK,1031100,AMERICAN VODKAS,434,LUXCO INC,36305,HAWKEYE VODKA PET,12,750,3.50,5.25,24,126.00,18.00,4.75
INV-65780700005,2023-12-29T00:00:00.000,4802,WALGREENS #07452 / DES MOINES,4415 DOUGLAS AVE,DES MOINES,50310,POINT (-93.678952965 41.630023998),,POLK,1031100,AMERICAN VODKAS,434,LUXCO INC,36308,HAWKEYE VODKA,6,1750,7.50,11.25,12,135.00,21.00,5.54
INV-65780700006,2023-12-29T00:00:00.000,4802,WALGREENS #07452 / DES MOINES,4415 DOUGLAS AVE,DES MOINES,50310,POINT (-93.678952965 41.630023998),,POLK,1031100,AMERICAN VODKAS,260,DIAGEO AMERICAS,38006,SMIRNOFF 80PRF PET,12,750,8.25,12.38,12,148.56,9.00,2.37
INV-65780700007,2023-12-29T00:00:00.000,4802,WALGREENS #07452 / DES MOINES,4415 DOUGLAS AVE,DES MOINES,50310,POINT (-93.678952965 41.630023998),,POLK,1031100,AMERICAN VODKAS,301,FIFTH GENERATION INC,38176,TITOS HANDMADE VODKA,12,750,10.00,15.00,24,360.00,18.00,4.75
INV-65780700008,2023-12-29T00:00:00.000,4802,WALGREENS #07452 / DES MOINES,4415 DOUGLAS AVE,DES MOINES,50310,POINT (-93.678952965 41.630023998),,POLK,1031100,AMERICAN VODKAS,301,FIFTH GENERATION INC,38177,TITOS HANDMADE VODKA,12,1000,13.17,19.76,24,474.24,24.00,6.34
INV-65780700009,2023-12-29T00:00:00.000,4802,WALGREENS #07452 / DES MOINES,4415 DOUGLAS AVE,DES MOINES,50310,POINT (-93.678952965 41.630023998),,POLK,1031100,AMERICAN VODKAS,301,FIFTH GENERATION INC,38178,TITOS HANDMADE VODKA,6,1750,19.00,28.50,12,342.00,21.00,5.54
INV-65780700010,2023-12-29T00:00:00.000,4802,WALGREENS #07452 / DES MOINES,4415 DOUGLAS AVE,DES MOINES,50310,POINT (-93.678952965 41.630023998),,POLK,1071000,COCKTAILS/RTD,065,JIM BEAM BRANDS,63319,ON THE ROCKS COCKTAILS EFFEN COSMOPOLITAN,12,375,6.50,9.75,12,117.00,4.50,1.18
INV-65780700011,2023-12-29T00:00:00.000,4802,WALGREENS #07452 / DES MOINES,4415 DOUGLAS AVE,DES MOINES,50310,POINT (-93.678952965 41.630023998),,POLK,1071000,COCKTAILS/RTD,065,JIM BEAM BRANDS,63321,ON THE ROCKS COCKTAILS HORNITOS MARGARITA,12,375,6.50,9.75,12,117.00,4.50,1.18
INV-65780700012,2023-12-29T00:00:00.000,4802,WALGREENS #07452 / DES MOINES,4415 DOUGLAS AVE,DES MOINES,50310,POINT (-93.678952965 41.630023998),,POLK,1071000,COCKTAILS/RTD,065,JIM BEAM BRANDS,63347,ON THE ROCKS COCKTAILS KNOB CREEK BOURBON OLD FASHIONED,12,375,6.50,9.75,12,117.00,4.50,1.18
INV-65780800001,2023-12-29T00:00:00.000,4802,WALGREENS #07452 / DES MOINES,4415 DOUGLAS AVE,DES MOINES,50310,POINT (-93.678952965 41.630023998),,POLK,1012400,IRISH WHISKIES,370,PERNOD RICARD USA,15626,JAMESON,12,750,17.49,26.24,12,314.88,9.00,2.37
INV-65780800002,2023-12-29T00:00:00.000,4802,WALGREENS #07452 / DES MOINES,4415 DOUGLAS AVE,DES MOINES,50310,POINT (-93.678952965 41.630023998),,POLK,1062400,SPICED RUM,260,DIAGEO AMERICAS,1799,CAPTAIN MORGAN ORIGINAL SPICED BARREL,6,1750,18.99,28.49,6,170.94,10.50,2.77
INV-65780800003,2023-12-29T00:00:00.000,4802,WALGREENS #07452 / DES MOINES,4415 DOUGLAS AVE,DES MOINES,50310,POINT (-93.678952965 41.630023998),,POLK,1011200,STRAIGHT BOURBON WHISKIES,065,JIM BEAM BRANDS,19226,KNOB CREEK,6,750,21.00,31.50,6,189.00,4.50,1.18
INV-65780800004,2023-12-29T00:00:00.000,4802,WALGREENS #07452 / DES MOINES,4415 DOUGLAS AVE,DES MOINES,50310,POINT (-93.678952965 41.630023998),,POLK,1011200,STRAIGHT BOURBON WHISKIES,065,JIM BEAM BRANDS,19476,MAKERS MARK,12,750,18.00,27.00,12,324.00,9.00,2.37
INV-65780800005,2023-12-29T00:00:00.000,4802,WALGREENS #07452 / DES MOINES,4415 DOUGLAS AVE,DES MOINES,50310,POINT (-93.678952965 41.630023998),,POLK,1011200,STRAIGHT BOURBON WHISKIES,065,JIM BEAM BRANDS,19478,MAKERS MARK,6,1750,34.00,51.00,6,306.00,10.50,2.77
INV-65780800006,2023-12-29T00:00:00.000,4802,WALGREENS #07452 / DES MOINES,4415 DOUGLAS AVE,DES MOINES,50310,POINT (-93.678952965 41.630023998),,POLK,1011100,BLENDED WHISKIES,260,DIAGEO AMERICAS,25608,SEAGRAMS 7 CROWN,6,1750,13.99,20.99,6,125.94,10.50,2.77
INV-65780800007,2023-12-29T00:00:00.000,4802,WALGREENS #07452 / DES MOINES,4415 DOUGLAS AVE,DES MOINES,50310,POINT (-93.678952965 41.630023998),,POLK,1011400,TENNESSEE WHISKIES,085,BROWN FORMAN CORP.,26826,JACK DANIELS OLD #7 BLACK LABEL,12,750,15.91,23.87,12,286.44,9.00,2.37
INV-65780800008,2023-12-29T00:00:00.000,4802,WALGREENS #07452 / DES MOINES,4415 DOUGLAS AVE,DES MOINES,50310,POINT (-93.678952965 41.630023998),,POLK,1011400,TENNESSEE WHISKIES,085,BROWN FORMAN CORP.,26828,JACK DANIELS OLD #7 BLACK LABEL,6,1750,33.28,49.92,6,299.52,10.50,2.77
INV-65780800009,2023-12-29T00:00:00.000,4802,WALGREENS #07452 / DES MOINES,4415 DOUGLAS AVE,DES MOINES,50310,POINT (-93.678952965 41.630023998),,POLK,1032100,IMPORTED VODKAS,370,PERNOD RICARD USA,34006,ABSOLUT SWEDISH VODKA 80PRF,12,750,9.99,14.99,12,179.88,9.00,2.37
INV-65780800010,2023-12-29T00:00:00.000,4802,WALGREENS #07452 / DES MOINES,4415 DOUGLAS AVE,DES MOINES,50310,POINT (-93.678952965 41.630023998),,POLK,1032100,IMPORTED VODKAS,260,DIAGEO AMERICAS,34456,KETEL ONE,12,750,11.33,17.00,12,204.00,9.00,2.37
INV-65780800011,2023-12-29T00:00:00.000,4802,WALGREENS #07452 / DES MOINES,4415 DOUGLAS AVE,DES MOINES,50310,POINT (-93.678952965 41.630023998),,POLK,1031100,AMERICAN VODKAS,115,CONSTELLATION BRANDS INC,34820,SVEDKA 80PRF,12,750,8.00,12.00,12,144.00,9.00,2.37
INV-65780800012,2023-12-29T00:00:00.000,4802,WALGREENS #07452 / DES MOINES,4415 DOUGLAS AVE,DES MOINES,50310,POINT (-93.678952965 41.630023998),,POLK,1031100,AMERICAN VODKAS,434,LUXCO INC,36305,HAWKEYE VODKA PET,12,750,3.50,5.25,12,63.00,9.00,2.37
INV-65780800013,2023-12-29T00:00:00.000,4802,WALGREENS #07452 / DES MOINES,4415 DOUGLAS AVE,DES MOINES,50310,POINT (-93.678952965 41.630023998),,POLK,1031100,AMERICAN VODKAS,434,LUXCO INC,36308,HAWKEYE VODKA,6,1750,7.50,11.25,6,67.50,10.50,2.77
INV-65780800014,2023-12-29T00:00:00.000,4802,WALGREENS #07452 / DES MOINES,4415 DOUGLAS AVE,DES MOINES,50310,POINT (-93.678952965 41.630023998),,POLK,1031100,AMERICAN VODKAS,205,E & J GALLO WINERY,36969,NEW AMSTERDAM 80PRF,12,750,8.00,12.00,12,144.00,9.00,2.37
INV-65780800015,2023-12-29T00:00:00.000,4802,WALGREENS #07452 / DES MOINES,4415 DOUGLAS AVE,DES MOINES,50310,POINT (-93.678952965 41.630023998),,POLK,1031100,AMERICAN VODKAS,260,DIAGEO AMERICAS,38006,SMIRNOFF 80PRF PET,12,750,8.25,12.38,12,148.56,9.00,2.37
INV-65780800016,2023-12-29T00:00:00.000,4802,WALGREENS #07452 / DES MOINES,4415 DOUGLAS AVE,DES MOINES,50310,POINT (-93.678952965 41.630023998),,POLK,1031100,AMERICAN VODKAS,260,DIAGEO AMERICAS,38008,SMIRNOFF 80PRF PET,6,1750,14.75,22.13,6,132.78,10.50,2.77
INV-65780800017,2023-12-29T00:00:00.000,4802,WALGREENS #07452 / DES MOINES,4415 DOUGLAS AVE,DES MOINES,50310,POINT (-93.678952965 41.630023998),,POLK,1031100,AMERICAN VODKAS,421,SAZERAC COMPANY  INC,38088,PLATINUM 7X VODKA,6,1750,9.44,14.16,6,84.96,10.50,2.77
INV-65780800018,2023-12-29T00:00:00.000,4802,WALGREENS #07452 / DES MOINES,4415 DOUGLAS AVE,DES MOINES,50310,POINT (-93.678952965 41.630023998),,POLK,1031100,AMERICAN VODKAS,301,FIFTH GENERATION INC,38176,TITOS HANDMADE VODKA,12,750,10.00,15.00,12,180.00,9.00,2.37
INV-65780800019,2023-12-29T00:00:00.000,4802,WALGREENS #07452 / DES MOINES,4415 DOUGLAS AVE,DES MOINES,50310,POINT (-93.678952965 41.630023998),,POLK,1031100,AMERICAN VODKAS,301,FIFTH GENERATION INC,38177,TITOS HANDMADE VODKA,12,1000,13.17,19.76,12,237.12,12.00,3.17
INV-65780800020,2023-12-29T00:00:00.000,4802,WALGREENS #07452 / DES MOINES,4415 DOUGLAS AVE,DES MOINES,50310,POINT (-93.678952965 41.630023998),,POLK,1031100,AMERICAN VODKAS,301,FIFTH GENERATION INC,38178,TITOS HANDMADE VODKA,6,1750,19.00,28.50,6,171.00,10.50,2.77
INV-65780800021,2023-12-29T00:00:00.000,4802,WALGREENS #07452 / DES MOINES,4415 DOUGLAS AVE,DES MOINES,50310,POINT (-93.678952965 41.630023998),,POLK,1062400,SPICED RUM,260,DIAGEO AMERICAS,43336,CAPTAIN MORGAN ORIGINAL SPICED,12,750,9.49,14.24,12,170.88,9.00,2.37
INV-65780800022,2023-12-29T00:00:00.000,4802,WALGREENS #07452 / DES MOINES,4415 DOUGLAS AVE,DES MOINES,50310,POINT (-93.678952965 41.630023998),,POLK,1052100,IMPORTED BRANDIES,420,MOET HENNESSY USA,48106,HENNESSY VS,12,750,19.99,29.99,12,359.88,9.00,2.37
INV-65780800023,2023-12-29T00:00:00.000,4802,WALGREENS #07452 / DES MOINES,4415 DOUGLAS AVE,DES MOINES,50310,POINT (-93.678952965 41.630023998),,POLK,1012200,SCOTCH WHISKIES,035,BACARDI USA INC,4866,DEWARS WHITE LABEL SCOTCH,12,750,13.50,20.25,12,243.00,9.00,2.37
INV-65780800024,2023-12-29T00:00:00.000,4802,WALGREENS #07452 / DES MOINES,4415 DOUGLAS AVE,DES MOINES,50310,POINT (-93.678952965 41.630023998),,POLK,1051100,AMERICAN BRANDIES,205,E & J GALLO WINERY,52596,E & J VS,12,750,6.50,9.75,12,117.00,9.00,2.37
INV-65780800025,2023-12-29T00:00:00.000,4802,WALGREENS #07452 / DES MOINES,4415 DOUGLAS AVE,DES MOINES,50310,POINT (-93.678952965 41.630023998),,POLK,1012200,SCOTCH WHISKIES,260,DIAGEO AMERICAS,5326,JOHNNIE WALKER BLACK,12,750,21.99,32.99,12,395.88,9.00,2.37
INV-65780800026,2023-12-29T00:00:00.000,4802,WALGREENS #07452 / DES MOINES,4415 DOUGLAS AVE,DES MOINES,50310,POINT (-93.678952965 41.630023998),,POLK,1081600,WHISKEY LIQUEUR,421,SAZERAC COMPANY  INC,64866,FIREBALL CINNAMON WHISKEY,12,750,9.00,13.50,12,162.00,9.00,2.37
INV-65780800027,2023-12-29T00:00:00.000,4802,WALGREENS #07452 / DES MOINES,4415 DOUGLAS AVE,DES MOINES,50310,POINT (-93.678952965 41.630023998),,POLK,1012400,IRISH WHISKIES,370,PERNOD RICARD USA,65487,JAMESON ORANGE,6,750,14.99,22.49,6,134.94,4.50,1.18
INV-65780800028,2023-12-29T00:00:00.000,4802,WALGREENS #07452 / DES MOINES,4415 DOUGLAS AVE,DES MOINES,50310,POINT (-93.678952965 41.630023998),,POLK,1081100,COFFEE LIQUEURS,370,PERNOD RICARD USA,67526,KAHLUA COFFEE,12,750,14.99,22.49,12,269.88,9.00,2.37
INV-65780800029,2023-12-29T00:00:00.000,4802,WALGREENS #07452 / DES MOINES,4415 DOUGLAS AVE,DES MOINES,50310,POINT (-93.678952965 41.630023998),,POLK,1011400,TENNESSEE WHISKIES,085,BROWN FORMAN CORP.,86670,JACK DANIELS TENNESSEE HONEY,12,750,15.91,23.87,12,286.44,9.00,2.37
INV-65780800030,2023-12-29T00:00:00.000,4802,WALGREENS #07452 / DES MOINES,4415 DOUGLAS AVE,DES MOINES,50310,POINT (-93.678952965 41.630023998),,POLK,1022200,100% AGAVE TEQUILA,260,DIAGEO AMERICAS,87280,CASAMIGOS BLANCO,6,750,28.49,42.74,6,256.44,4.50,1.18
INV-65780800031,2023-12-29T00:00:00.000,4802,WALGREENS #07452 / DES MOINES,4415 DOUGLAS AVE,DES MOINES,50310,POINT (-93.678952965 41.630023998),,POLK,1022200,100% AGAVE TEQUILA,619,CAMPARI AMERICA,87619,ESPOLON BLANCO,12,750,16.00,24.00,12,288.00,9.00,2.37
INV-65780800032,2023-12-29T00:00:00.000,4802,WALGREENS #07452 / DES MOINES,4415 DOUGLAS AVE,DES MOINES,50310,POINT (-93.678952965 41.630023998),,POLK,1022200,100% AGAVE TEQUILA,192,"MAST-JAGERMEISTER US, INC",88371,TEREMANA BLANCO TEQUILA,6,750,15.91,23.87,6,143.22,4.50,1.18
INV-65780800033,2023-12-29T00:00:00.000,4802,WALGREENS #07452 / DES MOINES,4415 DOUGLAS AVE,DES MOINES,50310,POINT (-93.678952965 41.630023998),,POLK,1022200,100% AGAVE TEQUILA,192,"MAST-JAGERMEISTER US, INC",88372,TEREMANA REPOSADO TEQUILA,6,750,17.40,26.10,6,156.60,4.50,1.18
INV-65780800034,2023-12-29T00:00:00.000,4802,WALGREENS #07452 / DES MOINES,4415 DOUGLAS AVE,DES MOINES,50310,POINT (-93.678952965 41.630023998),,POLK,1022200,100% AGAVE TEQUILA,260,DIAGEO AMERICAS,89177,CASAMIGOS REPOSADO,6,750,29.99,44.99,6,269.94,4.50,1.18
INV-65780800035,2023-12-29T00:00:00.000,4802,WALGREENS #07452 / DES MOINES,4415 DOUGLAS AVE,DES MOINES,50310,POINT (-93.678952965 41.630023998),,POLK,1022100,MIXTO TEQUILA,395,PROXIMO,89196,JOSE CUERVO ESPECIAL REPOSADO,12,750,12.00,18.00,12,216.00,9.00,2.37
INV-65780900001,2023-12-29T00:00:00.000,6323,"FAREWAY STORES, INC. #225 / DES MOINES",2716 BEAVER AVENUE,DES MOINES,50310,POINT (-93.673553008 41.619913998),,POLK,1012400,IRISH WHISKIES,370,PERNOD RICARD USA,915859,HA REDBREAST PX EDITION,6,750,74.96,112.44,1,112.44,0.75,0.19
INV-65781000001,2023-12-29T00:00:00.000,6323,"FAREWAY STORES, INC. #225 / DES MOINES",2716 BEAVER AVENUE,DES MOINES,50310,POINT (-93.673553008 41.619913998),,POLK,1012100,CANADIAN WHISKIES,065,JIM BEAM BRANDS,10626,CANADIAN CLUB WHISKY,12,750,8.00,12.00,12,144.00,9.00,2.37
INV-65781000002,2023-12-29T00:00:00.000,6323,"FAREWAY STORES, INC. #225 / DES MOINES",2716 BEAVER AVENUE,DES MOINES,50310,POINT (-93.673553008 41.619913998),,POLK,1012100,CANADIAN WHISKIES,260,DIAGEO AMERICAS,10807,CROWN ROYAL REGAL APPLE,12,750,17.49,26.24,12,314.88,9.00,2.37
INV-65781000003,2023-12-29T00:00:00.000,6323,"FAREWAY STORES, INC. #225 / DES MOINES",2716 BEAVER AVENUE,DES MOINES,50310,POINT (-93.673553008 41.619913998),,POLK,1012400,IRISH WHISKIES,370,PERNOD RICARD USA,15856,REDBREAST 12YR,6,750,39.98,59.97,3,179.91,2.25,0.59
INV-65781000004,2023-12-29T00:00:00.000,6323,"FAREWAY STORES, INC. #225 / DES MOINES",2716 BEAVER AVENUE,DES MOINES,50310,POINT (-93.673553008 41.619913998),,POLK,1011100,BLENDED WHISKIES,277,STOLI GROUP,19323,KENTUCKY OWL TAKUMI EDITION,6,750,67.50,101.25,2,202.50,1.50,0.39
INV-65781000005,2023-12-29T00:00:00.000,6323,"FAREWAY STORES, INC. #225 / DES MOINES",2716 BEAVER AVENUE,DES MOINES,50310,POINT (-93.673553008 41.619913998),,POLK,1011200,STRAIGHT BOURBON WHISKIES,065,JIM BEAM BRANDS,19476,MAKERS MARK,12,750,18.00,27.00,12,324.00,9.00,2.37
INV-65781000006,2023-12-29T00:00:00.000,6323,"FAREWAY STORES, INC. #225 / DES MOINES",2716 BEAVER AVENUE,DES MOINES,50310,POINT (-93.673553008 41.619913998),,POLK,1011200,STRAIGHT BOURBON WHISKIES,065,JIM BEAM BRANDS,27780,JIM BEAM APPLE MINI,12,50,7.00,10.50,1,10.50,0.05,0.01
INV-65781000007,2023-12-29T00:00:00.000,6323,"FAREWAY STORES, INC. #225 / DES MOINES",2716 BEAVER AVENUE,DES MOINES,50310,POINT (-93.673553008 41.619913998),,POLK,1032100,IMPORTED VODKAS,370,PERNOD RICARD USA,34001,ABSOLUT SWEDISH VODKA 80PRF MINI,10,50,7.92,11.88,1,11.88,0.05,0.01
INV-65781000008,2023-12-29T00:00:00.000,6323,"FAREWAY STORES, INC. #225 / DES MOINES",2716 BEAVER AVENUE,DES MOINES,50310,POINT (-93.673553008 41.619913998),,POLK,1031100,AMERICAN VODKAS,434,LUXCO INC,36301,HAWKEYE VODKA MINI,12,50,4.50,6.75,1,6.75,0.05,0.01
INV-65781000009,2023-12-29T00:00:00.000,6323,"FAREWAY STORES, INC. #225 / DES MOINES",2716 BEAVER AVENUE,DES MOINES,50310,POINT (-93.673553008 41.619913998),,POLK,1031100,AMERICAN VODKAS,777,"BLUE OX SPIRITS, INC.",36875,BLUE OX VODKA,6,1750,7.63,11.45,6,68.70,10.50,2.77
INV-65781000010,2023-12-29T00:00:00.000,6323,"FAREWAY STORES, INC. #225 / DES MOINES",2716 BEAVER AVENUE,DES MOINES,50310,POINT (-93.673553008 41.619913998),,POLK,1031100,AMERICAN VODKAS,301,FIFTH GENERATION INC,38176,TITOS HANDMADE VODKA,12,750,10.00,15.00,12,180.00,9.00,2.37
INV-65781000011,2023-12-29T00:00:00.000,6323,"FAREWAY STORES, INC. #225 / DES MOINES",2716 BEAVER AVENUE,DES MOINES,50310,POINT (-93.673553008 41.619913998),,POLK,1031200,AMERICAN FLAVORED VODKA,259,HEAVEN HILL BRANDS,39320,DEEP EDDY LIME MINI,12,50,7.50,11.25,1,11.25,0.05,0.01
INV-65781000012,2023-12-29T00:00:00.000,6323,"FAREWAY STORES, INC. #225 / DES MOINES",2716 BEAVER AVENUE,DES MOINES,50310,POINT (-93.673553008 41.619913998),,POLK,1012300,SINGLE MALT SCOTCH,420,MOET HENNESSY USA,4096,ARDBEG 10YR ISLAY,6,750,34.49,51.74,3,155.22,2.25,0.59
INV-65781000013,2023-12-29T00:00:00.000,6323,"FAREWAY STORES, INC. #225 / DES MOINES",2716 BEAVER AVENUE,DES MOINES,50310,POINT (-93.673553008 41.619913998),,POLK,1062500,FLAVORED RUM,370,PERNOD RICARD USA,42716,MALIBU COCONUT,12,750,8.99,13.49,12,161.88,9.00,2.37
INV-65781000014,2023-12-29T00:00:00.000,6323,"FAREWAY STORES, INC. #225 / DES MOINES",2716 BEAVER AVENUE,DES MOINES,50310,POINT (-93.673553008 41.619913998),,POLK,1062200,WHITE RUM,035,BACARDI USA INC,43126,BACARDI SUPERIOR,12,750,8.76,13.14,12,157.68,9.00,2.37
INV-65781000015,2023-12-29T00:00:00.000,6323,"FAREWAY STORES, INC. #225 / DES MOINES",2716 BEAVER AVENUE,DES MOINES,50310,POINT (-93.673553008 41.619913998),,POLK,1062400,SPICED RUM,240,WILLIAM GRANT & SONS INC,45886,SAILOR JERRY SPICED NAVY RUM,12,750,10.00,15.00,12,180.00,9.00,2.37
INV-65781000016,2023-12-29T00:00:00.000,6323,"FAREWAY STORES, INC. #225 / DES MOINES",2716 BEAVER AVENUE,DES MOINES,50310,POINT (-93.673553008 41.619913998),,POLK,1012200,SCOTCH WHISKIES,035,BACARDI USA INC,4866,DEWARS WHITE LABEL SCOTCH,12,750,13.50,20.25,12,243.00,9.00,2.37
INV-65781000017,2023-12-29T00:00:00.000,6323,"FAREWAY STORES, INC. #225 / DES MOINES",2716 BEAVER AVENUE,DES MOINES,50310,POINT (-93.673553008 41.619913998),,POLK,1012300,SINGLE MALT SCOTCH,205,E & J GALLO WINERY,5286,ISLE OF JURA 10YR,6,750,20.00,30.00,3,90.00,2.25,0.59
INV-65781000018,2023-12-29T00:00:00.000,6323,"FAREWAY STORES, INC. #225 / DES MOINES",2716 BEAVER AVENUE,DES MOINES,50310,POINT (-93.673553008 41.619913998),,POLK,1071000,COCKTAILS/RTD,065,JIM BEAM BRANDS,63505,ON THE ROCKS COCKTAILS BASIL HAYDEN DARK RYE MANHATTAN,12,375,6.50,9.75,12,117.00,4.50,1.18
INV-65781000019,2023-12-29T00:00:00.000,6323,"FAREWAY STORES, INC. #225 / DES MOINES",2716 BEAVER AVENUE,DES MOINES,50310,POINT (-93.673553008 41.619913998),,POLK,1062300,AGED DARK RUM,482,"SOVEREIGN BRANDS, LLC",64529,BUMBU RUM,6,750,18.50,27.75,6,166.50,4.50,1.18
INV-65781000020,2023-12-29T00:00:00.000,6323,"FAREWAY STORES, INC. #225 / DES MOINES",2716 BEAVER AVENUE,DES MOINES,50310,POINT (-93.673553008 41.619913998),,POLK,1081600,WHISKEY LIQUEUR,421,SAZERAC COMPANY  INC,64865,FIREBALL CINNAMON WHISKEY PET,12,750,9.00,13.50,12,162.00,9.00,2.37
INV-65781000021,2023-12-29T00:00:00.000,6323,"FAREWAY STORES, INC. #225 / DES MOINES",2716 BEAVER AVENUE,DES MOINES,50310,POINT (-93.673553008 41.619913998),,POLK,1081600,WHISKEY LIQUEUR,421,SAZERAC COMPANY  INC,65013,FIREBALL CINNAMON WHISKEY MINI SLEEVE,12,50,4.30,6.45,12,77.40,0.60,0.15
INV-65781000022,2023-12-29T00:00:00.000,6323,"FAREWAY STORES, INC. #225 / DES MOINES",2716 BEAVER AVENUE,DES MOINES,50310,POINT (-93.673553008 41.619913998),,POLK,1022100,MIXTO TEQUILA,260,DIAGEO AMERICAS,66993,21SEEDS CUCUMBER JALAPENO TEQUILA,6,750,17.50,26.25,6,157.50,4.50,1.18
INV-65781000023,2023-12-29T00:00:00.000,6323,"FAREWAY STORES, INC. #225 / DES MOINES",2716 BEAVER AVENUE,DES MOINES,50310,POINT (-93.673553008 41.619913998),,POLK,1022100,MIXTO TEQUILA,260,DIAGEO AMERICAS,66997,21SEEDS VALENCIA ORANGE TEQUILA,6,750,17.50,26.25,6,157.50,4.50,1.18
INV-65781000024,2023-12-29T00:00:00.000,6323,"FAREWAY STORES, INC. #225 / DES MOINES",2716 BEAVER AVENUE,DES MOINES,50310,POINT (-93.673553008 41.619913998),,POLK,1081200,CREAM LIQUEURS,205,E & J GALLO WINERY,73055,RUMCHATA,12,750,14.00,21.00,12,252.00,9.00,2.37
INV-65781000025,2023-12-29T00:00:00.000,6323,"FAREWAY STORES, INC. #225 / DES MOINES",2716 BEAVER AVENUE,DES MOINES,50310,POINT (-93.673553008 41.619913998),,POLK,1022200,100% AGAVE TEQUILA,619,CAMPARI AMERICA,87619,ESPOLON BLANCO,12,750,16.00,24.00,5,120.00,3.75,0.99
INV-65781000026,2023-12-29T00:00:00.000,6323,"FAREWAY STORES, INC. #225 / DES MOINES",2716 BEAVER AVENUE,DES MOINES,50310,POINT (-93.673553008 41.619913998),,POLK,1022200,100% AGAVE TEQUILA,192,"MAST-JAGERMEISTER US, INC",88371,TEREMANA BLANCO TEQUILA,6,750,15.91,23.87,6,143.22,4.50,1.18
INV-65781000027,2023-12-29T00:00:00.000,6323,"FAREWAY STORES, INC. #225 / DES MOINES",2716 BEAVER AVENUE,DES MOINES,50310,POINT (-93.673553008 41.619913998),,POLK,1022200,100% AGAVE TEQUILA,192,"MAST-JAGERMEISTER US, INC",88372,TEREMANA REPOSADO TEQUILA,6,750,17.40,26.10,6,156.60,4.50,1.18
INV-65781000028,2023-12-29T00:00:00.000,6323,"FAREWAY STORES, INC. #225 / DES MOINES",2716 BEAVER AVENUE,DES MOINES,50310,POINT (-93.673553008 41.619913998),,POLK,1022200,100% AGAVE TEQUILA,260,DIAGEO AMERICAS,88833,CASAMIGOS ANEJO,6,750,32.99,49.49,2,98.98,1.50,0.39
INV-65781100001,2023-12-29T00:00:00.000,6323,"FAREWAY STORES, INC. #225 / DES MOINES",2716 BEAVER AVENUE,DES MOINES,50310,POINT (-93.673553008 41.619913998),,POLK,1701100,TEMPORARY & SPECIALTY PACKAGES,065,JIM BEAM BRANDS,16580,BAKERS 7YR,6,750,35.00,52.50,6,270.00,4.50,1.18
INV-65781200001,2023-12-29T00:00:00.000,5676,FAMILY PANTRY,4538 LOWER BEAVER RD,DES MOINES,50310,POINT (-93.666318 41.638620981),,POLK,1012100,CANADIAN WHISKIES,260,DIAGEO AMERICAS,10803,CROWN ROYAL REGAL APPLE MINI,10,50,9.95,14.93,10,149.30,0.50,0.13
INV-65781200002,2023-12-29T00:00:00.000,5676,FAMILY PANTRY,4538 LOWER BEAVER RD,DES MOINES,50310,POINT (-93.666318 41.638620981),,POLK,1012100,CANADIAN WHISKIES,260,DIAGEO AMERICAS,10805,CROWN ROYAL REGAL APPLE,24,375,8.49,12.74,24,305.76,9.00,2.37
INV-65781200003,2023-12-29T00:00:00.000,5676,FAMILY PANTRY,4538 LOWER BEAVER RD,DES MOINES,50310,POINT (-93.666318 41.638620981),,POLK,1012100,CANADIAN WHISKIES,260,DIAGEO AMERICAS,11290,CROWN ROYAL MINI,10,50,9.95,14.93,10,149.30,0.50,0.13
INV-65781200004,2023-12-29T00:00:00.000,5676,FAMILY PANTRY,4538 LOWER BEAVER RD,DES MOINES,50310,POINT (-93.666318 41.638620981),,POLK,1012100,CANADIAN WHISKIES,260,DIAGEO AMERICAS,11294,CROWN ROYAL,24,375,8.49,12.74,24,305.76,9.00,2.37
INV-65781200005,2023-12-29T00:00:00.000,5676,FAMILY PANTRY,4538 LOWER BEAVER RD,DES MOINES,50310,POINT (-93.666318 41.638620981),,POLK,1012100,CANADIAN WHISKIES,260,DIAGEO AMERICAS,11299,CROWN ROYAL,44,200,5.00,7.50,44,330.00,8.80,2.32
INV-65781200006,2023-12-29T00:00:00.000,5676,FAMILY PANTRY,4538 LOWER BEAVER RD,DES MOINES,50310,POINT (-93.666318 41.638620981),,POLK,1012100,CANADIAN WHISKIES,259,HEAVEN HILL BRANDS,11771,BLACK VELVET MINI,8,50,8.87,13.31,8,106.48,0.40,0.10
INV-65781200007,2023-12-29T00:00:00.000,5676,FAMILY PANTRY,4538 LOWER BEAVER RD,DES MOINES,50310,POINT (-93.666318 41.638620981),,POLK,1012100,CANADIAN WHISKIES,259,HEAVEN HILL BRANDS,11776,BLACK VELVET,12,750,5.50,8.25,12,99.00,9.00,2.37
INV-65781200008,2023-12-29T00:00:00.000,5676,FAMILY PANTRY,4538 LOWER BEAVER RD,DES MOINES,50310,POINT (-93.666318 41.638620981),,POLK,1011200,STRAIGHT BOURBON WHISKIES,065,JIM BEAM BRANDS,19061,JIM BEAM MINI,12,50,7.00,10.50,1,10.50,0.05,0.01
INV-65781200009,2023-12-29T00:00:00.000,5676,FAMILY PANTRY,4538 LOWER BEAVER RD,DES MOINES,50310,POINT (-93.666318 41.638620981),,POLK,1011100,BLENDED WHISKIES,297,LAIRD & COMPANY,23824,FIVE STAR,24,375,2.09,3.14,24,75.36,9.00,2.37
INV-65781200010,2023-12-29T00:00:00.000,5676,FAMILY PANTRY,4538 LOWER BEAVER RD,DES MOINES,50310,POINT (-93.666318 41.638620981),,POLK,1011400,TENNESSEE WHISKIES,085,BROWN FORMAN CORP.,26828,JACK DANIELS OLD #7 BLACK LABEL,6,1750,33.28,49.92,2,99.84,3.50,0.92
INV-65781200011,2023-12-29T00:00:00.000,5676,FAMILY PANTRY,4538 LOWER BEAVER RD,DES MOINES,50310,POINT (-93.666318 41.638620981),,POLK,1041100,AMERICAN DRY GINS,370,PERNOD RICARD USA,32233,SEAGRAMS EXTRA DRY GIN,48,200,1.99,2.99,48,143.52,9.60,2.53
INV-65781200012,2023-12-29T00:00:00.000,5676,FAMILY PANTRY,4538 LOWER BEAVER RD,DES MOINES,50310,POINT (-93.666318 41.638620981),,POLK,1032100,IMPORTED VODKAS,370,PERNOD RICARD USA,34001,ABSOLUT SWEDISH VODKA 80PRF MINI,10,50,7.92,11.88,1,11.88,0.05,0.01
INV-65781200013,2023-12-29T00:00:00.000,5676,FAMILY PANTRY,4538 LOWER BEAVER RD,DES MOINES,50310,POINT (-93.666318 41.638620981),,POLK,1032100,IMPORTED VODKAS,370,PERNOD RICARD USA,34003,ABSOLUT SWEDISH VODKA 80PRF,24,200,3.49,5.24,24,125.76,4.80,1.26
INV-65781200014,2023-12-29T00:00:00.000,5676,FAMILY PANTRY,4538 LOWER BEAVER RD,DES MOINES,50310,POINT (-93.666318 41.638620981),,POLK,1032100,IMPORTED VODKAS,370,PERNOD RICARD USA,34004,ABSOLUT SWEDISH VODKA 80PRF,24,375,4.99,7.49,24,179.76,9.00,2.37
INV-65781200015,2023-12-29T00:00:00.000,5676,FAMILY PANTRY,4538 LOWER BEAVER RD,DES MOINES,50310,POINT (-93.666318 41.638620981),,POLK,1032100,IMPORTED VODKAS,370,PERNOD RICARD USA,34006,ABSOLUT SWEDISH VODKA 80PRF,12,750,9.99,14.99,12,179.88,9.00,2.37
INV-65781200016,2023-12-29T00:00:00.000,5676,FAMILY PANTRY,4538 LOWER BEAVER RD,DES MOINES,50310,POINT (-93.666318 41.638620981),,POLK,1031100,AMERICAN VODKAS,434,LUXCO INC,36304,HAWKEYE VODKA,24,375,2.00,3.00,24,72.00,9.00,2.37
INV-65781200017,2023-12-29T00:00:00.000,5676,FAMILY PANTRY,4538 LOWER BEAVER RD,DES MOINES,50310,POINT (-93.666318 41.638620981),,POLK,1031100,AMERICAN VODKAS,300,MCCORMICK DISTILLING CO.,36886,MCCORMICK 80PRF VODKA,12,750,3.64,5.46,12,65.52,9.00,2.37
INV-65781200018,2023-12-29T00:00:00.000,5676,FAMILY PANTRY,4538 LOWER BEAVER RD,DES MOINES,50310,POINT (-93.666318 41.638620981),,POLK,1031100,AMERICAN VODKAS,300,MCCORMICK DISTILLING CO.,36904,MCCORMICK 80PRF VODKA PET,24,375,1.84,2.76,24,66.24,9.00,2.37
INV-65781200019,2023-12-29T00:00:00.000,5676,FAMILY PANTRY,4538 LOWER BEAVER RD,DES MOINES,50310,POINT (-93.666318 41.638620981),,POLK,1031100,AMERICAN VODKAS,260,DIAGEO AMERICAS,37991,SMIRNOFF 80PRF MINI,12,50,7.47,11.21,2,22.42,0.10,0.02
INV-65781200020,2023-12-29T00:00:00.000,5676,FAMILY PANTRY,4538 LOWER BEAVER RD,DES MOINES,50310,POINT (-93.666318 41.638620981),,POLK,1031100,AMERICAN VODKAS,301,FIFTH GENERATION INC,38176,TITOS HANDMADE VODKA,12,750,10.00,15.00,12,180.00,9.00,2.37
INV-65781200021,2023-12-29T00:00:00.000,5676,FAMILY PANTRY,4538 LOWER BEAVER RD,DES MOINES,50310,POINT (-93.666318 41.638620981),,POLK,1031100,AMERICAN VODKAS,301,FIFTH GENERATION INC,38194,TITOS HANDMADE VODKA MINI,5,50,12.80,19.20,2,38.40,0.10,0.02
INV-65781200022,2023-12-29T00:00:00.000,5676,FAMILY PANTRY,4538 LOWER BEAVER RD,DES MOINES,50310,POINT (-93.666318 41.638620981),,POLK,1062400,SPICED RUM,259,HEAVEN HILL BRANDS,43026,ADMIRAL NELSON SPICED,12,750,6.50,9.75,12,117.00,9.00,2.37
INV-65781200023,2023-12-29T00:00:00.000,5676,FAMILY PANTRY,4538 LOWER BEAVER RD,DES MOINES,50310,POINT (-93.666318 41.638620981),,POLK,1062200,WHITE RUM,035,BACARDI USA INC,43124,BACARDI SUPERIOR,24,375,5.00,7.50,24,180.00,9.00,2.37
INV-65781200024,2023-12-29T00:00:00.000,5676,FAMILY PANTRY,4538 LOWER BEAVER RD,DES MOINES,50310,POINT (-93.666318 41.638620981),,POLK,1062400,SPICED RUM,260,DIAGEO AMERICAS,43331,CAPTAIN MORGAN ORIGINAL SPICED MINI,12,50,4.80,7.20,2,14.40,0.10,0.02
INV-65781200025,2023-12-29T00:00:00.000,5676,FAMILY PANTRY,4538 LOWER BEAVER RD,DES MOINES,50310,POINT (-93.666318 41.638620981),,POLK,1052100,IMPORTED BRANDIES,065,JIM BEAM BRANDS,47785,COURVOISIER VS COGNAC,12,375,11.00,16.50,12,198.00,4.50,1.18
INV-65781200026,2023-12-29T00:00:00.000,5676,FAMILY PANTRY,4538 LOWER BEAVER RD,DES MOINES,50310,POINT (-93.666318 41.638620981),,POLK,1052100,IMPORTED BRANDIES,420,MOET HENNESSY USA,48099,HENNESSY VS,24,200,7.49,11.24,48,539.52,9.60,2.53
INV-65781200027,2023-12-29T00:00:00.000,5676,FAMILY PANTRY,4538 LOWER BEAVER RD,DES MOINES,50310,POINT (-93.666318 41.638620981),,POLK,1052100,IMPORTED BRANDIES,420,MOET HENNESSY USA,48105,HENNESSY VS,12,375,11.49,17.24,36,620.64,13.50,3.56
INV-65781200028,2023-12-29T00:00:00.000,5676,FAMILY PANTRY,4538 LOWER BEAVER RD,DES MOINES,50310,POINT (-93.666318 41.638620981),,POLK,1052100,IMPORTED BRANDIES,420,MOET HENNESSY USA,48106,HENNESSY VS,12,750,19.99,29.99,36,1079.64,27.00,7.13
INV-65781200029,2023-12-29T00:00:00.000,5676,FAMILY PANTRY,4538 LOWER BEAVER RD,DES MOINES,50310,POINT (-93.666318 41.638620981),,POLK,1052100,IMPORTED BRANDIES,420,MOET HENNESSY USA,48107,HENNESSY VS,12,1000,27.49,41.24,24,989.76,24.00,6.34
INV-65781200030,2023-12-29T00:00:00.000,5676,FAMILY PANTRY,4538 LOWER BEAVER RD,DES MOINES,50310,POINT (-93.666318 41.638620981),,POLK,1052100,IMPORTED BRANDIES,420,MOET HENNESSY USA,48108,HENNESSY VS,6,1750,49.99,74.99,6,449.94,10.50,2.77
INV-65781200031,2023-12-29T00:00:00.000,5676,FAMILY PANTRY,4538 LOWER BEAVER RD,DES MOINES,50310,POINT (-93.666318 41.638620981),,POLK,1052100,IMPORTED BRANDIES,420,MOET HENNESSY USA,48115,HENNESSY VSOP ROUND GIFTBOX,12,375,18.99,28.49,12,341.88,4.50,1.18
INV-65781200032,2023-12-29T00:00:00.000,5676,FAMILY PANTRY,4538 LOWER BEAVER RD,DES MOINES,50310,POINT (-93.666318 41.638620981),,POLK,1051100,AMERICAN BRANDIES,421,SAZERAC COMPANY  INC,53216,PAUL MASSON GRANDE AMBER BRANDY VS,12,750,6.41,9.62,12,115.44,9.00,2.37
INV-65781200033,2023-12-29T00:00:00.000,5676,FAMILY PANTRY,4538 LOWER BEAVER RD,DES MOINES,50310,POINT (-93.666318 41.638620981),,POLK,1012200,SCOTCH WHISKIES,260,DIAGEO AMERICAS,5325,JOHNNIE WALKER BLACK,24,375,11.99,17.99,24,431.76,9.00,2.37
INV-65781200034,2023-12-29T00:00:00.000,5676,FAMILY PANTRY,4538 LOWER BEAVER RD,DES MOINES,50310,POINT (-93.666318 41.638620981),,POLK,1012200,SCOTCH WHISKIES,260,DIAGEO AMERICAS,5346,JOHNNIE WALKER RED,12,750,13.50,20.25,12,243.00,9.00,2.37
INV-65781200035,2023-12-29T00:00:00.000,5676,FAMILY PANTRY,4538 LOWER BEAVER RD,DES MOINES,50310,POINT (-93.666318 41.638620981),,POLK,1081600,WHISKEY LIQUEUR,421,SAZERAC COMPANY  INC,64858,FIREBALL CINNAMON WHISKEY MINI DISPENSER,1,50,25.80,38.70,3,116.10,0.15,0.03
INV-65781200036,2023-12-29T00:00:00.000,5676,FAMILY PANTRY,4538 LOWER BEAVER RD,DES MOINES,50310,POINT (-93.666318 41.638620981),,POLK,1081600,WHISKEY LIQUEUR,421,SAZERAC COMPANY  INC,64863,FIREBALL CINNAMON WHISKEY,48,200,2.50,3.75,48,180.00,9.60,2.53
INV-65781200037,2023-12-29T00:00:00.000,5676,FAMILY PANTRY,4538 LOWER BEAVER RD,DES MOINES,50310,POINT (-93.666318 41.638620981),,POLK,1081600,WHISKEY LIQUEUR,421,SAZERAC COMPANY  INC,64864,FIREBALL CINNAMON WHISKEY,24,375,5.33,8.00,24,192.00,9.00,2.37
INV-65781200038,2023-12-29T00:00:00.000,5676,FAMILY PANTRY,4538 LOWER BEAVER RD,DES MOINES,50310,POINT (-93.666318 41.638620981),,POLK,1081600,WHISKEY LIQUEUR,421,SAZERAC COMPANY  INC,64870,FIREBALL CINNAMON WHISKEY,48,100,1.00,1.50,96,144.00,9.60,2.53
INV-65781200039,2023-12-29T00:00:00.000,5676,FAMILY PANTRY,4538 LOWER BEAVER RD,DES MOINES,50310,POINT (-93.666318 41.638620981),,POLK,1081300,AMERICAN CORDIALS & LIQUEURS,421,SAZERAC COMPANY  INC,71886,AMARETTO E DOLCE,12,750,3.34,5.01,2,10.02,1.50,0.39
INV-65781200040,2023-12-29T00:00:00.000,5676,FAMILY PANTRY,4538 LOWER BEAVER RD,DES MOINES,50310,POINT (-93.666318 41.638620981),,POLK,1081400,AMERICAN SCHNAPPS,421,SAZERAC COMPANY  INC,84171,99 BANANAS,48,100,1.00,1.50,48,72.00,4.80,1.26
INV-65781200041,2023-12-29T00:00:00.000,5676,FAMILY PANTRY,4538 LOWER BEAVER RD,DES MOINES,50310,POINT (-93.666318 41.638620981),,POLK,1022200,100% AGAVE TEQUILA,260,DIAGEO AMERICAS,87484,DON JULIO BLANCO,12,375,14.99,22.49,12,269.88,4.50,1.18
INV-65781200042,2023-12-29T00:00:00.000,5676,FAMILY PANTRY,4538 LOWER BEAVER RD,DES MOINES,50310,POINT (-93.666318 41.638620981),,POLK,1022200,100% AGAVE TEQUILA,035,BACARDI USA INC,88291,PATRON SILVER MINI,10,50,23.00,34.50,1,34.50,0.05,0.01
INV-65781200043,2023-12-29T00:00:00.000,5676,FAMILY PANTRY,4538 LOWER BEAVER RD,DES MOINES,50310,POINT (-93.666318 41.638620981),,POLK,1022200,100% AGAVE TEQUILA,035,BACARDI USA INC,88298,PATRON SILVER,3,1750,58.50,87.75,2,175.50,3.50,0.92
INV-65781200044,2023-12-29T00:00:00.000,5676,FAMILY PANTRY,4538 LOWER BEAVER RD,DES MOINES,50310,POINT (-93.666318 41.638620981),,POLK,1022200,100% AGAVE TEQUILA,472,"TEQUILAS PREMIUM, INC",88741,CLASE AZUL REPOSADO,6,750,96.67,145.01,1,145.01,0.75,0.19
INV-65781200045,2023-12-29T00:00:00.000,5676,FAMILY PANTRY,4538 LOWER BEAVER RD,DES MOINES,50310,POINT (-93.666318 41.638620981),,POLK,1052100,IMPORTED BRANDIES,420,MOET HENNESSY USA,948245,SOOH HENNESSY VSOP PRIVILEGE,6,1750,63.99,95.99,6,575.94,10.50,2.77
INV-65781300001,2023-12-29T00:00:00.000,4343,BEST FOOD MART / DES MOINES,4028 NE 14TH ST,DES MOINES,50313,POINT (-93.637144032 41.634343989),,POLK,1012100,CANADIAN WHISKIES,259,HEAVEN HILL BRANDS,11774,BLACK VELVET,24,375,3.25,4.88,24,117.12,9.00,2.37
INV-65781300002,2023-12-29T00:00:00.000,4343,BEST FOOD MART / DES MOINES,4028 NE 14TH ST,DES MOINES,50313,POINT (-93.637144032 41.634343989),,POLK,1031100,AMERICAN VODKAS,434,LUXCO INC,36306,HAWKEYE VODKA,12,750,3.50,5.25,12,63.00,9.00,2.37
INV-65781300003,2023-12-29T00:00:00.000,4343,BEST FOOD MART / DES MOINES,4028 NE 14TH ST,DES MOINES,50313,POINT (-93.637144032 41.634343989),,POLK,1031100,AMERICAN VODKAS,205,E & J GALLO WINERY,36968,NEW AMSTERDAM 80PRF,24,375,4.00,6.00,24,144.00,9.00,2.37
INV-65781300004,2023-12-29T00:00:00.000,4343,BEST FOOD MART / DES MOINES,4028 NE 14TH ST,DES MOINES,50313,POINT (-93.637144032 41.634343989),,POLK,1062400,SPICED RUM,260,DIAGEO AMERICAS,43334,CAPTAIN MORGAN ORIGINAL SPICED,24,375,5.24,7.86,24,188.64,9.00,2.37
INV-65781300005,2023-12-29T00:00:00.000,4343,BEST FOOD MART / DES MOINES,4028 NE 14TH ST,DES MOINES,50313,POINT (-93.637144032 41.634343989),,POLK,1082100,IMPORTED CORDIALS & LIQUEURS,035,BACARDI USA INC,47861,D'USSE VSOP,24,200,9.49,14.24,24,341.76,4.80,1.26
INV-65781300006,2023-12-29T00:00:00.000,4343,BEST FOOD MART / DES MOINES,4028 NE 14TH ST,DES MOINES,50313,POINT (-93.637144032 41.634343989),,POLK,1052100,IMPORTED BRANDIES,420,MOET HENNESSY USA,48107,HENNESSY VS,12,1000,27.49,41.24,12,494.88,12.00,3.17
INV-65781300007,2023-12-29T00:00:00.000,4343,BEST FOOD MART / DES MOINES,4028 NE 14TH ST,DES MOINES,50313,POINT (-93.637144032 41.634343989),,POLK,1071000,COCKTAILS/RTD,035,BACARDI USA INC,57184,BACARDI ZOMBIE RTS,6,1750,10.50,15.75,6,94.50,10.50,2.77
INV-65781300008,2023-12-29T00:00:00.000,4343,BEST FOOD MART / DES MOINES,4028 NE 14TH ST,DES MOINES,50313,POINT (-93.637144032 41.634343989),,POLK,1071000,COCKTAILS/RTD,395,PROXIMO,59163,1800 ULTIMATE WATERMELON MARGARITA PET,6,1750,10.04,15.06,6,90.36,10.50,2.77
INV-65781300009,2023-12-29T00:00:00.000,4343,BEST FOOD MART / DES MOINES,4028 NE 14TH ST,DES MOINES,50313,POINT (-93.637144032 41.634343989),,POLK,1022200,100% AGAVE TEQUILA,035,BACARDI USA INC,88290,PATRON SILVER,12,200,9.50,14.25,12,171.00,2.40,0.63
INV-65781300010,2023-12-29T00:00:00.000,4343,BEST FOOD MART / DES MOINES,4028 NE 14TH ST,DES MOINES,50313,POINT (-93.637144032 41.634343989),,POLK,1022200,100% AGAVE TEQUILA,192,"MAST-JAGERMEISTER US, INC",88354,TEREMANA BLANCO TEQUILA,12,375,8.52,12.78,24,306.72,9.00,2.37
INV-65781300011,2023-12-29T00:00:00.000,4343,BEST FOOD MART / DES MOINES,4028 NE 14TH ST,DES MOINES,50313,POINT (-93.637144032 41.634343989),,POLK,1022100,MIXTO TEQUILA,395,PROXIMO,89196,JOSE CUERVO ESPECIAL REPOSADO,12,750,12.00,18.00,12,216.00,9.00,2.37
INV-65781300012,2023-12-29T00:00:00.000,4343,BEST FOOD MART / DES MOINES,4028 NE 14TH ST,DES MOINES,50313,POINT (-93.637144032 41.634343989),,POLK,1022100,MIXTO TEQUILA,395,PROXIMO,89199,JOSE CUERVO ESPECIAL REPOSADO SQUARE,12,375,6.53,9.80,12,117.60,4.50,1.18
INV-65781400035,2023-12-29T00:00:00.000,3917,SMOKIN' JOE'S #2 TOBACCO AND LIQUOR OUTLET,1606 W LOCUST ST,DAVENPORT,52804,POINT (-90.59905902 41.538506021),,SCOTT,1081200,CREAM LIQUEURS,300,MCCORMICK DISTILLING CO.,65204,TEQUILA ROSE LIQUEUR MINI,6,50,5.90,8.85,6,53.10,0.30,0.07
INV-65781500001,2023-12-29T00:00:00.000,010021,WORLD CLASS LIQUOR AND TOBACCO / BONDURANT,96 PAINE CIRCLE SE 1 & 2,BONDURANT,50035,POINT (-93.450674011 41.69868901),,POLK,1012100,CANADIAN WHISKIES,260,DIAGEO AMERICAS,10791,CROWN ROYAL VANILLA,12,750,17.49,26.24,4,104.96,3.00,0.79
INV-65781500002,2023-12-29T00:00:00.000,010021,WORLD CLASS LIQUOR AND TOBACCO / BONDURANT,96 PAINE CIRCLE SE 1 & 2,BONDURANT,50035,POINT (-93.450674011 41.69868901),,POLK,1012100,CANADIAN WHISKIES,260,DIAGEO AMERICAS,10802,CROWN ROYAL PEACH,12,750,17.49,26.24,6,157.44,4.50,1.18
INV-65781500003,2023-12-29T00:00:00.000,010021,WORLD CLASS LIQUOR AND TOBACCO / BONDURANT,96 PAINE CIRCLE SE 1 & 2,BONDURANT,50035,POINT (-93.450674011 41.69868901),,POLK,1011500,BOTTLED IN BOND BOURBON,065,JIM BEAM BRANDS,16416,OLD GRAND-DAD 100PRF BOND BOURBON 4YR,12,750,13.50,20.25,4,81.00,3.00,0.79
INV-65781500004,2023-12-29T00:00:00.000,010021,WORLD CLASS LIQUOR AND TOBACCO / BONDURANT,96 PAINE CIRCLE SE 1 & 2,BONDURANT,50035,POINT (-93.450674011 41.69868901),,POLK,1701100,TEMPORARY & SPECIALTY PACKAGES,065,JIM BEAM BRANDS,16679,BASIL HAYDEN 10YR,6,750,40.00,60.00,2,115.50,1.50,0.39
INV-65781500005,2023-12-29T00:00:00.000,010021,WORLD CLASS LIQUOR AND TOBACCO / BONDURANT,96 PAINE CIRCLE SE 1 & 2,BONDURANT,50035,POINT (-93.450674011 41.69868901),,POLK,1011200,STRAIGHT BOURBON WHISKIES,259,HEAVEN HILL BRANDS,17127,CABIN STILL STR BOURBON,12,1000,5.00,7.50,6,45.00,6.00,1.58
INV-65781500006,2023-12-29T00:00:00.000,010021,WORLD CLASS LIQUOR AND TOBACCO / BONDURANT,96 PAINE CIRCLE SE 1 & 2,BONDURANT,50035,POINT (-93.450674011 41.69868901),,POLK,1011200,STRAIGHT BOURBON WHISKIES,305,MHW LTD,18034,BARRELL FOUNDATION BOURBON,6,750,29.99,44.99,2,89.98,1.50,0.39
INV-65781500007,2023-12-29T00:00:00.000,010021,WORLD CLASS LIQUOR AND TOBACCO / BONDURANT,96 PAINE CIRCLE SE 1 & 2,BONDURANT,50035,POINT (-93.450674011 41.69868901),,POLK,1011200,STRAIGHT BOURBON WHISKIES,259,HEAVEN HILL BRANDS,18858,LARCENY,6,1750,30.00,45.00,3,128.25,5.25,1.38
INV-65781500008,2023-12-29T00:00:00.000,010021,WORLD CLASS LIQUOR AND TOBACCO / BONDURANT,96 PAINE CIRCLE SE 1 & 2,BONDURANT,50035,POINT (-93.450674011 41.69868901),,POLK,1701100,TEMPORARY & SPECIALTY PACKAGES,065,JIM BEAM BRANDS,19236,BP KNOB CREEK SINGLE BARREL,6,750,25.00,37.50,1,37.50,0.75,0.19
INV-65781500009,2023-12-29T00:00:00.000,010021,WORLD CLASS LIQUOR AND TOBACCO / BONDURANT,96 PAINE CIRCLE SE 1 & 2,BONDURANT,50035,POINT (-93.450674011 41.69868901),,POLK,1011200,STRAIGHT BOURBON WHISKIES,065,JIM BEAM BRANDS,20116,OLD GRAND DAD 114PRF,12,750,13.84,20.76,4,83.04,3.00,0.79
INV-65781500010,2023-12-29T00:00:00.000,010021,WORLD CLASS LIQUOR AND TOBACCO / BONDURANT,96 PAINE CIRCLE SE 1 & 2,BONDURANT,50035,POINT (-93.450674011 41.69868901),,POLK,1011200,STRAIGHT BOURBON WHISKIES,619,CAMPARI AMERICA,22175,RUSSELLS RESERVE 10YR,6,750,22.50,33.75,3,101.25,2.25,0.59
INV-65781500011,2023-12-29T00:00:00.000,010021,WORLD CLASS LIQUOR AND TOBACCO / BONDURANT,96 PAINE CIRCLE SE 1 & 2,BONDURANT,50035,POINT (-93.450674011 41.69868901),,POLK,1011300,SINGLE BARREL BOURBON WHISKIES,619,CAMPARI AMERICA,22178,RUSSELLS RESERVE SINGLE BARREL BOURBON,6,750,32.50,48.75,3,146.25,2.25,0.59
INV-65781500012,2023-12-29T00:00:00.000,010021,WORLD CLASS LIQUOR AND TOBACCO / BONDURANT,96 PAINE CIRCLE SE 1 & 2,BONDURANT,50035,POINT (-93.450674011 41.69868901),,POLK,1011600,STRAIGHT RYE WHISKIES,259,HEAVEN HILL BRANDS,26555,ELIJAH CRAIG RYE,6,750,17.50,26.25,2,52.50,1.50,0.39
INV-65781500013,2023-12-29T00:00:00.000,010021,WORLD CLASS LIQUOR AND TOBACCO / BONDURANT,96 PAINE CIRCLE SE 1 & 2,BONDURANT,50035,POINT (-93.450674011 41.69868901),,POLK,1011200,STRAIGHT BOURBON WHISKIES,065,JIM BEAM BRANDS,28043,JIM BEAM VANILLA,12,750,11.00,16.50,4,66.00,3.00,0.79
INV-65781500014,2023-12-29T00:00:00.000,010021,WORLD CLASS LIQUOR AND TOBACCO / BONDURANT,96 PAINE CIRCLE SE 1 & 2,BONDURANT,50035,POINT (-93.450674011 41.69868901),,POLK,1031100,AMERICAN VODKAS,300,MCCORMICK DISTILLING CO.,36886,MCCORMICK 80PRF VODKA,12,750,3.64,5.46,4,21.84,3.00,0.79
INV-65781500015,2023-12-29T00:00:00.000,010021,WORLD CLASS LIQUOR AND TOBACCO / BONDURANT,96 PAINE CIRCLE SE 1 & 2,BONDURANT,50035,POINT (-93.450674011 41.69868901),,POLK,1031100,AMERICAN VODKAS,301,FIFTH GENERATION INC,38176,TITOS HANDMADE VODKA,12,750,10.00,15.00,4,60.00,3.00,0.79
INV-65781500016,2023-12-29T00:00:00.000,010021,WORLD CLASS LIQUOR AND TOBACCO / BONDURANT,96 PAINE CIRCLE SE 1 & 2,BONDURANT,50035,POINT (-93.450674011 41.69868901),,POLK,1062400,SPICED RUM,259,HEAVEN HILL BRANDS,43026,ADMIRAL NELSON SPICED,12,750,6.50,9.75,4,39.00,3.00,0.79
INV-65781500017,2023-12-29T00:00:00.000,010021,WORLD CLASS LIQUOR AND TOBACCO / BONDURANT,96 PAINE CIRCLE SE 1 & 2,BONDURANT,50035,POINT (-93.450674011 41.69868901),,POLK,1062500,FLAVORED RUM,035,BACARDI USA INC,43136,BACARDI LIMON,12,750,8.76,13.14,4,52.56,3.00,0.79
INV-65781500018,2023-12-29T00:00:00.000,010021,WORLD CLASS LIQUOR AND TOBACCO / BONDURANT,96 PAINE CIRCLE SE 1 & 2,BONDURANT,50035,POINT (-93.450674011 41.69868901),,POLK,1012200,SCOTCH WHISKIES,260,DIAGEO AMERICAS,5326,JOHNNIE WALKER BLACK,12,750,21.99,32.99,2,65.98,1.50,0.39
INV-65781500019,2023-12-29T00:00:00.000,010021,WORLD CLASS LIQUOR AND TOBACCO / BONDURANT,96 PAINE CIRCLE SE 1 & 2,BONDURANT,50035,POINT (-93.450674011 41.69868901),,POLK,1012200,SCOTCH WHISKIES,260,DIAGEO AMERICAS,5346,JOHNNIE WALKER RED,12,750,13.50,20.25,4,81.00,3.00,0.79
INV-65781500020,2023-12-29T00:00:00.000,010021,WORLD CLASS LIQUOR AND TOBACCO / BONDURANT,96 PAINE CIRCLE SE 1 & 2,BONDURANT,50035,POINT (-93.450674011 41.69868901),,POLK,1071000,COCKTAILS/RTD,395,PROXIMO,58868,JOSE CUERVO AUTHENTIC STRAWBERRY LIME MARGARITA,6,1750,8.74,13.11,6,78.66,10.50,2.77
INV-65781500021,2023-12-29T00:00:00.000,010021,WORLD CLASS LIQUOR AND TOBACCO / BONDURANT,96 PAINE CIRCLE SE 1 & 2,BONDURANT,50035,POINT (-93.450674011 41.69868901),,POLK,1082100,IMPORTED CORDIALS & LIQUEURS,305,MHW LTD,64000,ABSENTE,12,750,24.63,36.95,12,443.40,9.00,2.37
INV-65781500022,2023-12-29T00:00:00.000,010021,WORLD CLASS LIQUOR AND TOBACCO / BONDURANT,96 PAINE CIRCLE SE 1 & 2,BONDURANT,50035,POINT (-93.450674011 41.69868901),,POLK,1081200,CREAM LIQUEURS,260,DIAGEO AMERICAS,68036,BAILEYS ORIGINAL IRISH CREAM,12,750,16.49,24.74,4,98.96,3.00,0.79
INV-65781500023,2023-12-29T00:00:00.000,010021,WORLD CLASS LIQUOR AND TOBACCO / BONDURANT,96 PAINE CIRCLE SE 1 & 2,BONDURANT,50035,POINT (-93.450674011 41.69868901),,POLK,1081200,CREAM LIQUEURS,260,DIAGEO AMERICAS,68037,BAILEYS ORIGINAL IRISH CREAM,12,1000,20.99,31.49,4,125.96,4.00,1.05
INV-65781500024,2023-12-29T00:00:00.000,010021,WORLD CLASS LIQUOR AND TOBACCO / BONDURANT,96 PAINE CIRCLE SE 1 & 2,BONDURANT,50035,POINT (-93.450674011 41.69868901),,POLK,1082100,IMPORTED CORDIALS & LIQUEURS,368,PARK STREET IMPORTS,68584,LICOR 43 HORCHATA LIQUEUR,12,750,14.50,21.75,4,87.00,3.00,0.79
INV-65781500025,2023-12-29T00:00:00.000,010021,WORLD CLASS LIQUOR AND TOBACCO / BONDURANT,96 PAINE CIRCLE SE 1 & 2,BONDURANT,50035,POINT (-93.450674011 41.69868901),,POLK,1081400,AMERICAN SCHNAPPS,065,JIM BEAM BRANDS,73456,DEKUYPER LUSCIOUS RAZZMATAZZ,12,750,6.75,10.13,4,40.52,3.00,0.79
INV-65781500026,2023-12-29T00:00:00.000,010021,WORLD CLASS LIQUOR AND TOBACCO / BONDURANT,96 PAINE CIRCLE SE 1 & 2,BONDURANT,50035,POINT (-93.450674011 41.69868901),,POLK,1031200,AMERICAN FLAVORED VODKA,260,DIAGEO AMERICAS,77858,SMIRNOFF WHIPPED CREAM,12,750,8.25,12.38,6,74.28,4.50,1.18
INV-65781500027,2023-12-29T00:00:00.000,010021,WORLD CLASS LIQUOR AND TOBACCO / BONDURANT,96 PAINE CIRCLE SE 1 & 2,BONDURANT,50035,POINT (-93.450674011 41.69868901),,POLK,1031200,AMERICAN FLAVORED VODKA,260,DIAGEO AMERICAS,78133,SMIRNOFF PINK LEMONADE,12,750,8.25,12.38,6,74.28,4.50,1.18
INV-65781500028,2023-12-29T00:00:00.000,010021,WORLD CLASS LIQUOR AND TOBACCO / BONDURANT,96 PAINE CIRCLE SE 1 & 2,BONDURANT,50035,POINT (-93.450674011 41.69868901),,POLK,1081300,AMERICAN CORDIALS & LIQUEURS,434,LUXCO INC,79026,ARROW CREME DE MENTHE GREEN,12,750,5.00,7.50,4,30.00,3.00,0.79
INV-65781500029,2023-12-29T00:00:00.000,010021,WORLD CLASS LIQUOR AND TOBACCO / BONDURANT,96 PAINE CIRCLE SE 1 & 2,BONDURANT,50035,POINT (-93.450674011 41.69868901),,POLK,1081400,AMERICAN SCHNAPPS,065,JIM BEAM BRANDS,82636,DEKUYPER GRAPE PUCKER,12,750,6.75,10.13,4,40.52,3.00,0.79
INV-65781500030,2023-12-29T00:00:00.000,010021,WORLD CLASS LIQUOR AND TOBACCO / BONDURANT,96 PAINE CIRCLE SE 1 & 2,BONDURANT,50035,POINT (-93.450674011 41.69868901),,POLK,1022200,100% AGAVE TEQUILA,942,LALO SPIRITS LLC,85788,LALO TEQUILA BLANCO,6,750,24.00,36.00,3,108.00,2.25,0.59
INV-65781500031,2023-12-29T00:00:00.000,010021,WORLD CLASS LIQUOR AND TOBACCO / BONDURANT,96 PAINE CIRCLE SE 1 & 2,BONDURANT,50035,POINT (-93.450674011 41.69868901),,POLK,1022200,100% AGAVE TEQUILA,260,DIAGEO AMERICAS,87484,DON JULIO BLANCO,12,375,14.99,22.49,6,134.94,2.25,0.59
INV-65781500032,2023-12-29T00:00:00.000,010021,WORLD CLASS LIQUOR AND TOBACCO / BONDURANT,96 PAINE CIRCLE SE 1 & 2,BONDURANT,50035,POINT (-93.450674011 41.69868901),,POLK,1022200,100% AGAVE TEQUILA,240,WILLIAM GRANT & SONS INC,88116,MILAGRO SILVER,6,750,17.00,25.50,6,153.00,4.50,1.18
INV-65781600001,2023-12-29T00:00:00.000,5499,KUM & GO #184 / ALTOONA,1430 1ST AVE NORTH,ALTOONA,50009,POINT (-93.465138997 41.663673987),,POLK,1081600,WHISKEY LIQUEUR,421,SAZERAC COMPANY  INC,100413,FIREBALL CINNAMON WHISKEY PARTY BUCKET,1,50,51.60,77.40,1,77.40,0.05,0.01
INV-65781600002,2023-12-29T00:00:00.000,5499,KUM & GO #184 / ALTOONA,1430 1ST AVE NORTH,ALTOONA,50009,POINT (-93.465138997 41.663673987),,POLK,1081400,AMERICAN SCHNAPPS,421,SAZERAC COMPANY  INC,101180,99 FRUITS MINI,1,50,51.60,77.40,1,77.40,0.05,0.01
INV-65781600003,2023-12-29T00:00:00.000,5499,KUM & GO #184 / ALTOONA,1430 1ST AVE NORTH,ALTOONA,50009,POINT (-93.465138997 41.663673987),,POLK,1012100,CANADIAN WHISKIES,260,DIAGEO AMERICAS,10802,CROWN ROYAL PEACH,12,750,17.49,26.24,3,78.72,2.25,0.59
INV-65781600004,2023-12-29T00:00:00.000,5499,KUM & GO #184 / ALTOONA,1430 1ST AVE NORTH,ALTOONA,50009,POINT (-93.465138997 41.663673987),,POLK,1012100,CANADIAN WHISKIES,260,DIAGEO AMERICAS,10803,CROWN ROYAL REGAL APPLE MINI,10,50,9.95,14.93,2,29.86,0.10,0.02
INV-65781600005,2023-12-29T00:00:00.000,5499,KUM & GO #184 / ALTOONA,1430 1ST AVE NORTH,ALTOONA,50009,POINT (-93.465138997 41.663673987),,POLK,1012100,CANADIAN WHISKIES,260,DIAGEO AMERICAS,10807,CROWN ROYAL REGAL APPLE,12,750,17.49,26.24,2,52.48,1.50,0.39
INV-65781600006,2023-12-29T00:00:00.000,5499,KUM & GO #184 / ALTOONA,1430 1ST AVE NORTH,ALTOONA,50009,POINT (-93.465138997 41.663673987),,POLK,1012100,CANADIAN WHISKIES,260,DIAGEO AMERICAS,11294,CROWN ROYAL,24,375,8.49,12.74,2,25.48,0.75,0.19
INV-65781600007,2023-12-29T00:00:00.000,5499,KUM & GO #184 / ALTOONA,1430 1ST AVE NORTH,ALTOONA,50009,POINT (-93.465138997 41.663673987),,POLK,1012100,CANADIAN WHISKIES,260,DIAGEO AMERICAS,11296,CROWN ROYAL,12,750,17.49,26.24,2,52.48,1.50,0.39
INV-65781600008,2023-12-29T00:00:00.000,5499,KUM & GO #184 / ALTOONA,1430 1ST AVE NORTH,ALTOONA,50009,POINT (-93.465138997 41.663673987),,POLK,1011200,STRAIGHT BOURBON WHISKIES,035,BACARDI USA INC,16562,ANGELS ENVY BOURBON PORT FINISHED,6,750,25.99,38.99,4,155.96,3.00,0.79
INV-65781600009,2023-12-29T00:00:00.000,5499,KUM & GO #184 / ALTOONA,1430 1ST AVE NORTH,ALTOONA,50009,POINT (-93.465138997 41.663673987),,POLK,1011200,STRAIGHT BOURBON WHISKIES,065,JIM BEAM BRANDS,19064,JIM BEAM,24,375,5.60,8.40,24,201.60,9.00,2.37
INV-65781600010,2023-12-29T00:00:00.000,5499,KUM & GO #184 / ALTOONA,1430 1ST AVE NORTH,ALTOONA,50009,POINT (-93.465138997 41.663673987),,POLK,1011200,STRAIGHT BOURBON WHISKIES,065,JIM BEAM BRANDS,19226,KNOB CREEK,6,750,21.00,31.50,4,126.00,3.00,0.79
INV-65781600011,2023-12-29T00:00:00.000,5499,KUM & GO #184 / ALTOONA,1430 1ST AVE NORTH,ALTOONA,50009,POINT (-93.465138997 41.663673987),,POLK,1011200,STRAIGHT BOURBON WHISKIES,065,JIM BEAM BRANDS,19476,MAKERS MARK,12,750,18.00,27.00,2,54.00,1.50,0.39
INV-65781600012,2023-12-29T00:00:00.000,5499,KUM & GO #184 / ALTOONA,1430 1ST AVE NORTH,ALTOONA,50009,POINT (-93.465138997 41.663673987),,POLK,1011400,TENNESSEE WHISKIES,085,BROWN FORMAN CORP.,26821,JACK DANIELS OLD #7 BLACK LABEL MINI,12,50,11.50,17.25,1,17.25,0.05,0.01
INV-65781600013,2023-12-29T00:00:00.000,5499,KUM & GO #184 / ALTOONA,1430 1ST AVE NORTH,ALTOONA,50009,POINT (-93.465138997 41.663673987),,POLK,1011200,STRAIGHT BOURBON WHISKIES,065,JIM BEAM BRANDS,28275,JIM BEAM PEACH MINI,12,50,7.00,10.50,12,126.00,0.60,0.15
INV-65781600014,2023-12-29T00:00:00.000,5499,KUM & GO #184 / ALTOONA,1430 1ST AVE NORTH,ALTOONA,50009,POINT (-93.465138997 41.663673987),,POLK,1031100,AMERICAN VODKAS,115,CONSTELLATION BRANDS INC,34820,SVEDKA 80PRF,12,750,8.00,12.00,4,48.00,3.00,0.79
INV-65781600015,2023-12-29T00:00:00.000,5499,KUM & GO #184 / ALTOONA,1430 1ST AVE NORTH,ALTOONA,50009,POINT (-93.465138997 41.663673987),,POLK,1031100,AMERICAN VODKAS,434,LUXCO INC,36306,HAWKEYE VODKA,12,750,3.50,5.25,12,63.00,9.00,2.37
INV-65781600016,2023-12-29T00:00:00.000,5499,KUM & GO #184 / ALTOONA,1430 1ST AVE NORTH,ALTOONA,50009,POINT (-93.465138997 41.663673987),,POLK,1031100,AMERICAN VODKAS,300,MCCORMICK DISTILLING CO.,36904,MCCORMICK 80PRF VODKA PET,24,375,1.84,2.76,24,66.24,9.00,2.37
INV-65781600017,2023-12-29T00:00:00.000,5499,KUM & GO #184 / ALTOONA,1430 1ST AVE NORTH,ALTOONA,50009,POINT (-93.465138997 41.663673987),,POLK,1031100,AMERICAN VODKAS,205,E & J GALLO WINERY,36968,NEW AMSTERDAM 80PRF,24,375,4.00,6.00,8,48.00,3.00,0.79
INV-65781600018,2023-12-29T00:00:00.000,5499,KUM & GO #184 / ALTOONA,1430 1ST AVE NORTH,ALTOONA,50009,POINT (-93.465138997 41.663673987),,POLK,1031100,AMERICAN VODKAS,260,DIAGEO AMERICAS,37994,SMIRNOFF 80PRF,24,375,4.99,7.49,9,67.41,3.37,0.89
INV-65781600019,2023-12-29T00:00:00.000,5499,KUM & GO #184 / ALTOONA,1430 1ST AVE NORTH,ALTOONA,50009,POINT (-93.465138997 41.663673987),,POLK,1031100,AMERICAN VODKAS,260,DIAGEO AMERICAS,37996,SMIRNOFF 80PRF,12,750,8.25,12.38,4,49.52,3.00,0.79
INV-65781600020,2023-12-29T00:00:00.000,5499,KUM & GO #184 / ALTOONA,1430 1ST AVE NORTH,ALTOONA,50009,POINT (-93.465138997 41.663673987),,POLK,1062400,SPICED RUM,260,DIAGEO AMERICAS,43331,CAPTAIN MORGAN ORIGINAL SPICED MINI,12,50,4.80,7.20,1,7.20,0.05,0.01
INV-65781600021,2023-12-29T00:00:00.000,5499,KUM & GO #184 / ALTOONA,1430 1ST AVE NORTH,ALTOONA,50009,POINT (-93.465138997 41.663673987),,POLK,1011100,BLENDED WHISKIES,065,JIM BEAM BRANDS,78187,TWISTED TEA WHISKEY MINI,12,50,5.00,7.50,1,7.50,0.05,0.01
INV-65781600022,2023-12-29T00:00:00.000,5499,KUM & GO #184 / ALTOONA,1430 1ST AVE NORTH,ALTOONA,50009,POINT (-93.465138997 41.663673987),,POLK,1081400,AMERICAN SCHNAPPS,421,SAZERAC COMPANY  INC,84172,99 BANANAS MINI,1,50,51.60,77.40,3,232.20,0.15,0.03
INV-65781600023,2023-12-29T00:00:00.000,5499,KUM & GO #184 / ALTOONA,1430 1ST AVE NORTH,ALTOONA,50009,POINT (-93.465138997 41.663673987),,POLK,1701100,TEMPORARY & SPECIALTY PACKAGES,421,SAZERAC COMPANY  INC,86623,ISAAC BOWMAN PORT FINISH BOURBON,6,750,20.00,30.00,6,180.00,4.50,1.18
INV-65781600024,2023-12-29T00:00:00.000,5499,KUM & GO #184 / ALTOONA,1430 1ST AVE NORTH,ALTOONA,50009,POINT (-93.465138997 41.663673987),,POLK,1022200,100% AGAVE TEQUILA,035,BACARDI USA INC,88296,PATRON SILVER,12,750,28.00,42.00,2,84.00,1.50,0.39
INV-65781700001,2023-12-29T00:00:00.000,5382,CASEY'S GENERAL STORE # 2870/ ALTOONA,1419 1ST AVE N,ALTOONA,50009,POINT (-93.463990005 41.663614014),,POLK,1081600,WHISKEY LIQUEUR,421,SAZERAC COMPANY  INC,100423,FIREBALL CINNAMON WHISKEY 100ML CARRIER,8,100,6.00,9.00,8,72.00,0.80,0.21
INV-65781700002,2023-12-29T00:00:00.000,5382,CASEY'S GENERAL STORE # 2870/ ALTOONA,1419 1ST AVE N,ALTOONA,50009,POINT (-93.463990005 41.663614014),,POLK,1081400,AMERICAN SCHNAPPS,421,SAZERAC COMPANY  INC,101180,99 FRUITS MINI,1,50,51.60,77.40,1,77.40,0.05,0.01
INV-65781700003,2023-12-29T00:00:00.000,5382,CASEY'S GENERAL STORE # 2870/ ALTOONA,1419 1ST AVE N,ALTOONA,50009,POINT (-93.463990005 41.663614014),,POLK,1012100,CANADIAN WHISKIES,260,DIAGEO AMERICAS,10805,CROWN ROYAL REGAL APPLE,24,375,8.49,12.74,8,101.92,3.00,0.79
INV-65781700004,2023-12-29T00:00:00.000,5382,CASEY'S GENERAL STORE # 2870/ ALTOONA,1419 1ST AVE N,ALTOONA,50009,POINT (-93.463990005 41.663614014),,POLK,1012100,CANADIAN WHISKIES,259,HEAVEN HILL BRANDS,11776,BLACK VELVET,12,750,5.50,8.25,12,99.00,9.00,2.37
INV-65781700005,2023-12-29T00:00:00.000,5382,CASEY'S GENERAL STORE # 2870/ ALTOONA,1419 1ST AVE N,ALTOONA,50009,POINT (-93.463990005 41.663614014),,POLK,1012100,CANADIAN WHISKIES,259,HEAVEN HILL BRANDS,11788,BLACK VELVET,6,1750,11.00,16.50,6,99.00,10.50,2.77
INV-65781700006,2023-12-29T00:00:00.000,5382,CASEY'S GENERAL STORE # 2870/ ALTOONA,1419 1ST AVE N,ALTOONA,50009,POINT (-93.463990005 41.663614014),,POLK,1011400,TENNESSEE WHISKIES,085,BROWN FORMAN CORP.,26821,JACK DANIELS OLD #7 BLACK LABEL MINI,12,50,11.50,17.25,4,69.00,0.20,0.05
INV-65781700007,2023-12-29T00:00:00.000,5382,CASEY'S GENERAL STORE # 2870/ ALTOONA,1419 1ST AVE N,ALTOONA,50009,POINT (-93.463990005 41.663614014),,POLK,1031100,AMERICAN VODKAS,434,LUXCO INC,36304,HAWKEYE VODKA,24,375,2.00,3.00,24,72.00,9.00,2.37
INV-65781700008,2023-12-29T00:00:00.000,5382,CASEY'S GENERAL STORE # 2870/ ALTOONA,1419 1ST AVE N,ALTOONA,50009,POINT (-93.463990005 41.663614014),,POLK,1031100,AMERICAN VODKAS,434,LUXCO INC,36306,HAWKEYE VODKA,12,750,3.50,5.25,12,63.00,9.00,2.37
INV-65781700009,2023-12-29T00:00:00.000,5382,CASEY'S GENERAL STORE # 2870/ ALTOONA,1419 1ST AVE N,ALTOONA,50009,POINT (-93.463990005 41.663614014),,POLK,1031100,AMERICAN VODKAS,260,DIAGEO AMERICAS,37996,SMIRNOFF 80PRF,12,750,8.25,12.38,12,148.56,9.00,2.37
INV-65781700010,2023-12-29T00:00:00.000,5382,CASEY'S GENERAL STORE # 2870/ ALTOONA,1419 1ST AVE N,ALTOONA,50009,POINT (-93.463990005 41.663614014),,POLK,1031100,AMERICAN VODKAS,301,FIFTH GENERATION INC,38174,TITOS HANDMADE VODKA,12,375,5.42,8.13,12,97.56,4.50,1.18
INV-65781700011,2023-12-29T00:00:00.000,5382,CASEY'S GENERAL STORE # 2870/ ALTOONA,1419 1ST AVE N,ALTOONA,50009,POINT (-93.463990005 41.663614014),,POLK,1031100,AMERICAN VODKAS,301,FIFTH GENERATION INC,38176,TITOS HANDMADE VODKA,12,750,10.00,15.00,12,180.00,9.00,2.37
INV-65781700012,2023-12-29T00:00:00.000,5382,CASEY'S GENERAL STORE # 2870/ ALTOONA,1419 1ST AVE N,ALTOONA,50009,POINT (-93.463990005 41.663614014),,POLK,1062200,WHITE RUM,035,BACARDI USA INC,43121,BACARDI SUPERIOR MINI,12,50,5.54,8.31,4,33.24,0.20,0.05
INV-65781700013,2023-12-29T00:00:00.000,5382,CASEY'S GENERAL STORE # 2870/ ALTOONA,1419 1ST AVE N,ALTOONA,50009,POINT (-93.463990005 41.663614014),,POLK,1081600,WHISKEY LIQUEUR,421,SAZERAC COMPANY  INC,64866,FIREBALL CINNAMON WHISKEY,12,750,9.00,13.50,12,162.00,9.00,2.37
INV-65781700014,2023-12-29T00:00:00.000,5382,CASEY'S GENERAL STORE # 2870/ ALTOONA,1419 1ST AVE N,ALTOONA,50009,POINT (-93.463990005 41.663614014),,POLK,1081600,WHISKEY LIQUEUR,421,SAZERAC COMPANY  INC,65013,FIREBALL CINNAMON WHISKEY MINI SLEEVE,12,50,4.30,6.45,24,154.80,1.20,0.31
INV-65781700015,2023-12-29T00:00:00.000,5382,CASEY'S GENERAL STORE # 2870/ ALTOONA,1419 1ST AVE N,ALTOONA,50009,POINT (-93.463990005 41.663614014),,POLK,1081300,AMERICAN CORDIALS & LIQUEURS,772,INTERCONTINENTAL PACKAGING COMPANY/PRESTIGE BEVERAGE GROUP,75208,KINKY PINK MINI,6,50,4.84,7.26,4,29.04,0.20,0.05
INV-65781700016,2023-12-29T00:00:00.000,5382,CASEY'S GENERAL STORE # 2870/ ALTOONA,1419 1ST AVE N,ALTOONA,50009,POINT (-93.463990005 41.663614014),,POLK,1081300,AMERICAN CORDIALS & LIQUEURS,772,INTERCONTINENTAL PACKAGING COMPANY/PRESTIGE BEVERAGE GROUP,75212,KINKY BLUE MINI,6,50,4.84,7.26,4,29.04,0.20,0.05
INV-65781700017,2023-12-29T00:00:00.000,5382,CASEY'S GENERAL STORE # 2870/ ALTOONA,1419 1ST AVE N,ALTOONA,50009,POINT (-93.463990005 41.663614014),,POLK,1081400,AMERICAN SCHNAPPS,421,SAZERAC COMPANY  INC,84171,99 BANANAS,48,100,1.00,1.50,10,15.00,1.00,0.26
INV-65781700018,2023-12-29T00:00:00.000,5382,CASEY'S GENERAL STORE # 2870/ ALTOONA,1419 1ST AVE N,ALTOONA,50009,POINT (-93.463990005 41.663614014),,POLK,1091300,NEUTRAL GRAIN SPIRITS FLAVORED,346,OLE SMOKY DISTILLERY LLC,86739,OLE SMOKY APPLE PIE MOONSHINE 70PRF MINI,8,50,8.75,13.13,5,65.65,0.25,0.06
INV-65781700019,2023-12-29T00:00:00.000,5382,CASEY'S GENERAL STORE # 2870/ ALTOONA,1419 1ST AVE N,ALTOONA,50009,POINT (-93.463990005 41.663614014),,POLK,1022200,100% AGAVE TEQUILA,065,JIM BEAM BRANDS,88548,HORNITOS PLATA,12,750,15.00,22.50,12,270.00,9.00,2.37
INV-65781700020,2023-12-29T00:00:00.000,5382,CASEY'S GENERAL STORE # 2870/ ALTOONA,1419 1ST AVE N,ALTOONA,50009,POINT (-93.463990005 41.663614014),,POLK,1022100,MIXTO TEQUILA,395,PROXIMO,89199,JOSE CUERVO ESPECIAL REPOSADO SQUARE,12,375,6.53,9.80,12,117.60,4.50,1.18
INV-65781800001,2023-12-29T00:00:00.000,4757,EZ MART / BONDURANT,1111 SE LINCOLN STREET,BONDURANT,50035,POINT (-93.457516997 41.692248984),,POLK,1012100,CANADIAN WHISKIES,260,DIAGEO AMERICAS,11299,CROWN ROYAL,44,200,5.00,7.50,5,37.50,1.00,0.26
INV-65781800002,2023-12-29T00:00:00.000,4757,EZ MART / BONDURANT,1111 SE LINCOLN STREET,BONDURANT,50035,POINT (-93.457516997 41.692248984),,POLK,1012100,CANADIAN WHISKIES,259,HEAVEN HILL BRANDS,11773,BLACK VELVET,48,200,1.75,2.63,48,126.24,9.60,2.53
INV-65781800003,2023-12-29T00:00:00.000,4757,EZ MART / BONDURANT,1111 SE LINCOLN STREET,BONDURANT,50035,POINT (-93.457516997 41.692248984),,POLK,1012100,CANADIAN WHISKIES,259,HEAVEN HILL BRANDS,11774,BLACK VELVET,24,375,3.25,4.88,24,117.12,9.00,2.37
INV-65781800004,2023-12-29T00:00:00.000,4757,EZ MART / BONDURANT,1111 SE LINCOLN STREET,BONDURANT,50035,POINT (-93.457516997 41.692248984),,POLK,1012100,CANADIAN WHISKIES,259,HEAVEN HILL BRANDS,11776,BLACK VELVET,12,750,5.50,8.25,3,24.75,2.25,0.59
INV-65781800005,2023-12-29T00:00:00.000,4757,EZ MART / BONDURANT,1111 SE LINCOLN STREET,BONDURANT,50035,POINT (-93.457516997 41.692248984),,POLK,1012400,IRISH WHISKIES,370,PERNOD RICARD USA,15627,JAMESON,12,1000,20.98,31.47,1,31.47,1.00,0.26
INV-65781800006,2023-12-29T00:00:00.000,4757,EZ MART / BONDURANT,1111 SE LINCOLN STREET,BONDURANT,50035,POINT (-93.457516997 41.692248984),,POLK,1011200,STRAIGHT BOURBON WHISKIES,065,JIM BEAM BRANDS,19066,JIM BEAM,12,750,11.00,16.50,2,33.00,1.50,0.39
INV-65781800007,2023-12-29T00:00:00.000,4757,EZ MART / BONDURANT,1111 SE LINCOLN STREET,BONDURANT,50035,POINT (-93.457516997 41.692248984),,POLK,1011100,BLENDED WHISKIES,065,JIM BEAM BRANDS,22788,BEAMS 8 STAR BL WHISKEY,6,1750,8.00,12.00,1,12.00,1.75,0.46
INV-65781800008,2023-12-29T00:00:00.000,4757,EZ MART / BONDURANT,1111 SE LINCOLN STREET,BONDURANT,50035,POINT (-93.457516997 41.692248984),,POLK,1011400,TENNESSEE WHISKIES,085,BROWN FORMAN CORP.,26823,JACK DANIELS OLD #7 BLACK LABEL,48,200,4.23,6.35,4,25.40,0.80,0.21
INV-65781800009,2023-12-29T00:00:00.000,4757,EZ MART / BONDURANT,1111 SE LINCOLN STREET,BONDURANT,50035,POINT (-93.457516997 41.692248984),,POLK,1032100,IMPORTED VODKAS,370,PERNOD RICARD USA,34006,ABSOLUT SWEDISH VODKA 80PRF,12,750,9.99,14.99,12,179.88,9.00,2.37
INV-65781800010,2023-12-29T00:00:00.000,4757,EZ MART / BONDURANT,1111 SE LINCOLN STREET,BONDURANT,50035,POINT (-93.457516997 41.692248984),,POLK,1032100,IMPORTED VODKAS,370,PERNOD RICARD USA,34008,ABSOLUT SWEDISH VODKA 80PRF,6,1750,19.99,29.99,1,29.99,1.75,0.46
INV-65781800011,2023-12-29T00:00:00.000,4757,EZ MART / BONDURANT,1111 SE LINCOLN STREET,BONDURANT,50035,POINT (-93.457516997 41.692248984),,POLK,1032100,IMPORTED VODKAS,035,BACARDI USA INC,34359,GREY GOOSE,12,200,4.50,6.75,3,20.25,0.60,0.15
INV-65781800012,2023-12-29T00:00:00.000,4757,EZ MART / BONDURANT,1111 SE LINCOLN STREET,BONDURANT,50035,POINT (-93.457516997 41.692248984),,POLK,1032100,IMPORTED VODKAS,421,SAZERAC COMPANY  INC,34368,FRIS DANISH VODKA,6,1750,8.49,12.74,6,76.44,10.50,2.77
INV-65781800013,2023-12-29T00:00:00.000,4757,EZ MART / BONDURANT,1111 SE LINCOLN STREET,BONDURANT,50035,POINT (-93.457516997 41.692248984),,POLK,1031100,AMERICAN VODKAS,434,LUXCO INC,36301,HAWKEYE VODKA MINI,12,50,4.50,6.75,2,13.50,0.10,0.02
INV-65781800014,2023-12-29T00:00:00.000,4757,EZ MART / BONDURANT,1111 SE LINCOLN STREET,BONDURANT,50035,POINT (-93.457516997 41.692248984),,POLK,1031100,AMERICAN VODKAS,300,MCCORMICK DISTILLING CO.,36886,MCCORMICK 80PRF VODKA,12,750,3.64,5.46,12,65.52,9.00,2.37
INV-65781800015,2023-12-29T00:00:00.000,4757,EZ MART / BONDURANT,1111 SE LINCOLN STREET,BONDURANT,50035,POINT (-93.457516997 41.692248984),,POLK,1031100,AMERICAN VODKAS,205,E & J GALLO WINERY,36969,NEW AMSTERDAM 80PRF,12,750,8.00,12.00,2,24.00,1.50,0.39
INV-65781800016,2023-12-29T00:00:00.000,4757,EZ MART / BONDURANT,1111 SE LINCOLN STREET,BONDURANT,50035,POINT (-93.457516997 41.692248984),,POLK,1031100,AMERICAN VODKAS,421,SAZERAC COMPANY  INC,36978,NIKOLAI VODKA,6,1750,7.06,10.59,6,63.54,10.50,2.77
INV-65781800017,2023-12-29T00:00:00.000,4757,EZ MART / BONDURANT,1111 SE LINCOLN STREET,BONDURANT,50035,POINT (-93.457516997 41.692248984),,POLK,1031100,AMERICAN VODKAS,301,FIFTH GENERATION INC,38176,TITOS HANDMADE VODKA,12,750,10.00,15.00,12,180.00,9.00,2.37
INV-65781800018,2023-12-29T00:00:00.000,4757,EZ MART / BONDURANT,1111 SE LINCOLN STREET,BONDURANT,50035,POINT (-93.457516997 41.692248984),,POLK,1031100,AMERICAN VODKAS,301,FIFTH GENERATION INC,38178,TITOS HANDMADE VODKA,6,1750,19.00,28.50,1,28.50,1.75,0.46
INV-65781800019,2023-12-29T00:00:00.000,4757,EZ MART / BONDURANT,1111 SE LINCOLN STREET,BONDURANT,50035,POINT (-93.457516997 41.692248984),,POLK,1031100,AMERICAN VODKAS,301,FIFTH GENERATION INC,38194,TITOS HANDMADE VODKA MINI,5,50,12.80,19.20,1,19.20,0.05,0.01
INV-65781800020,2023-12-29T00:00:00.000,4757,EZ MART / BONDURANT,1111 SE LINCOLN STREET,BONDURANT,50035,POINT (-93.457516997 41.692248984),,POLK,1031200,AMERICAN FLAVORED VODKA,205,E & J GALLO WINERY,40594,NEW AMSTERDAM PEACH,12,750,8.00,12.00,2,24.00,1.50,0.39
INV-65781800021,2023-12-29T00:00:00.000,4757,EZ MART / BONDURANT,1111 SE LINCOLN STREET,BONDURANT,50035,POINT (-93.457516997 41.692248984),,POLK,1062500,FLAVORED RUM,370,PERNOD RICARD USA,42716,MALIBU COCONUT,12,750,8.99,13.49,2,26.98,1.50,0.39
INV-65781800022,2023-12-29T00:00:00.000,4757,EZ MART / BONDURANT,1111 SE LINCOLN STREET,BONDURANT,50035,POINT (-93.457516997 41.692248984),,POLK,1062400,SPICED RUM,259,HEAVEN HILL BRANDS,43024,ADMIRAL NELSON SPICED,24,375,3.25,4.88,2,9.76,0.75,0.19
INV-65781800023,2023-12-29T00:00:00.000,4757,EZ MART / BONDURANT,1111 SE LINCOLN STREET,BONDURANT,50035,POINT (-93.457516997 41.692248984),,POLK,1062200,WHITE RUM,035,BACARDI USA INC,43120,BACARDI SUPERIOR PET,6,1750,15.50,23.25,1,23.25,1.75,0.46
INV-65781800024,2023-12-29T00:00:00.000,4757,EZ MART / BONDURANT,1111 SE LINCOLN STREET,BONDURANT,50035,POINT (-93.457516997 41.692248984),,POLK,1062200,WHITE RUM,035,BACARDI USA INC,43121,BACARDI SUPERIOR MINI,12,50,5.54,8.31,1,8.31,0.05,0.01
INV-65781800025,2023-12-29T00:00:00.000,4757,EZ MART / BONDURANT,1111 SE LINCOLN STREET,BONDURANT,50035,POINT (-93.457516997 41.692248984),,POLK,1062400,SPICED RUM,260,DIAGEO AMERICAS,43334,CAPTAIN MORGAN ORIGINAL SPICED,24,375,5.24,7.86,3,23.58,1.12,0.29
INV-65781800026,2023-12-29T00:00:00.000,4757,EZ MART / BONDURANT,1111 SE LINCOLN STREET,BONDURANT,50035,POINT (-93.457516997 41.692248984),,POLK,1012300,SINGLE MALT SCOTCH,240,WILLIAM GRANT & SONS INC,5006,GLENFIDDICH 12YR SPECIAL RESERVE,12,750,30.00,45.00,4,180.00,3.00,0.79
INV-65781800027,2023-12-29T00:00:00.000,4757,EZ MART / BONDURANT,1111 SE LINCOLN STREET,BONDURANT,50035,POINT (-93.457516997 41.692248984),,POLK,1012300,SINGLE MALT SCOTCH,370,PERNOD RICARD USA,5037,GLENLIVET 12YR,12,1000,34.98,52.47,2,104.94,2.00,0.52
INV-65781800028,2023-12-29T00:00:00.000,4757,EZ MART / BONDURANT,1111 SE LINCOLN STREET,BONDURANT,50035,POINT (-93.457516997 41.692248984),,POLK,1051100,AMERICAN BRANDIES,205,E & J GALLO WINERY,52591,E & J VS MINI,10,50,7.74,11.61,1,8.91,0.05,0.01
INV-65781800029,2023-12-29T00:00:00.000,4757,EZ MART / BONDURANT,1111 SE LINCOLN STREET,BONDURANT,50035,POINT (-93.457516997 41.692248984),,POLK,1051100,AMERICAN BRANDIES,421,SAZERAC COMPANY  INC,53213,PAUL MASSON GRANDE AMBER BRANDY VS,24,200,1.96,2.94,4,11.76,0.80,0.21
INV-65781800030,2023-12-29T00:00:00.000,4757,EZ MART / BONDURANT,1111 SE LINCOLN STREET,BONDURANT,50035,POINT (-93.457516997 41.692248984),,POLK,1051100,AMERICAN BRANDIES,421,SAZERAC COMPANY  INC,53216,PAUL MASSON GRANDE AMBER BRANDY VS,12,750,6.41,9.62,2,19.24,1.50,0.39
INV-65781800031,2023-12-29T00:00:00.000,4757,EZ MART / BONDURANT,1111 SE LINCOLN STREET,BONDURANT,50035,POINT (-93.457516997 41.692248984),,POLK,1081600,WHISKEY LIQUEUR,421,SAZERAC COMPANY  INC,64858,FIREBALL CINNAMON WHISKEY MINI DISPENSER,1,50,25.80,38.70,2,77.40,0.10,0.02
INV-65781800032,2023-12-29T00:00:00.000,4757,EZ MART / BONDURANT,1111 SE LINCOLN STREET,BONDURANT,50035,POINT (-93.457516997 41.692248984),,POLK,1081600,WHISKEY LIQUEUR,421,SAZERAC COMPANY  INC,64868,FIREBALL CINNAMON WHISKEY,6,1750,16.00,24.00,1,24.00,1.75,0.46
INV-65781800033,2023-12-29T00:00:00.000,4757,EZ MART / BONDURANT,1111 SE LINCOLN STREET,BONDURANT,50035,POINT (-93.457516997 41.692248984),,POLK,1081600,WHISKEY LIQUEUR,421,SAZERAC COMPANY  INC,64870,FIREBALL CINNAMON WHISKEY,48,100,1.00,1.50,144,216.00,14.40,3.80
INV-65781800034,2023-12-29T00:00:00.000,4757,EZ MART / BONDURANT,1111 SE LINCOLN STREET,BONDURANT,50035,POINT (-93.457516997 41.692248984),,POLK,1082100,IMPORTED CORDIALS & LIQUEURS,192,"MAST-JAGERMEISTER US, INC",65251,JAGERMEISTER LIQUEUR MINI,5,50,36.84,55.26,1,55.26,0.05,0.01
INV-65781800035,2023-12-29T00:00:00.000,4757,EZ MART / BONDURANT,1111 SE LINCOLN STREET,BONDURANT,50035,POINT (-93.457516997 41.692248984),,POLK,1091300,NEUTRAL GRAIN SPIRITS FLAVORED,384,PIEDMONT DISTILLERS INC,76036,MIDNIGHT MOON APPLE PIE,6,750,11.50,17.25,2,34.50,1.50,0.39
INV-65781800036,2023-12-29T00:00:00.000,4757,EZ MART / BONDURANT,1111 SE LINCOLN STREET,BONDURANT,50035,POINT (-93.457516997 41.692248984),,POLK,1081200,CREAM LIQUEURS,421,SAZERAC COMPANY  INC,80456,RYANS CREAM LIQUEUR,12,750,6.70,10.05,3,30.15,2.25,0.59
INV-65781800037,2023-12-29T00:00:00.000,4757,EZ MART / BONDURANT,1111 SE LINCOLN STREET,BONDURANT,50035,POINT (-93.457516997 41.692248984),,POLK,1081400,AMERICAN SCHNAPPS,421,SAZERAC COMPANY  INC,84172,99 BANANAS MINI,1,50,51.60,77.40,1,77.40,0.05,0.01
INV-65781800038,2023-12-29T00:00:00.000,4757,EZ MART / BONDURANT,1111 SE LINCOLN STREET,BONDURANT,50035,POINT (-93.457516997 41.692248984),,POLK,1011400,TENNESSEE WHISKIES,085,BROWN FORMAN CORP.,86668,JACK DANIELS TENNESSEE HONEY MINI,12,50,11.50,17.25,2,34.50,0.10,0.02
INV-65781800039,2023-12-29T00:00:00.000,4757,EZ MART / BONDURANT,1111 SE LINCOLN STREET,BONDURANT,50035,POINT (-93.457516997 41.692248984),,POLK,1022200,100% AGAVE TEQUILA,260,DIAGEO AMERICAS,87484,DON JULIO BLANCO,12,375,14.99,22.49,4,89.96,1.50,0.39
INV-65781800040,2023-12-29T00:00:00.000,4757,EZ MART / BONDURANT,1111 SE LINCOLN STREET,BONDURANT,50035,POINT (-93.457516997 41.692248984),,POLK,1022200,100% AGAVE TEQUILA,260,DIAGEO AMERICAS,87485,DON JULIO BLANCO,6,750,30.99,46.49,1,46.49,0.75,0.19
INV-65781800041,2023-12-29T00:00:00.000,4757,EZ MART / BONDURANT,1111 SE LINCOLN STREET,BONDURANT,50035,POINT (-93.457516997 41.692248984),,POLK,1022200,100% AGAVE TEQUILA,085,BROWN FORMAN CORP.,87586,EL JIMADOR SILVER,12,750,13.50,20.25,3,60.75,2.25,0.59
INV-65781800042,2023-12-29T00:00:00.000,4757,EZ MART / BONDURANT,1111 SE LINCOLN STREET,BONDURANT,50035,POINT (-93.457516997 41.692248984),,POLK,1022200,100% AGAVE TEQUILA,085,BROWN FORMAN CORP.,87849,HERRADURA SLIVER,6,750,27.50,41.25,3,123.75,2.25,0.59
INV-65781800043,2023-12-29T00:00:00.000,4757,EZ MART / BONDURANT,1111 SE LINCOLN STREET,BONDURANT,50035,POINT (-93.457516997 41.692248984),,POLK,1022200,100% AGAVE TEQUILA,035,BACARDI USA INC,88294,PATRON SILVER,12,375,15.00,22.50,1,22.50,0.37,0.09
INV-65781800044,2023-12-29T00:00:00.000,4757,EZ MART / BONDURANT,1111 SE LINCOLN STREET,BONDURANT,50035,POINT (-93.457516997 41.692248984),,POLK,1022100,MIXTO TEQUILA,395,PROXIMO,89196,JOSE CUERVO ESPECIAL REPOSADO,12,750,12.00,18.00,1,18.00,0.75,0.19
INV-65781900001,2023-12-29T00:00:00.000,2679,HY-VEE FAST & FRESH/ALTOONA,3950 PRARIE FIRE NW,ALTOONA,50009,POINT (-93.509255971 41.651297981),,POLK,1081600,WHISKEY LIQUEUR,421,SAZERAC COMPANY  INC,100413,FIREBALL CINNAMON WHISKEY PARTY BUCKET,1,50,51.60,77.40,1,77.40,0.05,0.01
INV-65781900002,2023-12-29T00:00:00.000,2679,HY-VEE FAST & FRESH/ALTOONA,3950 PRARIE FIRE NW,ALTOONA,50009,POINT (-93.509255971 41.651297981),,POLK,1012100,CANADIAN WHISKIES,260,DIAGEO AMERICAS,10791,CROWN ROYAL VANILLA,12,750,17.49,26.24,4,104.96,3.00,0.79
INV-65781900003,2023-12-29T00:00:00.000,2679,HY-VEE FAST & FRESH/ALTOONA,3950 PRARIE FIRE NW,ALTOONA,50009,POINT (-93.509255971 41.651297981),,POLK,1012100,CANADIAN WHISKIES,260,DIAGEO AMERICAS,10803,CROWN ROYAL REGAL APPLE MINI,10,50,9.95,14.93,1,14.93,0.05,0.01
INV-65781900004,2023-12-29T00:00:00.000,2679,HY-VEE FAST & FRESH/ALTOONA,3950 PRARIE FIRE NW,ALTOONA,50009,POINT (-93.509255971 41.651297981),,POLK,1012100,CANADIAN WHISKIES,260,DIAGEO AMERICAS,10807,CROWN ROYAL REGAL APPLE,12,750,17.49,26.24,12,314.88,9.00,2.37
INV-65781900005,2023-12-29T00:00:00.000,2679,HY-VEE FAST & FRESH/ALTOONA,3950 PRARIE FIRE NW,ALTOONA,50009,POINT (-93.509255971 41.651297981),,POLK,1012100,CANADIAN WHISKIES,259,HEAVEN HILL BRANDS,11771,BLACK VELVET MINI,8,50,8.87,13.31,1,13.31,0.05,0.01
INV-65781900006,2023-12-29T00:00:00.000,2679,HY-VEE FAST & FRESH/ALTOONA,3950 PRARIE FIRE NW,ALTOONA,50009,POINT (-93.509255971 41.651297981),,POLK,1011100,BLENDED WHISKIES,065,JIM BEAM BRANDS,15982,TOKI SUNTORY JAPANESE WHISKY,6,750,20.99,31.49,2,62.98,1.50,0.39
INV-65781900007,2023-12-29T00:00:00.000,2679,HY-VEE FAST & FRESH/ALTOONA,3950 PRARIE FIRE NW,ALTOONA,50009,POINT (-93.509255971 41.651297981),,POLK,1011200,STRAIGHT BOURBON WHISKIES,035,BACARDI USA INC,16562,ANGELS ENVY BOURBON PORT FINISHED,6,750,25.99,38.99,1,38.99,0.75,0.19
INV-65781900008,2023-12-29T00:00:00.000,2679,HY-VEE FAST & FRESH/ALTOONA,3950 PRARIE FIRE NW,ALTOONA,50009,POINT (-93.509255971 41.651297981),,POLK,1011200,STRAIGHT BOURBON WHISKIES,065,JIM BEAM BRANDS,16676,BASIL HAYDEN 8YR,12,750,22.50,33.75,2,67.50,1.50,0.39
INV-65781900009,2023-12-29T00:00:00.000,2679,HY-VEE FAST & FRESH/ALTOONA,3950 PRARIE FIRE NW,ALTOONA,50009,POINT (-93.509255971 41.651297981),,POLK,1011200,STRAIGHT BOURBON WHISKIES,125,CEDAR RIDGE VINEYARDS LL,17206,CEDAR RIDGE BOURBON,6,750,18.67,28.01,3,84.03,2.25,0.59
INV-65781900010,2023-12-29T00:00:00.000,2679,HY-VEE FAST & FRESH/ALTOONA,3950 PRARIE FIRE NW,ALTOONA,50009,POINT (-93.509255971 41.651297981),,POLK,1011200,STRAIGHT BOURBON WHISKIES,830,KIRIN BEER & SPIRITS OF AMERICA INC / FOUR ROSES DISTILLERY,18348,FOUR ROSES SMALL BATCH,6,750,18.50,27.75,3,83.25,2.25,0.59
INV-65781900011,2023-12-29T00:00:00.000,2679,HY-VEE FAST & FRESH/ALTOONA,3950 PRARIE FIRE NW,ALTOONA,50009,POINT (-93.509255971 41.651297981),,POLK,1011200,STRAIGHT BOURBON WHISKIES,065,JIM BEAM BRANDS,19476,MAKERS MARK,12,750,18.00,27.00,2,54.00,1.50,0.39
INV-65781900012,2023-12-29T00:00:00.000,2679,HY-VEE FAST & FRESH/ALTOONA,3950 PRARIE FIRE NW,ALTOONA,50009,POINT (-93.509255971 41.651297981),,POLK,1041100,AMERICAN DRY GINS,205,E & J GALLO WINERY,31475,NEW AMSTERDAM GIN,12,750,9.00,13.50,2,27.00,1.50,0.39
INV-65781900013,2023-12-29T00:00:00.000,2679,HY-VEE FAST & FRESH/ALTOONA,3950 PRARIE FIRE NW,ALTOONA,50009,POINT (-93.509255971 41.651297981),,POLK,1032100,IMPORTED VODKAS,370,PERNOD RICARD USA,34006,ABSOLUT SWEDISH VODKA 80PRF,12,750,9.99,14.99,3,44.97,2.25,0.59
INV-65781900014,2023-12-29T00:00:00.000,2679,HY-VEE FAST & FRESH/ALTOONA,3950 PRARIE FIRE NW,ALTOONA,50009,POINT (-93.509255971 41.651297981),,POLK,1032200,IMPORTED FLAVORED VODKA,370,PERNOD RICARD USA,34052,ABSOLUT RASPBERRI,12,750,9.99,14.99,2,29.98,1.50,0.39
INV-65781900015,2023-12-29T00:00:00.000,2679,HY-VEE FAST & FRESH/ALTOONA,3950 PRARIE FIRE NW,ALTOONA,50009,POINT (-93.509255971 41.651297981),,POLK,1032100,IMPORTED VODKAS,240,WILLIAM GRANT & SONS INC,34753,REYKA VODKA,6,750,10.97,16.46,1,16.46,0.75,0.19
INV-65781900016,2023-12-29T00:00:00.000,2679,HY-VEE FAST & FRESH/ALTOONA,3950 PRARIE FIRE NW,ALTOONA,50009,POINT (-93.509255971 41.651297981),,POLK,1031100,AMERICAN VODKAS,421,SAZERAC COMPANY  INC,35317,BARTON VODKA,12,1000,3.97,5.96,12,71.52,12.00,3.17
INV-65781900017,2023-12-29T00:00:00.000,2679,HY-VEE FAST & FRESH/ALTOONA,3950 PRARIE FIRE NW,ALTOONA,50009,POINT (-93.509255971 41.651297981),,POLK,1031100,AMERICAN VODKAS,434,LUXCO INC,36304,HAWKEYE VODKA,24,375,2.00,3.00,24,72.00,9.00,2.37
INV-65781900018,2023-12-29T00:00:00.000,2679,HY-VEE FAST & FRESH/ALTOONA,3950 PRARIE FIRE NW,ALTOONA,50009,POINT (-93.509255971 41.651297981),,POLK,1031100,AMERICAN VODKAS,777,"BLUE OX SPIRITS, INC.",36873,BLUE OX VODKA,12,750,3.90,5.85,12,70.20,9.00,2.37
INV-65781900019,2023-12-29T00:00:00.000,2679,HY-VEE FAST & FRESH/ALTOONA,3950 PRARIE FIRE NW,ALTOONA,50009,POINT (-93.509255971 41.651297981),,POLK,1031100,AMERICAN VODKAS,777,"BLUE OX SPIRITS, INC.",36875,BLUE OX VODKA,6,1750,7.63,11.45,6,68.70,10.50,2.77
INV-65781900020,2023-12-29T00:00:00.000,2679,HY-VEE FAST & FRESH/ALTOONA,3950 PRARIE FIRE NW,ALTOONA,50009,POINT (-93.509255971 41.651297981),,POLK,1031100,AMERICAN VODKAS,205,E & J GALLO WINERY,36968,NEW AMSTERDAM 80PRF,24,375,4.00,6.00,6,36.00,2.25,0.59
INV-65781900021,2023-12-29T00:00:00.000,2679,HY-VEE FAST & FRESH/ALTOONA,3950 PRARIE FIRE NW,ALTOONA,50009,POINT (-93.509255971 41.651297981),,POLK,1031100,AMERICAN VODKAS,205,E & J GALLO WINERY,36971,NEW AMSTERDAM 80PRF,6,1750,14.00,21.00,2,44.26,3.50,0.92
INV-65781900022,2023-12-29T00:00:00.000,2679,HY-VEE FAST & FRESH/ALTOONA,3950 PRARIE FIRE NW,ALTOONA,50009,POINT (-93.509255971 41.651297981),,POLK,1031100,AMERICAN VODKAS,260,DIAGEO AMERICAS,37993,SMIRNOFF 80PRF,48,200,2.54,3.81,6,22.86,1.20,0.31
INV-65781900023,2023-12-29T00:00:00.000,2679,HY-VEE FAST & FRESH/ALTOONA,3950 PRARIE FIRE NW,ALTOONA,50009,POINT (-93.509255971 41.651297981),,POLK,1031100,AMERICAN VODKAS,260,DIAGEO AMERICAS,37994,SMIRNOFF 80PRF,24,375,4.99,7.49,24,179.76,9.00,2.37
INV-65781900024,2023-12-29T00:00:00.000,2679,HY-VEE FAST & FRESH/ALTOONA,3950 PRARIE FIRE NW,ALTOONA,50009,POINT (-93.509255971 41.651297981),,POLK,1031100,AMERICAN VODKAS,301,FIFTH GENERATION INC,38174,TITOS HANDMADE VODKA,12,375,5.42,8.13,12,97.56,4.50,1.18
INV-65781900025,2023-12-29T00:00:00.000,2679,HY-VEE FAST & FRESH/ALTOONA,3950 PRARIE FIRE NW,ALTOONA,50009,POINT (-93.509255971 41.651297981),,POLK,1031100,AMERICAN VODKAS,301,FIFTH GENERATION INC,38194,TITOS HANDMADE VODKA MINI,5,50,12.80,19.20,1,19.20,0.05,0.01
INV-65781900026,2023-12-29T00:00:00.000,2679,HY-VEE FAST & FRESH/ALTOONA,3950 PRARIE FIRE NW,ALTOONA,50009,POINT (-93.509255971 41.651297981),,POLK,1031200,AMERICAN FLAVORED VODKA,205,E & J GALLO WINERY,39281,NEW AMSTERDAM PASSION FRUIT FLAVORED VODKA,24,200,1.99,2.99,4,11.96,0.80,0.21
INV-65781900027,2023-12-29T00:00:00.000,2679,HY-VEE FAST & FRESH/ALTOONA,3950 PRARIE FIRE NW,ALTOONA,50009,POINT (-93.509255971 41.651297981),,POLK,1062400,SPICED RUM,259,HEAVEN HILL BRANDS,43028,ADMIRAL NELSON SPICED,6,1750,12.00,18.00,6,108.00,10.50,2.77
INV-65781900028,2023-12-29T00:00:00.000,2679,HY-VEE FAST & FRESH/ALTOONA,3950 PRARIE FIRE NW,ALTOONA,50009,POINT (-93.509255971 41.651297981),,POLK,1062200,WHITE RUM,035,BACARDI USA INC,43126,BACARDI SUPERIOR,12,750,8.76,13.14,12,157.68,9.00,2.37
INV-65781900029,2023-12-29T00:00:00.000,2679,HY-VEE FAST & FRESH/ALTOONA,3950 PRARIE FIRE NW,ALTOONA,50009,POINT (-93.509255971 41.651297981),,POLK,1062200,WHITE RUM,035,BACARDI USA INC,43128,BACARDI SUPERIOR,6,1750,15.50,23.25,6,139.50,10.50,2.77
INV-65781900030,2023-12-29T00:00:00.000,2679,HY-VEE FAST & FRESH/ALTOONA,3950 PRARIE FIRE NW,ALTOONA,50009,POINT (-93.509255971 41.651297981),,POLK,1062400,SPICED RUM,240,WILLIAM GRANT & SONS INC,45886,SAILOR JERRY SPICED NAVY RUM,12,750,10.00,15.00,3,45.00,2.25,0.59
INV-65781900031,2023-12-29T00:00:00.000,2679,HY-VEE FAST & FRESH/ALTOONA,3950 PRARIE FIRE NW,ALTOONA,50009,POINT (-93.509255971 41.651297981),,POLK,1012300,SINGLE MALT SCOTCH,240,WILLIAM GRANT & SONS INC,5006,GLENFIDDICH 12YR SPECIAL RESERVE,12,750,30.00,45.00,1,45.00,0.75,0.19
INV-65781900032,2023-12-29T00:00:00.000,2679,HY-VEE FAST & FRESH/ALTOONA,3950 PRARIE FIRE NW,ALTOONA,50009,POINT (-93.509255971 41.651297981),,POLK,1051100,AMERICAN BRANDIES,205,E & J GALLO WINERY,52563,E & J XO,12,750,8.50,12.75,3,38.25,2.25,0.59
INV-65781900033,2023-12-29T00:00:00.000,2679,HY-VEE FAST & FRESH/ALTOONA,3950 PRARIE FIRE NW,ALTOONA,50009,POINT (-93.509255971 41.651297981),,POLK,1012200,SCOTCH WHISKIES,260,DIAGEO AMERICAS,5346,JOHNNIE WALKER RED,12,750,13.50,20.25,2,40.50,1.50,0.39
INV-65781900034,2023-12-29T00:00:00.000,2679,HY-VEE FAST & FRESH/ALTOONA,3950 PRARIE FIRE NW,ALTOONA,50009,POINT (-93.509255971 41.651297981),,POLK,1012200,SCOTCH WHISKIES,240,WILLIAM GRANT & SONS INC,5635,MONKEY SHOULDER,6,750,21.00,31.50,3,94.50,2.25,0.59
INV-65781900035,2023-12-29T00:00:00.000,2679,HY-VEE FAST & FRESH/ALTOONA,3950 PRARIE FIRE NW,ALTOONA,50009,POINT (-93.509255971 41.651297981),,POLK,1071000,COCKTAILS/RTD,395,PROXIMO,58872,JOSE CUERVO AUTHENTIC LIGHT LIME MARGARITA,6,1750,8.74,13.11,6,78.66,10.50,2.77
INV-65781900036,2023-12-29T00:00:00.000,2679,HY-VEE FAST & FRESH/ALTOONA,3950 PRARIE FIRE NW,ALTOONA,50009,POINT (-93.509255971 41.651297981),,POLK,1081600,WHISKEY LIQUEUR,421,SAZERAC COMPANY  INC,64858,FIREBALL CINNAMON WHISKEY MINI DISPENSER,1,50,25.80,38.70,1,38.70,0.05,0.01
INV-65781900037,2023-12-29T00:00:00.000,2679,HY-VEE FAST & FRESH/ALTOONA,3950 PRARIE FIRE NW,ALTOONA,50009,POINT (-93.509255971 41.651297981),,POLK,1081600,WHISKEY LIQUEUR,421,SAZERAC COMPANY  INC,64870,FIREBALL CINNAMON WHISKEY,48,100,1.00,1.50,48,72.00,4.80,1.26
INV-65781900038,2023-12-29T00:00:00.000,2679,HY-VEE FAST & FRESH/ALTOONA,3950 PRARIE FIRE NW,ALTOONA,50009,POINT (-93.509255971 41.651297981),,POLK,1082200,IMPORTED SCHNAPPS,421,SAZERAC COMPANY  INC,65066,GOLDSCHLAGER CINNAMON SCHNAPPS,12,750,13.50,20.25,2,40.50,1.50,0.39
INV-65781900039,2023-12-29T00:00:00.000,2679,HY-VEE FAST & FRESH/ALTOONA,3950 PRARIE FIRE NW,ALTOONA,50009,POINT (-93.509255971 41.651297981),,POLK,1082100,IMPORTED CORDIALS & LIQUEURS,368,PARK STREET IMPORTS,65426,LICOR 43,12,750,14.50,21.75,2,43.50,1.50,0.39
INV-65781900040,2023-12-29T00:00:00.000,2679,HY-VEE FAST & FRESH/ALTOONA,3950 PRARIE FIRE NW,ALTOONA,50009,POINT (-93.509255971 41.651297981),,POLK,1081600,WHISKEY LIQUEUR,421,SAZERAC COMPANY  INC,67266,YUKON JACK,12,750,9.25,13.88,5,69.40,3.75,0.99
INV-65781900041,2023-12-29T00:00:00.000,2679,HY-VEE FAST & FRESH/ALTOONA,3950 PRARIE FIRE NW,ALTOONA,50009,POINT (-93.509255971 41.651297981),,POLK,1081200,CREAM LIQUEURS,260,DIAGEO AMERICAS,68036,BAILEYS ORIGINAL IRISH CREAM,12,750,16.49,24.74,3,74.22,2.25,0.59
INV-65781900042,2023-12-29T00:00:00.000,2679,HY-VEE FAST & FRESH/ALTOONA,3950 PRARIE FIRE NW,ALTOONA,50009,POINT (-93.509255971 41.651297981),,POLK,1031200,AMERICAN FLAVORED VODKA,260,DIAGEO AMERICAS,77683,SMIRNOFF KISSED CARAMEL,12,750,8.25,12.38,5,61.90,3.75,0.99
INV-65781900043,2023-12-29T00:00:00.000,2679,HY-VEE FAST & FRESH/ALTOONA,3950 PRARIE FIRE NW,ALTOONA,50009,POINT (-93.509255971 41.651297981),,POLK,1031200,AMERICAN FLAVORED VODKA,260,DIAGEO AMERICAS,77847,SMIRNOFF VANILLA,12,750,8.25,12.38,4,49.52,3.00,0.79
INV-65781900044,2023-12-29T00:00:00.000,2679,HY-VEE FAST & FRESH/ALTOONA,3950 PRARIE FIRE NW,ALTOONA,50009,POINT (-93.509255971 41.651297981),,POLK,1081300,AMERICAN CORDIALS & LIQUEURS,305,MHW LTD,80015,BLUE CHAIR BAY KEY LIME RUM CREAM,12,750,10.49,15.74,1,15.74,0.75,0.19
INV-65781900045,2023-12-29T00:00:00.000,2679,HY-VEE FAST & FRESH/ALTOONA,3950 PRARIE FIRE NW,ALTOONA,50009,POINT (-93.509255971 41.651297981),,POLK,1091300,NEUTRAL GRAIN SPIRITS FLAVORED,346,OLE SMOKY DISTILLERY LLC,80358,OLE SMOKY ORANGE SHINESICLE MOONSHINE MINI,8,50,8.75,13.13,2,26.26,0.10,0.02
INV-65781900046,2023-12-29T00:00:00.000,2679,HY-VEE FAST & FRESH/ALTOONA,3950 PRARIE FIRE NW,ALTOONA,50009,POINT (-93.509255971 41.651297981),,POLK,1091300,NEUTRAL GRAIN SPIRITS FLAVORED,346,OLE SMOKY DISTILLERY LLC,80398,OLE SMOKY WHITE CHOCOLATE STRAWBERRY MOONSHINE MINI,8,50,8.75,13.13,2,26.26,0.10,0.02
INV-65781900047,2023-12-29T00:00:00.000,2679,HY-VEE FAST & FRESH/ALTOONA,3950 PRARIE FIRE NW,ALTOONA,50009,POINT (-93.509255971 41.651297981),,POLK,1091300,NEUTRAL GRAIN SPIRITS FLAVORED,346,OLE SMOKY DISTILLERY LLC,86739,OLE SMOKY APPLE PIE MOONSHINE 70PRF MINI,8,50,8.75,13.13,2,26.26,0.10,0.02
INV-65781900048,2023-12-29T00:00:00.000,2679,HY-VEE FAST & FRESH/ALTOONA,3950 PRARIE FIRE NW,ALTOONA,50009,POINT (-93.509255971 41.651297981),,POLK,1022200,100% AGAVE TEQUILA,192,"MAST-JAGERMEISTER US, INC",88371,TEREMANA BLANCO TEQUILA,6,750,15.91,23.87,1,23.87,0.75,0.19
INV-65781900049,2023-12-29T00:00:00.000,2679,HY-VEE FAST & FRESH/ALTOONA,3950 PRARIE FIRE NW,ALTOONA,50009,POINT (-93.509255971 41.651297981),,POLK,1022200,100% AGAVE TEQUILA,065,JIM BEAM BRANDS,88548,HORNITOS PLATA,12,750,15.00,22.50,2,45.00,1.50,0.39
INV-65781900050,2023-12-29T00:00:00.000,2679,HY-VEE FAST & FRESH/ALTOONA,3950 PRARIE FIRE NW,ALTOONA,50009,POINT (-93.509255971 41.651297981),,POLK,1031100,AMERICAN VODKAS,566,"FOUNDRY DISTILLING COMPANY, LLC",937266,SOOH JETHROS VODKA,12,750,10.00,15.00,2,30.00,1.50,0.39
INV-65782000001,2023-12-29T00:00:00.000,010115,"FAREWAY STORES, INC. #236 / BONDURANT",114 BRICK STREET SOUTHEAST,BONDURANT,50035,POINT (-93.461859996 41.690055985),,POLK,1012100,CANADIAN WHISKIES,065,JIM BEAM BRANDS,10628,CANADIAN CLUB WHISKY,6,1750,14.50,21.75,6,130.50,10.50,2.77
INV-65782000002,2023-12-29T00:00:00.000,010115,"FAREWAY STORES, INC. #236 / BONDURANT",114 BRICK STREET SOUTHEAST,BONDURANT,50035,POINT (-93.461859996 41.690055985),,POLK,1012100,CANADIAN WHISKIES,260,DIAGEO AMERICAS,10802,CROWN ROYAL PEACH,12,750,17.49,26.24,12,314.88,9.00,2.37
INV-65782000003,2023-12-29T00:00:00.000,010115,"FAREWAY STORES, INC. #236 / BONDURANT",114 BRICK STREET SOUTHEAST,BONDURANT,50035,POINT (-93.461859996 41.690055985),,POLK,1012100,CANADIAN WHISKIES,260,DIAGEO AMERICAS,10807,CROWN ROYAL REGAL APPLE,12,750,17.49,26.24,12,314.88,9.00,2.37
INV-65782000004,2023-12-29T00:00:00.000,010115,"FAREWAY STORES, INC. #236 / BONDURANT",114 BRICK STREET SOUTHEAST,BONDURANT,50035,POINT (-93.461859996 41.690055985),,POLK,1012100,CANADIAN WHISKIES,772,INTERCONTINENTAL PACKAGING COMPANY/PRESTIGE BEVERAGE GROUP,15248,WINDSOR CANADIAN PET,6,1750,10.00,15.00,6,90.00,10.50,2.77
INV-65782000005,2023-12-29T00:00:00.000,010115,"FAREWAY STORES, INC. #236 / BONDURANT",114 BRICK STREET SOUTHEAST,BONDURANT,50035,POINT (-93.461859996 41.690055985),,POLK,1701100,TEMPORARY & SPECIALTY PACKAGES,065,JIM BEAM BRANDS,16580,BAKERS 7YR,6,750,35.00,52.50,3,135.00,2.25,0.59
INV-65782000006,2023-12-29T00:00:00.000,010115,"FAREWAY STORES, INC. #236 / BONDURANT",114 BRICK STREET SOUTHEAST,BONDURANT,50035,POINT (-93.461859996 41.690055985),,POLK,1701100,TEMPORARY & SPECIALTY PACKAGES,434,LUXCO INC,18202,BP EZRA BROOKS CASK STRENGTH,6,750,27.50,41.25,3,123.75,2.25,0.59
INV-65782000007,2023-12-29T00:00:00.000,010115,"FAREWAY STORES, INC. #236 / BONDURANT",114 BRICK STREET SOUTHEAST,BONDURANT,50035,POINT (-93.461859996 41.690055985),,POLK,1011200,STRAIGHT BOURBON WHISKIES,830,KIRIN BEER & SPIRITS OF AMERICA INC / FOUR ROSES DISTILLERY,18348,FOUR ROSES SMALL BATCH,6,750,18.50,27.75,6,166.50,4.50,1.18
INV-65782000008,2023-12-29T00:00:00.000,010115,"FAREWAY STORES, INC. #236 / BONDURANT",114 BRICK STREET SOUTHEAST,BONDURANT,50035,POINT (-93.461859996 41.690055985),,POLK,1701100,TEMPORARY & SPECIALTY PACKAGES,434,LUXCO INC,21198,BP REBEL CASK STRENGTH,6,750,27.50,41.25,3,123.75,2.25,0.59
INV-65782000009,2023-12-29T00:00:00.000,010115,"FAREWAY STORES, INC. #236 / BONDURANT",114 BRICK STREET SOUTHEAST,BONDURANT,50035,POINT (-93.461859996 41.690055985),,POLK,1011200,STRAIGHT BOURBON WHISKIES,434,LUXCO INC,21215,REBEL KSBW 100PRF,6,750,11.00,16.50,30,495.00,22.50,5.94
INV-65782000010,2023-12-29T00:00:00.000,010115,"FAREWAY STORES, INC. #236 / BONDURANT",114 BRICK STREET SOUTHEAST,BONDURANT,50035,POINT (-93.461859996 41.690055985),,POLK,1011200,STRAIGHT BOURBON WHISKIES,421,SAZERAC COMPANY  INC,21460,BENCHMARK BONDED,12,750,10.00,15.00,12,180.00,9.00,2.37
INV-65782000011,2023-12-29T00:00:00.000,010115,"FAREWAY STORES, INC. #236 / BONDURANT",114 BRICK STREET SOUTHEAST,BONDURANT,50035,POINT (-93.461859996 41.690055985),,POLK,1011200,STRAIGHT BOURBON WHISKIES,434,LUXCO INC,22244,YELLOWSTONE SELECT,6,750,20.00,30.00,6,180.00,4.50,1.18
INV-65782000012,2023-12-29T00:00:00.000,010115,"FAREWAY STORES, INC. #236 / BONDURANT",114 BRICK STREET SOUTHEAST,BONDURANT,50035,POINT (-93.461859996 41.690055985),,POLK,1041100,AMERICAN DRY GINS,260,DIAGEO AMERICAS,29119,AVIATION AMERICAN GIN,6,750,14.50,21.75,6,130.50,4.50,1.18
INV-65782000013,2023-12-29T00:00:00.000,010115,"FAREWAY STORES, INC. #236 / BONDURANT",114 BRICK STREET SOUTHEAST,BONDURANT,50035,POINT (-93.461859996 41.690055985),,POLK,1032100,IMPORTED VODKAS,370,PERNOD RICARD USA,34006,ABSOLUT SWEDISH VODKA 80PRF,12,750,9.99,14.99,12,179.88,9.00,2.37
INV-65782000014,2023-12-29T00:00:00.000,010115,"FAREWAY STORES, INC. #236 / BONDURANT",114 BRICK STREET SOUTHEAST,BONDURANT,50035,POINT (-93.461859996 41.690055985),,POLK,1032100,IMPORTED VODKAS,421,SAZERAC COMPANY  INC,34368,FRIS DANISH VODKA,6,1750,8.49,12.74,6,76.44,10.50,2.77
INV-65782000015,2023-12-29T00:00:00.000,010115,"FAREWAY STORES, INC. #236 / BONDURANT",114 BRICK STREET SOUTHEAST,BONDURANT,50035,POINT (-93.461859996 41.690055985),,POLK,1031100,AMERICAN VODKAS,434,LUXCO INC,36305,HAWKEYE VODKA PET,12,750,3.50,5.25,12,63.00,9.00,2.37
INV-65782000016,2023-12-29T00:00:00.000,010115,"FAREWAY STORES, INC. #236 / BONDURANT",114 BRICK STREET SOUTHEAST,BONDURANT,50035,POINT (-93.461859996 41.690055985),,POLK,1062200,WHITE RUM,434,LUXCO INC,45278,PARAMOUNT WHITE RUM,6,1750,8.00,12.00,6,72.00,10.50,2.77
INV-65782000017,2023-12-29T00:00:00.000,010115,"FAREWAY STORES, INC. #236 / BONDURANT",114 BRICK STREET SOUTHEAST,BONDURANT,50035,POINT (-93.461859996 41.690055985),,POLK,1062400,SPICED RUM,395,PROXIMO,46504,KRAKEN BLACK SPICED RUM,12,750,11.00,16.50,6,99.00,4.50,1.18
INV-65782000018,2023-12-29T00:00:00.000,010115,"FAREWAY STORES, INC. #236 / BONDURANT",114 BRICK STREET SOUTHEAST,BONDURANT,50035,POINT (-93.461859996 41.690055985),,POLK,1071000,COCKTAILS/RTD,421,SAZERAC COMPANY  INC,57129,CHI-CHI'S MEXICAN MUDSLIDE,6,1750,6.50,9.75,6,58.50,10.50,2.77
INV-65782000019,2023-12-29T00:00:00.000,010115,"FAREWAY STORES, INC. #236 / BONDURANT",114 BRICK STREET SOUTHEAST,BONDURANT,50035,POINT (-93.461859996 41.690055985),,POLK,1071000,COCKTAILS/RTD,421,SAZERAC COMPANY  INC,57148,CHI-CHI'S MARGARITA,6,1750,6.50,9.75,6,58.50,10.50,2.77
INV-65782000020,2023-12-29T00:00:00.000,010115,"FAREWAY STORES, INC. #236 / BONDURANT",114 BRICK STREET SOUTHEAST,BONDURANT,50035,POINT (-93.461859996 41.690055985),,POLK,1062300,AGED DARK RUM,482,"SOVEREIGN BRANDS, LLC",64529,BUMBU RUM,6,750,18.50,27.75,6,166.50,4.50,1.18
INV-65782000021,2023-12-29T00:00:00.000,010115,"FAREWAY STORES, INC. #236 / BONDURANT",114 BRICK STREET SOUTHEAST,BONDURANT,50035,POINT (-93.461859996 41.690055985),,POLK,1081600,WHISKEY LIQUEUR,421,SAZERAC COMPANY  INC,64866,FIREBALL CINNAMON WHISKEY,12,750,9.00,13.50,12,162.00,9.00,2.37
INV-65782000022,2023-12-29T00:00:00.000,010115,"FAREWAY STORES, INC. #236 / BONDURANT",114 BRICK STREET SOUTHEAST,BONDURANT,50035,POINT (-93.461859996 41.690055985),,POLK,1081600,WHISKEY LIQUEUR,305,MHW LTD,64892,DUBLINER HONEYCOMB LIQUEUR,6,750,17.50,26.25,3,78.75,2.25,0.59
INV-65782000023,2023-12-29T00:00:00.000,010115,"FAREWAY STORES, INC. #236 / BONDURANT",114 BRICK STREET SOUTHEAST,BONDURANT,50035,POINT (-93.461859996 41.690055985),,POLK,1082100,IMPORTED CORDIALS & LIQUEURS,260,DIAGEO AMERICAS,67900,BAILEYS CHOCOLATE,12,750,16.49,24.74,12,296.88,9.00,2.37
INV-65782000024,2023-12-29T00:00:00.000,010115,"FAREWAY STORES, INC. #236 / BONDURANT",114 BRICK STREET SOUTHEAST,BONDURANT,50035,POINT (-93.461859996 41.690055985),,POLK,1081200,CREAM LIQUEURS,260,DIAGEO AMERICAS,68036,BAILEYS ORIGINAL IRISH CREAM,12,750,16.49,24.74,12,296.88,9.00,2.37
INV-65782000025,2023-12-29T00:00:00.000,010115,"FAREWAY STORES, INC. #236 / BONDURANT",114 BRICK STREET SOUTHEAST,BONDURANT,50035,POINT (-93.461859996 41.690055985),,POLK,1081600,WHISKEY LIQUEUR,454,SALOON SPIRITS LLC,86493,BALLOTIN PEANUT BUTTER CHOCOLATE WHISKEY,6,750,14.34,21.51,1,21.51,0.75,0.19
INV-65782100001,2023-12-29T00:00:00.000,010060,SUPER STOP / ALTOONA,2635 ADVENTURELAND DRIVE,ALTOONA,50009,POINT (-93.494712027 41.659162008),,POLK,1701100,TEMPORARY & SPECIALTY PACKAGES,421,SAZERAC COMPANY  INC,102096,FIREBALL WINTER BAG,8,50,6.45,9.68,8,77.44,0.40,0.10
INV-65782100002,2023-12-29T00:00:00.000,010060,SUPER STOP / ALTOONA,2635 ADVENTURELAND DRIVE,ALTOONA,50009,POINT (-93.494712027 41.659162008),,POLK,1012100,CANADIAN WHISKIES,065,JIM BEAM BRANDS,10625,CANADIAN CLUB WHISKY PET,12,750,8.00,12.00,12,144.00,9.00,2.37
INV-65782100003,2023-12-29T00:00:00.000,010060,SUPER STOP / ALTOONA,2635 ADVENTURELAND DRIVE,ALTOONA,50009,POINT (-93.494712027 41.659162008),,POLK,1012100,CANADIAN WHISKIES,260,DIAGEO AMERICAS,10809,CROWN ROYAL REGAL APPLE,6,1750,33.99,50.99,3,152.97,5.25,1.38
INV-65782100004,2023-12-29T00:00:00.000,010060,SUPER STOP / ALTOONA,2635 ADVENTURELAND DRIVE,ALTOONA,50009,POINT (-93.494712027 41.659162008),,POLK,1012100,CANADIAN WHISKIES,260,DIAGEO AMERICAS,11290,CROWN ROYAL MINI,10,50,9.95,14.93,10,149.30,0.50,0.13
INV-65782100005,2023-12-29T00:00:00.000,010060,SUPER STOP / ALTOONA,2635 ADVENTURELAND DRIVE,ALTOONA,50009,POINT (-93.494712027 41.659162008),,POLK,1012100,CANADIAN WHISKIES,259,HEAVEN HILL BRANDS,11774,BLACK VELVET,24,375,3.25,4.88,24,117.12,9.00,2.37
INV-65782100006,2023-12-29T00:00:00.000,010060,SUPER STOP / ALTOONA,2635 ADVENTURELAND DRIVE,ALTOONA,50009,POINT (-93.494712027 41.659162008),,POLK,1012100,CANADIAN WHISKIES,259,HEAVEN HILL BRANDS,11788,BLACK VELVET,6,1750,11.00,16.50,6,99.00,10.50,2.77
INV-65782100007,2023-12-29T00:00:00.000,010060,SUPER STOP / ALTOONA,2635 ADVENTURELAND DRIVE,ALTOONA,50009,POINT (-93.494712027 41.659162008),,POLK,1012400,IRISH WHISKIES,370,PERNOD RICARD USA,15621,JAMESON MINI,12,50,13.20,19.80,1,19.80,0.05,0.01
INV-65782100008,2023-12-29T00:00:00.000,010060,SUPER STOP / ALTOONA,2635 ADVENTURELAND DRIVE,ALTOONA,50009,POINT (-93.494712027 41.659162008),,POLK,1012400,IRISH WHISKIES,370,PERNOD RICARD USA,15626,JAMESON,12,750,17.49,26.24,3,78.72,2.25,0.59
INV-65782100009,2023-12-29T00:00:00.000,010060,SUPER STOP / ALTOONA,2635 ADVENTURELAND DRIVE,ALTOONA,50009,POINT (-93.494712027 41.659162008),,POLK,1011200,STRAIGHT BOURBON WHISKIES,065,JIM BEAM BRANDS,19064,JIM BEAM,24,375,5.60,8.40,24,201.60,9.00,2.37
INV-65782100010,2023-12-29T00:00:00.000,010060,SUPER STOP / ALTOONA,2635 ADVENTURELAND DRIVE,ALTOONA,50009,POINT (-93.494712027 41.659162008),,POLK,1011200,STRAIGHT BOURBON WHISKIES,065,JIM BEAM BRANDS,19476,MAKERS MARK,12,750,18.00,27.00,3,81.00,2.25,0.59
INV-65782100011,2023-12-29T00:00:00.000,010060,SUPER STOP / ALTOONA,2635 ADVENTURELAND DRIVE,ALTOONA,50009,POINT (-93.494712027 41.659162008),,POLK,1011100,BLENDED WHISKIES,065,JIM BEAM BRANDS,22786,BEAMS 8 STAR BL WHISKEY,12,750,4.00,6.00,12,72.00,9.00,2.37
INV-65782100012,2023-12-29T00:00:00.000,010060,SUPER STOP / ALTOONA,2635 ADVENTURELAND DRIVE,ALTOONA,50009,POINT (-93.494712027 41.659162008),,POLK,1011200,STRAIGHT BOURBON WHISKIES,065,JIM BEAM BRANDS,27408,JIM BEAM HONEY MINI,12,50,7.00,10.50,2,21.00,0.10,0.02
INV-65782100013,2023-12-29T00:00:00.000,010060,SUPER STOP / ALTOONA,2635 ADVENTURELAND DRIVE,ALTOONA,50009,POINT (-93.494712027 41.659162008),,POLK,1011200,STRAIGHT BOURBON WHISKIES,065,JIM BEAM BRANDS,27780,JIM BEAM APPLE MINI,12,50,7.00,10.50,1,10.50,0.05,0.01
INV-65782100014,2023-12-29T00:00:00.000,010060,SUPER STOP / ALTOONA,2635 ADVENTURELAND DRIVE,ALTOONA,50009,POINT (-93.494712027 41.659162008),,POLK,1011100,BLENDED WHISKIES,306,MISSISSIPPI RIVER DISTILLING COMPANY LLC,28132,CODY ROAD MAPLE,6,750,17.00,25.50,3,76.50,2.25,0.59
INV-65782100015,2023-12-29T00:00:00.000,010060,SUPER STOP / ALTOONA,2635 ADVENTURELAND DRIVE,ALTOONA,50009,POINT (-93.494712027 41.659162008),,POLK,1031100,AMERICAN VODKAS,421,SAZERAC COMPANY  INC,35314,BARTON VODKA,24,375,1.71,2.57,24,61.68,9.00,2.37
INV-65782100016,2023-12-29T00:00:00.000,010060,SUPER STOP / ALTOONA,2635 ADVENTURELAND DRIVE,ALTOONA,50009,POINT (-93.494712027 41.659162008),,POLK,1032100,IMPORTED VODKAS,260,DIAGEO AMERICAS,36871,CIROC 80PRF,12,750,16.49,24.74,2,49.48,1.50,0.39
INV-65782100017,2023-12-29T00:00:00.000,010060,SUPER STOP / ALTOONA,2635 ADVENTURELAND DRIVE,ALTOONA,50009,POINT (-93.494712027 41.659162008),,POLK,1031100,AMERICAN VODKAS,301,FIFTH GENERATION INC,38176,TITOS HANDMADE VODKA,12,750,10.00,15.00,12,180.00,9.00,2.37
INV-65782100018,2023-12-29T00:00:00.000,010060,SUPER STOP / ALTOONA,2635 ADVENTURELAND DRIVE,ALTOONA,50009,POINT (-93.494712027 41.659162008),,POLK,1031100,AMERICAN VODKAS,301,FIFTH GENERATION INC,38194,TITOS HANDMADE VODKA MINI,5,50,12.80,19.20,2,38.40,0.10,0.02
INV-65782100019,2023-12-29T00:00:00.000,010060,SUPER STOP / ALTOONA,2635 ADVENTURELAND DRIVE,ALTOONA,50009,POINT (-93.494712027 41.659162008),,POLK,1031200,AMERICAN FLAVORED VODKA,259,HEAVEN HILL BRANDS,41316,BURNETTS RASPBERRY,12,750,4.50,6.75,4,27.00,3.00,0.79
INV-65782100020,2023-12-29T00:00:00.000,010060,SUPER STOP / ALTOONA,2635 ADVENTURELAND DRIVE,ALTOONA,50009,POINT (-93.494712027 41.659162008),,POLK,1062400,SPICED RUM,259,HEAVEN HILL BRANDS,43025,ADMIRAL NELSON SPICED PET,12,750,6.50,9.75,12,117.00,9.00,2.37
INV-65782100021,2023-12-29T00:00:00.000,010060,SUPER STOP / ALTOONA,2635 ADVENTURELAND DRIVE,ALTOONA,50009,POINT (-93.494712027 41.659162008),,POLK,1062400,SPICED RUM,260,DIAGEO AMERICAS,43331,CAPTAIN MORGAN ORIGINAL SPICED MINI,12,50,4.80,7.20,1,7.20,0.05,0.01
INV-65782100022,2023-12-29T00:00:00.000,010060,SUPER STOP / ALTOONA,2635 ADVENTURELAND DRIVE,ALTOONA,50009,POINT (-93.494712027 41.659162008),,POLK,1062400,SPICED RUM,260,DIAGEO AMERICAS,43334,CAPTAIN MORGAN ORIGINAL SPICED,24,375,5.24,7.86,24,188.64,9.00,2.37
INV-65782100023,2023-12-29T00:00:00.000,010060,SUPER STOP / ALTOONA,2635 ADVENTURELAND DRIVE,ALTOONA,50009,POINT (-93.494712027 41.659162008),,POLK,1062400,SPICED RUM,395,PROXIMO,46504,KRAKEN BLACK SPICED RUM,12,750,11.00,16.50,3,49.50,2.25,0.59
INV-65782100024,2023-12-29T00:00:00.000,010060,SUPER STOP / ALTOONA,2635 ADVENTURELAND DRIVE,ALTOONA,50009,POINT (-93.494712027 41.659162008),,POLK,1052100,IMPORTED BRANDIES,420,MOET HENNESSY USA,48106,HENNESSY VS,12,750,19.99,29.99,12,359.88,9.00,2.37
INV-65782100025,2023-12-29T00:00:00.000,010060,SUPER STOP / ALTOONA,2635 ADVENTURELAND DRIVE,ALTOONA,50009,POINT (-93.494712027 41.659162008),,POLK,1052100,IMPORTED BRANDIES,420,MOET HENNESSY USA,48115,HENNESSY VSOP ROUND GIFTBOX,12,375,18.99,28.49,3,85.47,1.12,0.29
INV-65782100026,2023-12-29T00:00:00.000,010060,SUPER STOP / ALTOONA,2635 ADVENTURELAND DRIVE,ALTOONA,50009,POINT (-93.494712027 41.659162008),,POLK,1012200,SCOTCH WHISKIES,260,DIAGEO AMERICAS,5318,JOHNNIE WALKER DOUBLE BLACK,6,750,24.99,37.49,2,74.98,1.50,0.39
INV-65782100027,2023-12-29T00:00:00.000,010060,SUPER STOP / ALTOONA,2635 ADVENTURELAND DRIVE,ALTOONA,50009,POINT (-93.494712027 41.659162008),,POLK,1071000,COCKTAILS/RTD,908,BUZZBALLZ LLC / SOUTHERN CHAMPION,57210,BUZZBALLZ BIGGIES TEQUILA RITA,3,1750,10.00,15.00,6,90.00,10.50,2.77
INV-65782100028,2023-12-29T00:00:00.000,010060,SUPER STOP / ALTOONA,2635 ADVENTURELAND DRIVE,ALTOONA,50009,POINT (-93.494712027 41.659162008),,POLK,1071000,COCKTAILS/RTD,908,BUZZBALLZ LLC / SOUTHERN CHAMPION,57343,BUZZBALLZ BIGGIES CHILI MANGO,3,1750,10.00,15.00,6,90.00,10.50,2.77
INV-65782100029,2023-12-29T00:00:00.000,010060,SUPER STOP / ALTOONA,2635 ADVENTURELAND DRIVE,ALTOONA,50009,POINT (-93.494712027 41.659162008),,POLK,1071000,COCKTAILS/RTD,908,BUZZBALLZ LLC / SOUTHERN CHAMPION,57578,BUZZBALLZ BIGGIES STRAWBERRY RITA,3,1750,10.00,15.00,6,90.00,10.50,2.77
INV-65782100030,2023-12-29T00:00:00.000,010060,SUPER STOP / ALTOONA,2635 ADVENTURELAND DRIVE,ALTOONA,50009,POINT (-93.494712027 41.659162008),,POLK,1032200,IMPORTED FLAVORED VODKA,260,DIAGEO AMERICAS,64511,CIROC APPLE,12,375,9.25,13.88,4,55.52,1.50,0.39
INV-65782100031,2023-12-29T00:00:00.000,010060,SUPER STOP / ALTOONA,2635 ADVENTURELAND DRIVE,ALTOONA,50009,POINT (-93.494712027 41.659162008),,POLK,1082100,IMPORTED CORDIALS & LIQUEURS,368,PARK STREET IMPORTS,65426,LICOR 43,12,750,14.50,21.75,1,21.75,0.75,0.19
INV-65782100032,2023-12-29T00:00:00.000,010060,SUPER STOP / ALTOONA,2635 ADVENTURELAND DRIVE,ALTOONA,50009,POINT (-93.494712027 41.659162008),,POLK,1701100,TEMPORARY & SPECIALTY PACKAGES,384,PIEDMONT DISTILLERS INC,68625,MIDNIGHT MOON COOKIES & CREAM MOONSHAKE,6,750,11.50,17.25,3,51.75,2.25,0.59
INV-65782100033,2023-12-29T00:00:00.000,010060,SUPER STOP / ALTOONA,2635 ADVENTURELAND DRIVE,ALTOONA,50009,POINT (-93.494712027 41.659162008),,POLK,1082200,IMPORTED SCHNAPPS,260,DIAGEO AMERICAS,69940,RUMPLE MINZE PEPPERMINT SCHNAPPS LIQUEUR MINI,12,50,13.50,20.25,12,243.00,0.60,0.15
INV-65782100034,2023-12-29T00:00:00.000,010060,SUPER STOP / ALTOONA,2635 ADVENTURELAND DRIVE,ALTOONA,50009,POINT (-93.494712027 41.659162008),,POLK,1031200,AMERICAN FLAVORED VODKA,260,DIAGEO AMERICAS,76831,SMIRNOFF BLUE RASPBERRY MINI,12,50,7.47,11.21,1,11.21,0.05,0.01
INV-65782100035,2023-12-29T00:00:00.000,010060,SUPER STOP / ALTOONA,2635 ADVENTURELAND DRIVE,ALTOONA,50009,POINT (-93.494712027 41.659162008),,POLK,1091300,NEUTRAL GRAIN SPIRITS FLAVORED,346,OLE SMOKY DISTILLERY LLC,80365,OLE SMOKY WHITE CHOCOLATE STRAWBERRY CREAM,6,750,13.00,19.50,3,58.50,2.25,0.59
INV-65782100036,2023-12-29T00:00:00.000,010060,SUPER STOP / ALTOONA,2635 ADVENTURELAND DRIVE,ALTOONA,50009,POINT (-93.494712027 41.659162008),,POLK,1091300,NEUTRAL GRAIN SPIRITS FLAVORED,346,OLE SMOKY DISTILLERY LLC,80398,OLE SMOKY WHITE CHOCOLATE STRAWBERRY MOONSHINE MINI,8,50,8.75,13.13,8,105.04,0.40,0.10
INV-65782100037,2023-12-29T00:00:00.000,010060,SUPER STOP / ALTOONA,2635 ADVENTURELAND DRIVE,ALTOONA,50009,POINT (-93.494712027 41.659162008),,POLK,1081400,AMERICAN SCHNAPPS,421,SAZERAC COMPANY  INC,81126,99 PEPPERMINT,12,750,7.50,11.25,3,33.75,2.25,0.59
INV-65782100038,2023-12-29T00:00:00.000,010060,SUPER STOP / ALTOONA,2635 ADVENTURELAND DRIVE,ALTOONA,50009,POINT (-93.494712027 41.659162008),,POLK,1081400,AMERICAN SCHNAPPS,421,SAZERAC COMPANY  INC,84171,99 BANANAS,48,100,1.00,1.50,48,72.00,4.80,1.26
INV-65782100039,2023-12-29T00:00:00.000,010060,SUPER STOP / ALTOONA,2635 ADVENTURELAND DRIVE,ALTOONA,50009,POINT (-93.494712027 41.659162008),,POLK,1091300,NEUTRAL GRAIN SPIRITS FLAVORED,346,OLE SMOKY DISTILLERY LLC,86739,OLE SMOKY APPLE PIE MOONSHINE 70PRF MINI,8,50,8.75,13.13,8,105.04,0.40,0.10
INV-65782100040,2023-12-29T00:00:00.000,010060,SUPER STOP / ALTOONA,2635 ADVENTURELAND DRIVE,ALTOONA,50009,POINT (-93.494712027 41.659162008),,POLK,1022200,100% AGAVE TEQUILA,395,PROXIMO,87509,1800 SILVER,12,375,9.25,13.88,12,166.56,4.50,1.18
INV-65782100041,2023-12-29T00:00:00.000,010060,SUPER STOP / ALTOONA,2635 ADVENTURELAND DRIVE,ALTOONA,50009,POINT (-93.494712027 41.659162008),,POLK,1022200,100% AGAVE TEQUILA,260,DIAGEO AMERICAS,89177,CASAMIGOS REPOSADO,6,750,29.99,44.99,6,269.94,4.50,1.18
INV-65782100042,2023-12-29T00:00:00.000,010060,SUPER STOP / ALTOONA,2635 ADVENTURELAND DRIVE,ALTOONA,50009,POINT (-93.494712027 41.659162008),,POLK,1022100,MIXTO TEQUILA,395,PROXIMO,89199,JOSE CUERVO ESPECIAL REPOSADO SQUARE,12,375,6.53,9.80,12,117.60,4.50,1.18
INV-65782100043,2023-12-29T00:00:00.000,010060,SUPER STOP / ALTOONA,2635 ADVENTURELAND DRIVE,ALTOONA,50009,POINT (-93.494712027 41.659162008),,POLK,1022200,100% AGAVE TEQUILA,619,CAMPARI AMERICA,89286,ESPOLON REPOSADO,12,750,17.50,26.25,2,52.50,1.50,0.39
INV-65782200001,2023-12-29T00:00:00.000,3644,WAL-MART 2764 / ALTOONA,3501 8TH ST SW,ALTOONA,50009,POINT (-93.504838959 41.646988006),,POLK,1081600,WHISKEY LIQUEUR,421,SAZERAC COMPANY  INC,100423,FIREBALL CINNAMON WHISKEY 100ML CARRIER,8,100,6.00,9.00,24,216.00,2.40,0.63
INV-65782200002,2023-12-29T00:00:00.000,3644,WAL-MART 2764 / ALTOONA,3501 8TH ST SW,ALTOONA,50009,POINT (-93.504838959 41.646988006),,POLK,1012100,CANADIAN WHISKIES,260,DIAGEO AMERICAS,10793,CROWN ROYAL VANILLA,6,1750,33.99,50.99,6,305.94,10.50,2.77
INV-65782200003,2023-12-29T00:00:00.000,3644,WAL-MART 2764 / ALTOONA,3501 8TH ST SW,ALTOONA,50009,POINT (-93.504838959 41.646988006),,POLK,1012100,CANADIAN WHISKIES,260,DIAGEO AMERICAS,10808,CROWN ROYAL REGAL APPLE,12,1000,20.49,30.74,12,368.88,12.00,3.17
INV-65782200004,2023-12-29T00:00:00.000,3644,WAL-MART 2764 / ALTOONA,3501 8TH ST SW,ALTOONA,50009,POINT (-93.504838959 41.646988006),,POLK,1012100,CANADIAN WHISKIES,260,DIAGEO AMERICAS,10809,CROWN ROYAL REGAL APPLE,6,1750,33.99,50.99,6,305.94,10.50,2.77
INV-65782200005,2023-12-29T00:00:00.000,3644,WAL-MART 2764 / ALTOONA,3501 8TH ST SW,ALTOONA,50009,POINT (-93.504838959 41.646988006),,POLK,1012100,CANADIAN WHISKIES,260,DIAGEO AMERICAS,11298,CROWN ROYAL,6,1750,33.99,50.99,6,305.94,10.50,2.77
INV-65782200006,2023-12-29T00:00:00.000,3644,WAL-MART 2764 / ALTOONA,3501 8TH ST SW,ALTOONA,50009,POINT (-93.504838959 41.646988006),,POLK,1012100,CANADIAN WHISKIES,421,SAZERAC COMPANY  INC,11348,SEAGRAMS VO CANADIAN WHISKEY PET,6,1750,11.49,17.24,6,103.44,10.50,2.77
INV-65782200007,2023-12-29T00:00:00.000,3644,WAL-MART 2764 / ALTOONA,3501 8TH ST SW,ALTOONA,50009,POINT (-93.504838959 41.646988006),,POLK,1012100,CANADIAN WHISKIES,259,HEAVEN HILL BRANDS,11788,BLACK VELVET,6,1750,11.00,16.50,18,297.00,31.50,8.32
INV-65782200008,2023-12-29T00:00:00.000,3644,WAL-MART 2764 / ALTOONA,3501 8TH ST SW,ALTOONA,50009,POINT (-93.504838959 41.646988006),,POLK,1012100,CANADIAN WHISKIES,772,INTERCONTINENTAL PACKAGING COMPANY/PRESTIGE BEVERAGE GROUP,15248,WINDSOR CANADIAN PET,6,1750,10.00,15.00,6,90.00,10.50,2.77
INV-65782200009,2023-12-29T00:00:00.000,3644,WAL-MART 2764 / ALTOONA,3501 8TH ST SW,ALTOONA,50009,POINT (-93.504838959 41.646988006),,POLK,1012400,IRISH WHISKIES,370,PERNOD RICARD USA,15626,JAMESON,12,750,17.49,26.24,12,314.88,9.00,2.37
INV-65782200010,2023-12-29T00:00:00.000,3644,WAL-MART 2764 / ALTOONA,3501 8TH ST SW,ALTOONA,50009,POINT (-93.504838959 41.646988006),,POLK,1011100,BLENDED WHISKIES,065,JIM BEAM BRANDS,15982,TOKI SUNTORY JAPANESE WHISKY,6,750,20.99,31.49,6,188.94,4.50,1.18
INV-65782200011,2023-12-29T00:00:00.000,3644,WAL-MART 2764 / ALTOONA,3501 8TH ST SW,ALTOONA,50009,POINT (-93.504838959 41.646988006),,POLK,1011400,TENNESSEE WHISKIES,085,BROWN FORMAN CORP.,16222,JACK DANIELS BONDED 100PRF DOM,6,700,22.00,33.00,6,198.00,4.20,1.10
INV-65782200013,2023-12-29T00:00:00.000,3644,WAL-MART 2764 / ALTOONA,3501 8TH ST SW,ALTOONA,50009,POINT (-93.504838959 41.646988006),,POLK,1011200,STRAIGHT BOURBON WHISKIES,065,JIM BEAM BRANDS,19064,JIM BEAM,24,375,5.60,8.40,24,201.60,9.00,2.37
INV-65782200014,2023-12-29T00:00:00.000,3644,WAL-MART 2764 / ALTOONA,3501 8TH ST SW,ALTOONA,50009,POINT (-93.504838959 41.646988006),,POLK,1011200,STRAIGHT BOURBON WHISKIES,065,JIM BEAM BRANDS,19478,MAKERS MARK,6,1750,34.00,51.00,6,306.00,10.50,2.77
INV-65782200015,2023-12-29T00:00:00.000,3644,WAL-MART 2764 / ALTOONA,3501 8TH ST SW,ALTOONA,50009,POINT (-93.504838959 41.646988006),,POLK,1011200,STRAIGHT BOURBON WHISKIES,085,BROWN FORMAN CORP.,22215,WOODFORD RESERVE,12,750,23.50,35.25,12,423.00,9.00,2.37
INV-65782200016,2023-12-29T00:00:00.000,3644,WAL-MART 2764 / ALTOONA,3501 8TH ST SW,ALTOONA,50009,POINT (-93.504838959 41.646988006),,POLK,1011100,BLENDED WHISKIES,065,JIM BEAM BRANDS,22786,BEAMS 8 STAR BL WHISKEY,12,750,4.00,6.00,12,72.00,9.00,2.37
INV-65782200017,2023-12-29T00:00:00.000,3644,WAL-MART 2764 / ALTOONA,3501 8TH ST SW,ALTOONA,50009,POINT (-93.504838959 41.646988006),,POLK,1011100,BLENDED WHISKIES,297,LAIRD & COMPANY,23828,FIVE STAR,6,1750,8.39,12.59,6,75.54,10.50,2.77
INV-65782200018,2023-12-29T00:00:00.000,3644,WAL-MART 2764 / ALTOONA,3501 8TH ST SW,ALTOONA,50009,POINT (-93.504838959 41.646988006),,POLK,1011100,BLENDED WHISKIES,065,JIM BEAM BRANDS,24458,KESSLER BLEND WHISKEY,6,1750,11.00,16.50,6,99.00,10.50,2.77
INV-65782200019,2023-12-29T00:00:00.000,3644,WAL-MART 2764 / ALTOONA,3501 8TH ST SW,ALTOONA,50009,POINT (-93.504838959 41.646988006),,POLK,1011100,BLENDED WHISKIES,260,DIAGEO AMERICAS,25608,SEAGRAMS 7 CROWN,6,1750,13.99,20.99,6,125.94,10.50,2.77
INV-65782200020,2023-12-29T00:00:00.000,3644,WAL-MART 2764 / ALTOONA,3501 8TH ST SW,ALTOONA,50009,POINT (-93.504838959 41.646988006),,POLK,1011400,TENNESSEE WHISKIES,085,BROWN FORMAN CORP.,26820,JACK DANIELS OLD #7 BLACK LABEL FLAT,24,375,8.25,12.38,24,297.12,9.00,2.37
INV-65782200021,2023-12-29T00:00:00.000,3644,WAL-MART 2764 / ALTOONA,3501 8TH ST SW,ALTOONA,50009,POINT (-93.504838959 41.646988006),,POLK,1011100,BLENDED WHISKIES,065,JIM BEAM BRANDS,27544,RED STAG BLACK CHERRY,12,750,11.00,16.50,12,198.00,9.00,2.37
INV-65782200022,2023-12-29T00:00:00.000,3644,WAL-MART 2764 / ALTOONA,3501 8TH ST SW,ALTOONA,50009,POINT (-93.504838959 41.646988006),,POLK,1041100,AMERICAN DRY GINS,434,LUXCO INC,30528,HAWKEYE GIN,6,1750,7.75,11.63,6,69.78,10.50,2.77
INV-65782200023,2023-12-29T00:00:00.000,3644,WAL-MART 2764 / ALTOONA,3501 8TH ST SW,ALTOONA,50009,POINT (-93.504838959 41.646988006),,POLK,1041100,AMERICAN DRY GINS,434,LUXCO INC,31658,PARAMOUNT GIN,6,1750,7.75,11.63,6,69.78,10.50,2.77
INV-65782200024,2023-12-29T00:00:00.000,3644,WAL-MART 2764 / ALTOONA,3501 8TH ST SW,ALTOONA,50009,POINT (-93.504838959 41.646988006),,POLK,1031200,AMERICAN FLAVORED VODKA,115,CONSTELLATION BRANDS INC,33663,SVEDKA STRAWBERRY LEMONADE,12,750,8.00,12.00,12,144.00,9.00,2.37
INV-65782200025,2023-12-29T00:00:00.000,3644,WAL-MART 2764 / ALTOONA,3501 8TH ST SW,ALTOONA,50009,POINT (-93.504838959 41.646988006),,POLK,1032100,IMPORTED VODKAS,035,BACARDI USA INC,34425,GREY GOOSE,6,1750,27.00,40.50,6,243.00,10.50,2.77
INV-65782200026,2023-12-29T00:00:00.000,3644,WAL-MART 2764 / ALTOONA,3501 8TH ST SW,ALTOONA,50009,POINT (-93.504838959 41.646988006),,POLK,1032100,IMPORTED VODKAS,035,BACARDI USA INC,34433,GREY GOOSE,12,750,15.50,23.25,12,279.00,9.00,2.37
INV-65782200027,2023-12-29T00:00:00.000,3644,WAL-MART 2764 / ALTOONA,3501 8TH ST SW,ALTOONA,50009,POINT (-93.504838959 41.646988006),,POLK,1032100,IMPORTED VODKAS,260,DIAGEO AMERICAS,34456,KETEL ONE,12,750,11.33,17.00,12,204.00,9.00,2.37
INV-65782200028,2023-12-29T00:00:00.000,3644,WAL-MART 2764 / ALTOONA,3501 8TH ST SW,ALTOONA,50009,POINT (-93.504838959 41.646988006),,POLK,1031100,AMERICAN VODKAS,065,JIM BEAM BRANDS,34578,PINNACLE,6,1750,10.00,15.00,6,90.00,10.50,2.77
INV-65782200029,2023-12-29T00:00:00.000,3644,WAL-MART 2764 / ALTOONA,3501 8TH ST SW,ALTOONA,50009,POINT (-93.504838959 41.646988006),,POLK,1032100,IMPORTED VODKAS,240,WILLIAM GRANT & SONS INC,34753,REYKA VODKA,6,750,10.97,16.46,6,98.76,4.50,1.18
INV-65782200030,2023-12-29T00:00:00.000,3644,WAL-MART 2764 / ALTOONA,3501 8TH ST SW,ALTOONA,50009,POINT (-93.504838959 41.646988006),,POLK,1031100,AMERICAN VODKAS,434,LUXCO INC,36308,HAWKEYE VODKA,6,1750,7.50,11.25,12,135.00,21.00,5.54
INV-65782200031,2023-12-29T00:00:00.000,3644,WAL-MART 2764 / ALTOONA,3501 8TH ST SW,ALTOONA,50009,POINT (-93.504838959 41.646988006),,POLK,1031200,AMERICAN FLAVORED VODKA,115,CONSTELLATION BRANDS INC,36576,SVEDKA BLUE RASPBERRY,12,750,8.00,12.00,12,144.00,9.00,2.37
INV-65782200032,2023-12-29T00:00:00.000,3644,WAL-MART 2764 / ALTOONA,3501 8TH ST SW,ALTOONA,50009,POINT (-93.504838959 41.646988006),,POLK,1031100,AMERICAN VODKAS,777,"BLUE OX SPIRITS, INC.",36875,BLUE OX VODKA,6,1750,7.63,11.45,12,137.40,21.00,5.54
INV-65782200033,2023-12-29T00:00:00.000,3644,WAL-MART 2764 / ALTOONA,3501 8TH ST SW,ALTOONA,50009,POINT (-93.504838959 41.646988006),,POLK,1031100,AMERICAN VODKAS,205,E & J GALLO WINERY,36969,NEW AMSTERDAM 80PRF,12,750,8.00,12.00,12,144.00,9.00,2.37
INV-65782200034,2023-12-29T00:00:00.000,3644,WAL-MART 2764 / ALTOONA,3501 8TH ST SW,ALTOONA,50009,POINT (-93.504838959 41.646988006),,POLK,1031100,AMERICAN VODKAS,205,E & J GALLO WINERY,36971,NEW AMSTERDAM 80PRF,6,1750,14.00,21.00,6,132.78,10.50,2.77
INV-65782200035,2023-12-29T00:00:00.000,3644,WAL-MART 2764 / ALTOONA,3501 8TH ST SW,ALTOONA,50009,POINT (-93.504838959 41.646988006),,POLK,1031100,AMERICAN VODKAS,260,DIAGEO AMERICAS,37996,SMIRNOFF 80PRF,12,750,8.25,12.38,12,148.56,9.00,2.37
INV-65782200036,2023-12-29T00:00:00.000,3644,WAL-MART 2764 / ALTOONA,3501 8TH ST SW,ALTOONA,50009,POINT (-93.504838959 41.646988006),,POLK,1031100,AMERICAN VODKAS,260,DIAGEO AMERICAS,38008,SMIRNOFF 80PRF PET,6,1750,14.75,22.13,6,132.78,10.50,2.77
INV-65782200037,2023-12-29T00:00:00.000,3644,WAL-MART 2764 / ALTOONA,3501 8TH ST SW,ALTOONA,50009,POINT (-93.504838959 41.646988006),,POLK,1031100,AMERICAN VODKAS,421,SAZERAC COMPANY  INC,38086,PLATINUM 7X VODKA PET,12,750,5.00,7.50,12,90.00,9.00,2.37
INV-65782200038,2023-12-29T00:00:00.000,3644,WAL-MART 2764 / ALTOONA,3501 8TH ST SW,ALTOONA,50009,POINT (-93.504838959 41.646988006),,POLK,1031100,AMERICAN VODKAS,301,FIFTH GENERATION INC,38174,TITOS HANDMADE VODKA,12,375,5.42,8.13,12,97.56,4.50,1.18
INV-65782200039,2023-12-29T00:00:00.000,3644,WAL-MART 2764 / ALTOONA,3501 8TH ST SW,ALTOONA,50009,POINT (-93.504838959 41.646988006),,POLK,1031100,AMERICAN VODKAS,301,FIFTH GENERATION INC,38176,TITOS HANDMADE VODKA,12,750,10.00,15.00,24,360.00,18.00,4.75
INV-65782200040,2023-12-29T00:00:00.000,3644,WAL-MART 2764 / ALTOONA,3501 8TH ST SW,ALTOONA,50009,POINT (-93.504838959 41.646988006),,POLK,1031100,AMERICAN VODKAS,301,FIFTH GENERATION INC,38178,TITOS HANDMADE VODKA,6,1750,19.00,28.50,12,342.00,21.00,5.54
INV-65782200041,2023-12-29T00:00:00.000,3644,WAL-MART 2764 / ALTOONA,3501 8TH ST SW,ALTOONA,50009,POINT (-93.504838959 41.646988006),,POLK,1031200,AMERICAN FLAVORED VODKA,421,SAZERAC COMPANY  INC,39752,CALIBER CITRUS VODKA,12,750,3.31,4.97,12,59.64,9.00,2.37
INV-65782200042,2023-12-29T00:00:00.000,3644,WAL-MART 2764 / ALTOONA,3501 8TH ST SW,ALTOONA,50009,POINT (-93.504838959 41.646988006),,POLK,1031200,AMERICAN FLAVORED VODKA,421,SAZERAC COMPANY  INC,39753,CALIBER CITRUS VODKA,6,1750,6.92,10.38,12,124.56,21.00,5.54
INV-65782200043,2023-12-29T00:00:00.000,3644,WAL-MART 2764 / ALTOONA,3501 8TH ST SW,ALTOONA,50009,POINT (-93.504838959 41.646988006),,POLK,1062500,FLAVORED RUM,370,PERNOD RICARD USA,42687,MALIBU BLACK,12,750,8.99,13.49,12,161.88,9.00,2.37
INV-65782200044,2023-12-29T00:00:00.000,3644,WAL-MART 2764 / ALTOONA,3501 8TH ST SW,ALTOONA,50009,POINT (-93.504838959 41.646988006),,POLK,1062500,FLAVORED RUM,370,PERNOD RICARD USA,42703,MALIBU PINEAPPLE,12,750,8.99,13.49,12,161.88,9.00,2.37
INV-65782200045,2023-12-29T00:00:00.000,3644,WAL-MART 2764 / ALTOONA,3501 8TH ST SW,ALTOONA,50009,POINT (-93.504838959 41.646988006),,POLK,1062500,FLAVORED RUM,370,PERNOD RICARD USA,42718,MALIBU COCONUT,6,1750,19.49,29.24,6,175.44,10.50,2.77
INV-65782200046,2023-12-29T00:00:00.000,3644,WAL-MART 2764 / ALTOONA,3501 8TH ST SW,ALTOONA,50009,POINT (-93.504838959 41.646988006),,POLK,1062400,SPICED RUM,259,HEAVEN HILL BRANDS,43026,ADMIRAL NELSON SPICED,12,750,6.50,9.75,12,117.00,9.00,2.37
INV-65782200047,2023-12-29T00:00:00.000,3644,WAL-MART 2764 / ALTOONA,3501 8TH ST SW,ALTOONA,50009,POINT (-93.504838959 41.646988006),,POLK,1062100,GOLD RUM,035,BACARDI USA INC,43036,BACARDI GOLD,12,750,8.76,13.14,12,157.68,9.00,2.37
INV-65782200048,2023-12-29T00:00:00.000,3644,WAL-MART 2764 / ALTOONA,3501 8TH ST SW,ALTOONA,50009,POINT (-93.504838959 41.646988006),,POLK,1062200,WHITE RUM,035,BACARDI USA INC,43126,BACARDI SUPERIOR,12,750,8.76,13.14,12,157.68,9.00,2.37
INV-65782200049,2023-12-29T00:00:00.000,3644,WAL-MART 2764 / ALTOONA,3501 8TH ST SW,ALTOONA,50009,POINT (-93.504838959 41.646988006),,POLK,1062500,FLAVORED RUM,035,BACARDI USA INC,43138,BACARDI LIMON,6,1750,15.50,23.25,6,139.50,10.50,2.77
INV-65782200050,2023-12-29T00:00:00.000,3644,WAL-MART 2764 / ALTOONA,3501 8TH ST SW,ALTOONA,50009,POINT (-93.504838959 41.646988006),,POLK,1062400,SPICED RUM,035,BACARDI USA INC,43205,BACARDI SPICED RUM,12,750,8.00,12.00,12,144.00,9.00,2.37
INV-65782200052,2023-12-29T00:00:00.000,3644,WAL-MART 2764 / ALTOONA,3501 8TH ST SW,ALTOONA,50009,POINT (-93.504838959 41.646988006),,POLK,1062400,SPICED RUM,260,DIAGEO AMERICAS,43336,CAPTAIN MORGAN ORIGINAL SPICED,12,750,9.49,14.24,12,170.88,9.00,2.37
INV-65782200053,2023-12-29T00:00:00.000,3644,WAL-MART 2764 / ALTOONA,3501 8TH ST SW,ALTOONA,50009,POINT (-93.504838959 41.646988006),,POLK,1062500,FLAVORED RUM,421,SAZERAC COMPANY  INC,43410,PARROT BAY COCONUT,12,750,6.50,9.75,12,117.00,9.00,2.37
INV-65782200054,2023-12-29T00:00:00.000,3644,WAL-MART 2764 / ALTOONA,3501 8TH ST SW,ALTOONA,50009,POINT (-93.504838959 41.646988006),,POLK,1062200,WHITE RUM,434,LUXCO INC,45278,PARAMOUNT WHITE RUM,6,1750,8.00,12.00,6,72.00,10.50,2.77
INV-65782200055,2023-12-29T00:00:00.000,3644,WAL-MART 2764 / ALTOONA,3501 8TH ST SW,ALTOONA,50009,POINT (-93.504838959 41.646988006),,POLK,1062200,WHITE RUM,421,SAZERAC COMPANY  INC,46142,CALIBER SILVER RUM,6,1750,7.36,11.04,6,66.24,10.50,2.77
INV-65782200056,2023-12-29T00:00:00.000,3644,WAL-MART 2764 / ALTOONA,3501 8TH ST SW,ALTOONA,50009,POINT (-93.504838959 41.646988006),,POLK,1062200,WHITE RUM,434,LUXCO INC,46350,HAWKEYE LIGHT RUM,6,1750,9.00,13.50,6,81.00,10.50,2.77
INV-65782200057,2023-12-29T00:00:00.000,3644,WAL-MART 2764 / ALTOONA,3501 8TH ST SW,ALTOONA,50009,POINT (-93.504838959 41.646988006),,POLK,1051100,AMERICAN BRANDIES,259,HEAVEN HILL BRANDS,52316,CHRISTIAN BROS BRANDY,12,750,6.50,9.75,12,108.00,9.00,2.37
INV-65782200059,2023-12-29T00:00:00.000,3644,WAL-MART 2764 / ALTOONA,3501 8TH ST SW,ALTOONA,50009,POINT (-93.504838959 41.646988006),,POLK,1051100,AMERICAN BRANDIES,421,SAZERAC COMPANY  INC,53216,PAUL MASSON GRANDE AMBER BRANDY VS,12,750,6.41,9.62,12,115.44,9.00,2.37
INV-65782200060,2023-12-29T00:00:00.000,3644,WAL-MART 2764 / ALTOONA,3501 8TH ST SW,ALTOONA,50009,POINT (-93.504838959 41.646988006),,POLK,1051100,AMERICAN BRANDIES,259,HEAVEN HILL BRANDS,56006,CHRISTIAN BROS PEACH,12,750,6.50,9.75,12,108.00,9.00,2.37
INV-65782200061,2023-12-29T00:00:00.000,3644,WAL-MART 2764 / ALTOONA,3501 8TH ST SW,ALTOONA,50009,POINT (-93.504838959 41.646988006),,POLK,1071000,COCKTAILS/RTD,395,PROXIMO,58868,JOSE CUERVO AUTHENTIC STRAWBERRY LIME MARGARITA,6,1750,8.74,13.11,6,78.66,10.50,2.77
INV-65782200062,2023-12-29T00:00:00.000,3644,WAL-MART 2764 / ALTOONA,3501 8TH ST SW,ALTOONA,50009,POINT (-93.504838959 41.646988006),,POLK,1071000,COCKTAILS/RTD,395,PROXIMO,58872,JOSE CUERVO AUTHENTIC LIGHT LIME MARGARITA,6,1750,8.74,13.11,6,78.66,10.50,2.77
INV-65782200063,2023-12-29T00:00:00.000,3644,WAL-MART 2764 / ALTOONA,3501 8TH ST SW,ALTOONA,50009,POINT (-93.504838959 41.646988006),,POLK,1071000,COCKTAILS/RTD,065,JIM BEAM BRANDS,63347,ON THE ROCKS COCKTAILS KNOB CREEK BOURBON OLD FASHIONED,12,375,6.50,9.75,12,117.00,4.50,1.18
INV-65782200064,2023-12-29T00:00:00.000,3644,WAL-MART 2764 / ALTOONA,3501 8TH ST SW,ALTOONA,50009,POINT (-93.504838959 41.646988006),,POLK,1081600,WHISKEY LIQUEUR,421,SAZERAC COMPANY  INC,64867,FIREBALL CINNAMON WHISKEY,12,1000,12.00,18.00,12,216.00,12.00,3.17
INV-65782200065,2023-12-29T00:00:00.000,3644,WAL-MART 2764 / ALTOONA,3501 8TH ST SW,ALTOONA,50009,POINT (-93.504838959 41.646988006),,POLK,1082100,IMPORTED CORDIALS & LIQUEURS,259,HEAVEN HILL BRANDS,65195,HPNOTIQ,6,750,12.00,18.00,6,108.00,4.50,1.18
INV-65782200066,2023-12-29T00:00:00.000,3644,WAL-MART 2764 / ALTOONA,3501 8TH ST SW,ALTOONA,50009,POINT (-93.504838959 41.646988006),,POLK,1082100,IMPORTED CORDIALS & LIQUEURS,192,"MAST-JAGERMEISTER US, INC",65256,JAGERMEISTER LIQUEUR,12,750,14.35,21.53,12,258.36,9.00,2.37
INV-65782200067,2023-12-29T00:00:00.000,3644,WAL-MART 2764 / ALTOONA,3501 8TH ST SW,ALTOONA,50009,POINT (-93.504838959 41.646988006),,POLK,1082100,IMPORTED CORDIALS & LIQUEURS,368,PARK STREET IMPORTS,65426,LICOR 43,12,750,14.50,21.75,12,261.00,9.00,2.37
INV-65782200068,2023-12-29T00:00:00.000,3644,WAL-MART 2764 / ALTOONA,3501 8TH ST SW,ALTOONA,50009,POINT (-93.504838959 41.646988006),,POLK,1081100,COFFEE LIQUEURS,370,PERNOD RICARD USA,67526,KAHLUA COFFEE,12,750,14.99,22.49,12,269.88,9.00,2.37
INV-65782200071,2023-12-29T00:00:00.000,3644,WAL-MART 2764 / ALTOONA,3501 8TH ST SW,ALTOONA,50009,POINT (-93.504838959 41.646988006),,POLK,1082200,IMPORTED SCHNAPPS,260,DIAGEO AMERICAS,69946,RUMPLE MINZE PEPPERMINT SCHNAPPS LIQUEUR,12,750,13.99,20.99,12,251.88,9.00,2.37
INV-65782200072,2023-12-29T00:00:00.000,3644,WAL-MART 2764 / ALTOONA,3501 8TH ST SW,ALTOONA,50009,POINT (-93.504838959 41.646988006),,POLK,1081200,CREAM LIQUEURS,205,E & J GALLO WINERY,73055,RUMCHATA,12,750,14.00,21.00,24,504.00,18.00,4.75
INV-65782200073,2023-12-29T00:00:00.000,3644,WAL-MART 2764 / ALTOONA,3501 8TH ST SW,ALTOONA,50009,POINT (-93.504838959 41.646988006),,POLK,1032200,IMPORTED FLAVORED VODKA,260,DIAGEO AMERICAS,75165,KETEL ONE BOTANICAL CUCUMBER & MINT,12,750,11.33,17.00,12,204.00,9.00,2.37
INV-65782200074,2023-12-29T00:00:00.000,3644,WAL-MART 2764 / ALTOONA,3501 8TH ST SW,ALTOONA,50009,POINT (-93.504838959 41.646988006),,POLK,1031200,AMERICAN FLAVORED VODKA,260,DIAGEO AMERICAS,77683,SMIRNOFF KISSED CARAMEL,12,750,8.25,12.38,12,148.56,9.00,2.37
INV-65782200075,2023-12-29T00:00:00.000,3644,WAL-MART 2764 / ALTOONA,3501 8TH ST SW,ALTOONA,50009,POINT (-93.504838959 41.646988006),,POLK,1022200,100% AGAVE TEQUILA,192,"MAST-JAGERMEISTER US, INC",86139,TEREMANA ANEJO TEQUILA,6,750,21.32,31.98,6,191.88,4.50,1.18
INV-65782200076,2023-12-29T00:00:00.000,3644,WAL-MART 2764 / ALTOONA,3501 8TH ST SW,ALTOONA,50009,POINT (-93.504838959 41.646988006),,POLK,1011100,BLENDED WHISKIES,370,PERNOD RICARD USA,86438,SKREWBALL PEANUT BUTTER WHISKEY,12,375,7.99,11.99,12,143.88,4.50,1.18
INV-65782200077,2023-12-29T00:00:00.000,3644,WAL-MART 2764 / ALTOONA,3501 8TH ST SW,ALTOONA,50009,POINT (-93.504838959 41.646988006),,POLK,1091300,NEUTRAL GRAIN SPIRITS FLAVORED,346,OLE SMOKY DISTILLERY LLC,86785,OLE SMOKY APPLE PIE MOONSHINE 70PRF,6,750,13.00,19.50,6,117.00,4.50,1.18
INV-65782200078,2023-12-29T00:00:00.000,3644,WAL-MART 2764 / ALTOONA,3501 8TH ST SW,ALTOONA,50009,POINT (-93.504838959 41.646988006),,POLK,1011400,TENNESSEE WHISKIES,346,OLE SMOKY DISTILLERY LLC,87043,OLE SMOKY PEANUT BUTTER WHISKEY,6,750,11.00,16.50,6,99.00,4.50,1.18
INV-65782200079,2023-12-29T00:00:00.000,3644,WAL-MART 2764 / ALTOONA,3501 8TH ST SW,ALTOONA,50009,POINT (-93.504838959 41.646988006),,POLK,1022200,100% AGAVE TEQUILA,421,SAZERAC COMPANY  INC,87697,SOLANA REPOSADO,6,750,12.48,18.72,6,112.32,4.50,1.18
INV-65782200080,2023-12-29T00:00:00.000,3644,WAL-MART 2764 / ALTOONA,3501 8TH ST SW,ALTOONA,50009,POINT (-93.504838959 41.646988006),,POLK,1022200,100% AGAVE TEQUILA,421,SAZERAC COMPANY  INC,88036,MARGARITAVILLE SILVER TEQUILA,12,750,8.00,12.00,12,144.00,9.00,2.37
INV-65782300001,2023-12-29T00:00:00.000,5057,KUM & GO #535 / DES MOINES,4960 E BROADWAY AVE,DES MOINES,50317,POINT (-93.515045016 41.644869019),,POLK,1012100,CANADIAN WHISKIES,260,DIAGEO AMERICAS,10802,CROWN ROYAL PEACH,12,750,17.49,26.24,1,26.24,0.75,0.19
INV-65782300002,2023-12-29T00:00:00.000,5057,KUM & GO #535 / DES MOINES,4960 E BROADWAY AVE,DES MOINES,50317,POINT (-93.515045016 41.644869019),,POLK,1012100,CANADIAN WHISKIES,260,DIAGEO AMERICAS,10805,CROWN ROYAL REGAL APPLE,24,375,8.49,12.74,6,76.44,2.25,0.59
INV-65782300003,2023-12-29T00:00:00.000,5057,KUM & GO #535 / DES MOINES,4960 E BROADWAY AVE,DES MOINES,50317,POINT (-93.515045016 41.644869019),,POLK,1012100,CANADIAN WHISKIES,260,DIAGEO AMERICAS,10807,CROWN ROYAL REGAL APPLE,12,750,17.49,26.24,1,26.24,0.75,0.19
INV-65782300004,2023-12-29T00:00:00.000,5057,KUM & GO #535 / DES MOINES,4960 E BROADWAY AVE,DES MOINES,50317,POINT (-93.515045016 41.644869019),,POLK,1012100,CANADIAN WHISKIES,260,DIAGEO AMERICAS,11296,CROWN ROYAL,12,750,17.49,26.24,1,26.24,0.75,0.19
INV-65782300005,2023-12-29T00:00:00.000,5057,KUM & GO #535 / DES MOINES,4960 E BROADWAY AVE,DES MOINES,50317,POINT (-93.515045016 41.644869019),,POLK,1012100,CANADIAN WHISKIES,259,HEAVEN HILL BRANDS,11774,BLACK VELVET,24,375,3.25,4.88,8,39.04,3.00,0.79
INV-65782300006,2023-12-29T00:00:00.000,5057,KUM & GO #535 / DES MOINES,4960 E BROADWAY AVE,DES MOINES,50317,POINT (-93.515045016 41.644869019),,POLK,1012400,IRISH WHISKIES,370,PERNOD RICARD USA,15626,JAMESON,12,750,17.49,26.24,2,52.48,1.50,0.39
INV-65782300007,2023-12-29T00:00:00.000,5057,KUM & GO #535 / DES MOINES,4960 E BROADWAY AVE,DES MOINES,50317,POINT (-93.515045016 41.644869019),,POLK,1011200,STRAIGHT BOURBON WHISKIES,065,JIM BEAM BRANDS,19066,JIM BEAM,12,750,11.00,16.50,1,16.50,0.75,0.19
INV-65782300008,2023-12-29T00:00:00.000,5057,KUM & GO #535 / DES MOINES,4960 E BROADWAY AVE,DES MOINES,50317,POINT (-93.515045016 41.644869019),,POLK,1011400,TENNESSEE WHISKIES,085,BROWN FORMAN CORP.,26821,JACK DANIELS OLD #7 BLACK LABEL MINI,12,50,11.50,17.25,1,17.25,0.05,0.01
INV-65782300009,2023-12-29T00:00:00.000,5057,KUM & GO #535 / DES MOINES,4960 E BROADWAY AVE,DES MOINES,50317,POINT (-93.515045016 41.644869019),,POLK,1011600,STRAIGHT RYE WHISKIES,260,DIAGEO AMERICAS,27025,BULLEIT 95 RYE,12,750,17.99,26.99,6,161.94,4.50,1.18
INV-65782300010,2023-12-29T00:00:00.000,5057,KUM & GO #535 / DES MOINES,4960 E BROADWAY AVE,DES MOINES,50317,POINT (-93.515045016 41.644869019),,POLK,1011200,STRAIGHT BOURBON WHISKIES,065,JIM BEAM BRANDS,28275,JIM BEAM PEACH MINI,12,50,7.00,10.50,2,21.00,0.10,0.02
INV-65782300011,2023-12-29T00:00:00.000,5057,KUM & GO #535 / DES MOINES,4960 E BROADWAY AVE,DES MOINES,50317,POINT (-93.515045016 41.644869019),,POLK,1032100,IMPORTED VODKAS,370,PERNOD RICARD USA,34001,ABSOLUT SWEDISH VODKA 80PRF MINI,10,50,7.92,11.88,1,11.88,0.05,0.01
INV-65782300012,2023-12-29T00:00:00.000,5057,KUM & GO #535 / DES MOINES,4960 E BROADWAY AVE,DES MOINES,50317,POINT (-93.515045016 41.644869019),,POLK,1031100,AMERICAN VODKAS,434,LUXCO INC,36304,HAWKEYE VODKA,24,375,2.00,3.00,8,24.00,3.00,0.79
INV-65782300013,2023-12-29T00:00:00.000,5057,KUM & GO #535 / DES MOINES,4960 E BROADWAY AVE,DES MOINES,50317,POINT (-93.515045016 41.644869019),,POLK,1031100,AMERICAN VODKAS,434,LUXCO INC,36306,HAWKEYE VODKA,12,750,3.50,5.25,12,63.00,9.00,2.37
INV-65782300014,2023-12-29T00:00:00.000,5057,KUM & GO #535 / DES MOINES,4960 E BROADWAY AVE,DES MOINES,50317,POINT (-93.515045016 41.644869019),,POLK,1031100,AMERICAN VODKAS,777,"BLUE OX SPIRITS, INC.",36873,BLUE OX VODKA,12,750,3.90,5.85,12,70.20,9.00,2.37
INV-65782300015,2023-12-29T00:00:00.000,5057,KUM & GO #535 / DES MOINES,4960 E BROADWAY AVE,DES MOINES,50317,POINT (-93.515045016 41.644869019),,POLK,1031100,AMERICAN VODKAS,195,SWELL LIQUOR LLC,38056,SWELL VODKA,12,750,6.00,9.00,2,18.00,1.50,0.39
INV-65782300016,2023-12-29T00:00:00.000,5057,KUM & GO #535 / DES MOINES,4960 E BROADWAY AVE,DES MOINES,50317,POINT (-93.515045016 41.644869019),,POLK,1031100,AMERICAN VODKAS,301,FIFTH GENERATION INC,38174,TITOS HANDMADE VODKA,12,375,5.42,8.13,3,24.39,1.12,0.29
INV-65782300017,2023-12-29T00:00:00.000,5057,KUM & GO #535 / DES MOINES,4960 E BROADWAY AVE,DES MOINES,50317,POINT (-93.515045016 41.644869019),,POLK,1031100,AMERICAN VODKAS,301,FIFTH GENERATION INC,38177,TITOS HANDMADE VODKA,12,1000,13.17,19.76,2,39.52,2.00,0.52
INV-65782300018,2023-12-29T00:00:00.000,5057,KUM & GO #535 / DES MOINES,4960 E BROADWAY AVE,DES MOINES,50317,POINT (-93.515045016 41.644869019),,POLK,1031100,AMERICAN VODKAS,301,FIFTH GENERATION INC,38178,TITOS HANDMADE VODKA,6,1750,19.00,28.50,1,28.50,1.75,0.46
INV-65782300019,2023-12-29T00:00:00.000,5057,KUM & GO #535 / DES MOINES,4960 E BROADWAY AVE,DES MOINES,50317,POINT (-93.515045016 41.644869019),,POLK,1031100,AMERICAN VODKAS,301,FIFTH GENERATION INC,38194,TITOS HANDMADE VODKA MINI,5,50,12.80,19.20,1,19.20,0.05,0.01
INV-65782300020,2023-12-29T00:00:00.000,5057,KUM & GO #535 / DES MOINES,4960 E BROADWAY AVE,DES MOINES,50317,POINT (-93.515045016 41.644869019),,POLK,1031200,AMERICAN FLAVORED VODKA,205,E & J GALLO WINERY,39492,NEW AMSTERDAM PINK WHITNEY,12,750,8.00,12.00,3,36.00,2.25,0.59
INV-65782300021,2023-12-29T00:00:00.000,5057,KUM & GO #535 / DES MOINES,4960 E BROADWAY AVE,DES MOINES,50317,POINT (-93.515045016 41.644869019),,POLK,1062200,WHITE RUM,035,BACARDI USA INC,43124,BACARDI SUPERIOR,24,375,5.00,7.50,3,22.50,1.12,0.29
INV-65782300022,2023-12-29T00:00:00.000,5057,KUM & GO #535 / DES MOINES,4960 E BROADWAY AVE,DES MOINES,50317,POINT (-93.515045016 41.644869019),,POLK,1062200,WHITE RUM,434,LUXCO INC,45278,PARAMOUNT WHITE RUM,6,1750,8.00,12.00,3,36.00,5.25,1.38
INV-65782300023,2023-12-29T00:00:00.000,5057,KUM & GO #535 / DES MOINES,4960 E BROADWAY AVE,DES MOINES,50317,POINT (-93.515045016 41.644869019),,POLK,1081600,WHISKEY LIQUEUR,421,SAZERAC COMPANY  INC,64858,FIREBALL CINNAMON WHISKEY MINI DISPENSER,1,50,25.80,38.70,1,38.70,0.05,0.01
INV-65782300024,2023-12-29T00:00:00.000,5057,KUM & GO #535 / DES MOINES,4960 E BROADWAY AVE,DES MOINES,50317,POINT (-93.515045016 41.644869019),,POLK,1081600,WHISKEY LIQUEUR,421,SAZERAC COMPANY  INC,64864,FIREBALL CINNAMON WHISKEY,24,375,5.33,8.00,8,64.00,3.00,0.79
INV-65782300025,2023-12-29T00:00:00.000,5057,KUM & GO #535 / DES MOINES,4960 E BROADWAY AVE,DES MOINES,50317,POINT (-93.515045016 41.644869019),,POLK,1081600,WHISKEY LIQUEUR,421,SAZERAC COMPANY  INC,64866,FIREBALL CINNAMON WHISKEY,12,750,9.00,13.50,2,27.00,1.50,0.39
INV-65782300026,2023-12-29T00:00:00.000,5057,KUM & GO #535 / DES MOINES,4960 E BROADWAY AVE,DES MOINES,50317,POINT (-93.515045016 41.644869019),,POLK,1081600,WHISKEY LIQUEUR,421,SAZERAC COMPANY  INC,64868,FIREBALL CINNAMON WHISKEY,6,1750,16.00,24.00,1,24.00,1.75,0.46
INV-65782300027,2023-12-29T00:00:00.000,5057,KUM & GO #535 / DES MOINES,4960 E BROADWAY AVE,DES MOINES,50317,POINT (-93.515045016 41.644869019),,POLK,1081600,WHISKEY LIQUEUR,421,SAZERAC COMPANY  INC,64870,FIREBALL CINNAMON WHISKEY,48,100,1.00,1.50,96,144.00,9.60,2.53
INV-65782300028,2023-12-29T00:00:00.000,5057,KUM & GO #535 / DES MOINES,4960 E BROADWAY AVE,DES MOINES,50317,POINT (-93.515045016 41.644869019),,POLK,1081600,WHISKEY LIQUEUR,421,SAZERAC COMPANY  INC,65013,FIREBALL CINNAMON WHISKEY MINI SLEEVE,12,50,4.30,6.45,24,154.80,1.20,0.31
INV-65782300029,2023-12-29T00:00:00.000,5057,KUM & GO #535 / DES MOINES,4960 E BROADWAY AVE,DES MOINES,50317,POINT (-93.515045016 41.644869019),,POLK,1081300,AMERICAN CORDIALS & LIQUEURS,421,SAZERAC COMPANY  INC,84142,99 PEACHES PET MINI,1,50,51.60,77.40,1,77.40,0.05,0.01
INV-65782300030,2023-12-29T00:00:00.000,5057,KUM & GO #535 / DES MOINES,4960 E BROADWAY AVE,DES MOINES,50317,POINT (-93.515045016 41.644869019),,POLK,1081400,AMERICAN SCHNAPPS,421,SAZERAC COMPANY  INC,84172,99 BANANAS MINI,1,50,51.60,77.40,1,77.40,0.05,0.01
INV-65782300031,2023-12-29T00:00:00.000,5057,KUM & GO #535 / DES MOINES,4960 E BROADWAY AVE,DES MOINES,50317,POINT (-93.515045016 41.644869019),,POLK,1081300,AMERICAN CORDIALS & LIQUEURS,421,SAZERAC COMPANY  INC,84393,99 WATERMELON PET MINI,1,50,51.60,77.40,1,77.40,0.05,0.01
INV-65782300032,2023-12-29T00:00:00.000,5057,KUM & GO #535 / DES MOINES,4960 E BROADWAY AVE,DES MOINES,50317,POINT (-93.515045016 41.644869019),,POLK,1091300,NEUTRAL GRAIN SPIRITS FLAVORED,346,OLE SMOKY DISTILLERY LLC,86739,OLE SMOKY APPLE PIE MOONSHINE 70PRF MINI,8,50,8.75,13.13,1,13.13,0.05,0.01
INV-65782300033,2023-12-29T00:00:00.000,5057,KUM & GO #535 / DES MOINES,4960 E BROADWAY AVE,DES MOINES,50317,POINT (-93.515045016 41.644869019),,POLK,1022100,MIXTO TEQUILA,395,PROXIMO,89196,JOSE CUERVO ESPECIAL REPOSADO,12,750,12.00,18.00,1,18.00,0.75,0.19
INV-65782400001,2023-12-29T00:00:00.000,4433,KUM & GO #1024  PLEASANT HILL,5970 MORNING STAR CT,PLEASANT HILL,50317,POINT (-93.492333998 41.597941006),,POLK,1012100,CANADIAN WHISKIES,260,DIAGEO AMERICAS,10802,CROWN ROYAL PEACH,12,750,17.49,26.24,2,52.48,1.50,0.39
INV-65782400002,2023-12-29T00:00:00.000,4433,KUM & GO #1024  PLEASANT HILL,5970 MORNING STAR CT,PLEASANT HILL,50317,POINT (-93.492333998 41.597941006),,POLK,1012100,CANADIAN WHISKIES,260,DIAGEO AMERICAS,10803,CROWN ROYAL REGAL APPLE MINI,10,50,9.95,14.93,2,29.86,0.10,0.02
INV-65782400003,2023-12-29T00:00:00.000,4433,KUM & GO #1024  PLEASANT HILL,5970 MORNING STAR CT,PLEASANT HILL,50317,POINT (-93.492333998 41.597941006),,POLK,1012100,CANADIAN WHISKIES,260,DIAGEO AMERICAS,11296,CROWN ROYAL,12,750,17.49,26.24,4,104.96,3.00,0.79
INV-65782400004,2023-12-29T00:00:00.000,4433,KUM & GO #1024  PLEASANT HILL,5970 MORNING STAR CT,PLEASANT HILL,50317,POINT (-93.492333998 41.597941006),,POLK,1011200,STRAIGHT BOURBON WHISKIES,065,JIM BEAM BRANDS,19061,JIM BEAM MINI,12,50,7.00,10.50,1,10.50,0.05,0.01
INV-65782400005,2023-12-29T00:00:00.000,4433,KUM & GO #1024  PLEASANT HILL,5970 MORNING STAR CT,PLEASANT HILL,50317,POINT (-93.492333998 41.597941006),,POLK,1011200,STRAIGHT BOURBON WHISKIES,065,JIM BEAM BRANDS,19064,JIM BEAM,24,375,5.60,8.40,4,33.60,1.50,0.39
INV-65782400006,2023-12-29T00:00:00.000,4433,KUM & GO #1024  PLEASANT HILL,5970 MORNING STAR CT,PLEASANT HILL,50317,POINT (-93.492333998 41.597941006),,POLK,1011200,STRAIGHT BOURBON WHISKIES,065,JIM BEAM BRANDS,19066,JIM BEAM,12,750,11.00,16.50,1,16.50,0.75,0.19
INV-65782400007,2023-12-29T00:00:00.000,4433,KUM & GO #1024  PLEASANT HILL,5970 MORNING STAR CT,PLEASANT HILL,50317,POINT (-93.492333998 41.597941006),,POLK,1011400,TENNESSEE WHISKIES,085,BROWN FORMAN CORP.,26821,JACK DANIELS OLD #7 BLACK LABEL MINI,12,50,11.50,17.25,2,34.50,0.10,0.02
INV-65782400008,2023-12-29T00:00:00.000,4433,KUM & GO #1024  PLEASANT HILL,5970 MORNING STAR CT,PLEASANT HILL,50317,POINT (-93.492333998 41.597941006),,POLK,1031100,AMERICAN VODKAS,777,"BLUE OX SPIRITS, INC.",36873,BLUE OX VODKA,12,750,3.90,5.85,4,23.40,3.00,0.79
INV-65782400009,2023-12-29T00:00:00.000,4433,KUM & GO #1024  PLEASANT HILL,5970 MORNING STAR CT,PLEASANT HILL,50317,POINT (-93.492333998 41.597941006),,POLK,1031100,AMERICAN VODKAS,300,MCCORMICK DISTILLING CO.,36904,MCCORMICK 80PRF VODKA PET,24,375,1.84,2.76,8,22.08,3.00,0.79
INV-65782400010,2023-12-29T00:00:00.000,4433,KUM & GO #1024  PLEASANT HILL,5970 MORNING STAR CT,PLEASANT HILL,50317,POINT (-93.492333998 41.597941006),,POLK,1031100,AMERICAN VODKAS,205,E & J GALLO WINERY,36969,NEW AMSTERDAM 80PRF,12,750,8.00,12.00,4,48.00,3.00,0.79
INV-65782400011,2023-12-29T00:00:00.000,4433,KUM & GO #1024  PLEASANT HILL,5970 MORNING STAR CT,PLEASANT HILL,50317,POINT (-93.492333998 41.597941006),,POLK,1031100,AMERICAN VODKAS,260,DIAGEO AMERICAS,37994,SMIRNOFF 80PRF,24,375,4.99,7.49,5,37.45,1.87,0.49
INV-65782400012,2023-12-29T00:00:00.000,4433,KUM & GO #1024  PLEASANT HILL,5970 MORNING STAR CT,PLEASANT HILL,50317,POINT (-93.492333998 41.597941006),,POLK,1031100,AMERICAN VODKAS,301,FIFTH GENERATION INC,38174,TITOS HANDMADE VODKA,12,375,5.42,8.13,5,40.65,1.87,0.49
INV-65782400013,2023-12-29T00:00:00.000,4433,KUM & GO #1024  PLEASANT HILL,5970 MORNING STAR CT,PLEASANT HILL,50317,POINT (-93.492333998 41.597941006),,POLK,1031100,AMERICAN VODKAS,301,FIFTH GENERATION INC,38176,TITOS HANDMADE VODKA,12,750,10.00,15.00,6,90.00,4.50,1.18
INV-65782400014,2023-12-29T00:00:00.000,4433,KUM & GO #1024  PLEASANT HILL,5970 MORNING STAR CT,PLEASANT HILL,50317,POINT (-93.492333998 41.597941006),,POLK,1031100,AMERICAN VODKAS,301,FIFTH GENERATION INC,38177,TITOS HANDMADE VODKA,12,1000,13.17,19.76,1,19.76,1.00,0.26
INV-65782400015,2023-12-29T00:00:00.000,4433,KUM & GO #1024  PLEASANT HILL,5970 MORNING STAR CT,PLEASANT HILL,50317,POINT (-93.492333998 41.597941006),,POLK,1031100,AMERICAN VODKAS,301,FIFTH GENERATION INC,38178,TITOS HANDMADE VODKA,6,1750,19.00,28.50,1,28.50,1.75,0.46
INV-65782400016,2023-12-29T00:00:00.000,4433,KUM & GO #1024  PLEASANT HILL,5970 MORNING STAR CT,PLEASANT HILL,50317,POINT (-93.492333998 41.597941006),,POLK,1031100,AMERICAN VODKAS,301,FIFTH GENERATION INC,38194,TITOS HANDMADE VODKA MINI,5,50,12.80,19.20,2,38.40,0.10,0.02
INV-65782400017,2023-12-29T00:00:00.000,4433,KUM & GO #1024  PLEASANT HILL,5970 MORNING STAR CT,PLEASANT HILL,50317,POINT (-93.492333998 41.597941006),,POLK,1031200,AMERICAN FLAVORED VODKA,305,MHW LTD,38814,WHITE CLAW BLACK CHERRY VODKA,12,750,9.50,14.25,4,57.00,3.00,0.79
INV-65782400018,2023-12-29T00:00:00.000,4433,KUM & GO #1024  PLEASANT HILL,5970 MORNING STAR CT,PLEASANT HILL,50317,POINT (-93.492333998 41.597941006),,POLK,1062500,FLAVORED RUM,370,PERNOD RICARD USA,42716,MALIBU COCONUT,12,750,8.99,13.49,5,67.45,3.75,0.99
INV-65782400019,2023-12-29T00:00:00.000,4433,KUM & GO #1024  PLEASANT HILL,5970 MORNING STAR CT,PLEASANT HILL,50317,POINT (-93.492333998 41.597941006),,POLK,1062400,SPICED RUM,260,DIAGEO AMERICAS,43336,CAPTAIN MORGAN ORIGINAL SPICED,12,750,9.49,14.24,3,42.72,2.25,0.59
INV-65782400020,2023-12-29T00:00:00.000,4433,KUM & GO #1024  PLEASANT HILL,5970 MORNING STAR CT,PLEASANT HILL,50317,POINT (-93.492333998 41.597941006),,POLK,1052100,IMPORTED BRANDIES,420,MOET HENNESSY USA,48105,HENNESSY VS,12,375,11.49,17.24,4,68.96,1.50,0.39
INV-65782400021,2023-12-29T00:00:00.000,4433,KUM & GO #1024  PLEASANT HILL,5970 MORNING STAR CT,PLEASANT HILL,50317,POINT (-93.492333998 41.597941006),,POLK,1081600,WHISKEY LIQUEUR,421,SAZERAC COMPANY  INC,64858,FIREBALL CINNAMON WHISKEY MINI DISPENSER,1,50,25.80,38.70,1,38.70,0.05,0.01
INV-65782400022,2023-12-29T00:00:00.000,4433,KUM & GO #1024  PLEASANT HILL,5970 MORNING STAR CT,PLEASANT HILL,50317,POINT (-93.492333998 41.597941006),,POLK,1081600,WHISKEY LIQUEUR,421,SAZERAC COMPANY  INC,64864,FIREBALL CINNAMON WHISKEY,24,375,5.33,8.00,4,32.00,1.50,0.39
INV-65782400023,2023-12-29T00:00:00.000,4433,KUM & GO #1024  PLEASANT HILL,5970 MORNING STAR CT,PLEASANT HILL,50317,POINT (-93.492333998 41.597941006),,POLK,1081600,WHISKEY LIQUEUR,421,SAZERAC COMPANY  INC,64866,FIREBALL CINNAMON WHISKEY,12,750,9.00,13.50,5,67.50,3.75,0.99
INV-65782400024,2023-12-29T00:00:00.000,4433,KUM & GO #1024  PLEASANT HILL,5970 MORNING STAR CT,PLEASANT HILL,50317,POINT (-93.492333998 41.597941006),,POLK,1081600,WHISKEY LIQUEUR,421,SAZERAC COMPANY  INC,64870,FIREBALL CINNAMON WHISKEY,48,100,1.00,1.50,48,72.00,4.80,1.26
INV-65782400025,2023-12-29T00:00:00.000,4433,KUM & GO #1024  PLEASANT HILL,5970 MORNING STAR CT,PLEASANT HILL,50317,POINT (-93.492333998 41.597941006),,POLK,1081200,CREAM LIQUEURS,205,E & J GALLO WINERY,73052,RUMCHATA,12,375,8.00,12.00,4,48.00,1.50,0.39
INV-65782400026,2023-12-29T00:00:00.000,4433,KUM & GO #1024  PLEASANT HILL,5970 MORNING STAR CT,PLEASANT HILL,50317,POINT (-93.492333998 41.597941006),,POLK,1091300,NEUTRAL GRAIN SPIRITS FLAVORED,346,OLE SMOKY DISTILLERY LLC,76413,OLE SMOKY BUTTER PECAN MOONSHINE,6,750,13.00,19.50,3,58.50,2.25,0.59
INV-65782400027,2023-12-29T00:00:00.000,4433,KUM & GO #1024  PLEASANT HILL,5970 MORNING STAR CT,PLEASANT HILL,50317,POINT (-93.492333998 41.597941006),,POLK,1081300,AMERICAN CORDIALS & LIQUEURS,421,SAZERAC COMPANY  INC,84142,99 PEACHES PET MINI,1,50,51.60,77.40,1,77.40,0.05,0.01
INV-65782400028,2023-12-29T00:00:00.000,4433,KUM & GO #1024  PLEASANT HILL,5970 MORNING STAR CT,PLEASANT HILL,50317,POINT (-93.492333998 41.597941006),,POLK,1081400,AMERICAN SCHNAPPS,421,SAZERAC COMPANY  INC,84172,99 BANANAS MINI,1,50,51.60,77.40,1,77.40,0.05,0.01
INV-65782400029,2023-12-29T00:00:00.000,4433,KUM & GO #1024  PLEASANT HILL,5970 MORNING STAR CT,PLEASANT HILL,50317,POINT (-93.492333998 41.597941006),,POLK,1091300,NEUTRAL GRAIN SPIRITS FLAVORED,346,OLE SMOKY DISTILLERY LLC,86785,OLE SMOKY APPLE PIE MOONSHINE 70PRF,6,750,13.00,19.50,4,78.00,3.00,0.79
INV-65782400030,2023-12-29T00:00:00.000,4433,KUM & GO #1024  PLEASANT HILL,5970 MORNING STAR CT,PLEASANT HILL,50317,POINT (-93.492333998 41.597941006),,POLK,1022200,100% AGAVE TEQUILA,192,"MAST-JAGERMEISTER US, INC",88372,TEREMANA REPOSADO TEQUILA,6,750,17.40,26.10,1,26.10,0.75,0.19
INV-65782400031,2023-12-29T00:00:00.000,4433,KUM & GO #1024  PLEASANT HILL,5970 MORNING STAR CT,PLEASANT HILL,50317,POINT (-93.492333998 41.597941006),,POLK,1022200,100% AGAVE TEQUILA,065,JIM BEAM BRANDS,88548,HORNITOS PLATA,12,750,15.00,22.50,3,67.50,2.25,0.59
INV-65782500001,2023-12-29T00:00:00.000,4433,KUM & GO #1024  PLEASANT HILL,5970 MORNING STAR CT,PLEASANT HILL,50317,POINT (-93.492333998 41.597941006),,POLK,1031100,AMERICAN VODKAS,260,DIAGEO AMERICAS,37994,SMIRNOFF 80PRF,24,375,4.99,7.49,4,29.96,1.50,0.39
INV-65782500002,2023-12-29T00:00:00.000,4433,KUM & GO #1024  PLEASANT HILL,5970 MORNING STAR CT,PLEASANT HILL,50317,POINT (-93.492333998 41.597941006),,POLK,1052100,IMPORTED BRANDIES,420,MOET HENNESSY USA,48106,HENNESSY VS,12,750,19.99,29.99,2,59.98,1.50,0.39
INV-65782500003,2023-12-29T00:00:00.000,4433,KUM & GO #1024  PLEASANT HILL,5970 MORNING STAR CT,PLEASANT HILL,50317,POINT (-93.492333998 41.597941006),,POLK,1081600,WHISKEY LIQUEUR,421,SAZERAC COMPANY  INC,64858,FIREBALL CINNAMON WHISKEY MINI DISPENSER,1,50,25.80,38.70,1,38.70,0.05,0.01
INV-65782500004,2023-12-29T00:00:00.000,4433,KUM & GO #1024  PLEASANT HILL,5970 MORNING STAR CT,PLEASANT HILL,50317,POINT (-93.492333998 41.597941006),,POLK,1081600,WHISKEY LIQUEUR,421,SAZERAC COMPANY  INC,64870,FIREBALL CINNAMON WHISKEY,48,100,1.00,1.50,48,72.00,4.80,1.26
INV-65782600001,2023-12-29T00:00:00.000,5803,CASEY'S GENERAL STORE #3333 / PLEASANT HILL,5550 E UNIVERSITY AVE,PLEASANT HILL,50327,POINT (-93.50406598 41.600008989),,POLK,1081400,AMERICAN SCHNAPPS,421,SAZERAC COMPANY  INC,101180,99 FRUITS MINI,1,50,51.60,77.40,1,77.40,0.05,0.01
INV-65782600002,2023-12-29T00:00:00.000,5803,CASEY'S GENERAL STORE #3333 / PLEASANT HILL,5550 E UNIVERSITY AVE,PLEASANT HILL,50327,POINT (-93.50406598 41.600008989),,POLK,1012100,CANADIAN WHISKIES,260,DIAGEO AMERICAS,10807,CROWN ROYAL REGAL APPLE,12,750,17.49,26.24,12,314.88,9.00,2.37
INV-65782600003,2023-12-29T00:00:00.000,5803,CASEY'S GENERAL STORE #3333 / PLEASANT HILL,5550 E UNIVERSITY AVE,PLEASANT HILL,50327,POINT (-93.50406598 41.600008989),,POLK,1012100,CANADIAN WHISKIES,260,DIAGEO AMERICAS,11296,CROWN ROYAL,12,750,17.49,26.24,12,314.88,9.00,2.37
INV-65782600004,2023-12-29T00:00:00.000,5803,CASEY'S GENERAL STORE #3333 / PLEASANT HILL,5550 E UNIVERSITY AVE,PLEASANT HILL,50327,POINT (-93.50406598 41.600008989),,POLK,1012100,CANADIAN WHISKIES,259,HEAVEN HILL BRANDS,11774,BLACK VELVET,24,375,3.25,4.88,48,234.24,18.00,4.75
INV-65782600005,2023-12-29T00:00:00.000,5803,CASEY'S GENERAL STORE #3333 / PLEASANT HILL,5550 E UNIVERSITY AVE,PLEASANT HILL,50327,POINT (-93.50406598 41.600008989),,POLK,1011200,STRAIGHT BOURBON WHISKIES,065,JIM BEAM BRANDS,19476,MAKERS MARK,12,750,18.00,27.00,4,108.00,3.00,0.79
INV-65782600006,2023-12-29T00:00:00.000,5803,CASEY'S GENERAL STORE #3333 / PLEASANT HILL,5550 E UNIVERSITY AVE,PLEASANT HILL,50327,POINT (-93.50406598 41.600008989),,POLK,1031100,AMERICAN VODKAS,434,LUXCO INC,36304,HAWKEYE VODKA,24,375,2.00,3.00,24,72.00,9.00,2.37
INV-65782600007,2023-12-29T00:00:00.000,5803,CASEY'S GENERAL STORE #3333 / PLEASANT HILL,5550 E UNIVERSITY AVE,PLEASANT HILL,50327,POINT (-93.50406598 41.600008989),,POLK,1031100,AMERICAN VODKAS,434,LUXCO INC,36306,HAWKEYE VODKA,12,750,3.50,5.25,12,63.00,9.00,2.37
INV-65782600008,2023-12-29T00:00:00.000,5803,CASEY'S GENERAL STORE #3333 / PLEASANT HILL,5550 E UNIVERSITY AVE,PLEASANT HILL,50327,POINT (-93.50406598 41.600008989),,POLK,1031100,AMERICAN VODKAS,300,MCCORMICK DISTILLING CO.,36904,MCCORMICK 80PRF VODKA PET,24,375,1.84,2.76,24,66.24,9.00,2.37
INV-65782600009,2023-12-29T00:00:00.000,5803,CASEY'S GENERAL STORE #3333 / PLEASANT HILL,5550 E UNIVERSITY AVE,PLEASANT HILL,50327,POINT (-93.50406598 41.600008989),,POLK,1062400,SPICED RUM,260,DIAGEO AMERICAS,43336,CAPTAIN MORGAN ORIGINAL SPICED,12,750,9.49,14.24,8,113.92,6.00,1.58
INV-65782600010,2023-12-29T00:00:00.000,5803,CASEY'S GENERAL STORE #3333 / PLEASANT HILL,5550 E UNIVERSITY AVE,PLEASANT HILL,50327,POINT (-93.50406598 41.600008989),,POLK,1052100,IMPORTED BRANDIES,420,MOET HENNESSY USA,48105,HENNESSY VS,12,375,11.49,17.24,12,206.88,4.50,1.18
INV-65782600011,2023-12-29T00:00:00.000,5803,CASEY'S GENERAL STORE #3333 / PLEASANT HILL,5550 E UNIVERSITY AVE,PLEASANT HILL,50327,POINT (-93.50406598 41.600008989),,POLK,1081600,WHISKEY LIQUEUR,421,SAZERAC COMPANY  INC,65013,FIREBALL CINNAMON WHISKEY MINI SLEEVE,12,50,4.30,6.45,24,154.80,1.20,0.31
INV-65782600012,2023-12-29T00:00:00.000,5803,CASEY'S GENERAL STORE #3333 / PLEASANT HILL,5550 E UNIVERSITY AVE,PLEASANT HILL,50327,POINT (-93.50406598 41.600008989),,POLK,1082100,IMPORTED CORDIALS & LIQUEURS,192,"MAST-JAGERMEISTER US, INC",65256,JAGERMEISTER LIQUEUR,12,750,14.35,21.53,4,86.12,3.00,0.79
INV-65782600013,2023-12-29T00:00:00.000,5803,CASEY'S GENERAL STORE #3333 / PLEASANT HILL,5550 E UNIVERSITY AVE,PLEASANT HILL,50327,POINT (-93.50406598 41.600008989),,POLK,1091100,AMERICAN DISTILLED SPIRITS SPECIALTY,370,PERNOD RICARD USA,86439,SKREWBALL PEANUT BUTTER WHISKEY,12,750,14.99,22.49,4,89.96,3.00,0.79
INV-65782600014,2023-12-29T00:00:00.000,5803,CASEY'S GENERAL STORE #3333 / PLEASANT HILL,5550 E UNIVERSITY AVE,PLEASANT HILL,50327,POINT (-93.50406598 41.600008989),,POLK,1022200,100% AGAVE TEQUILA,192,"MAST-JAGERMEISTER US, INC",88371,TEREMANA BLANCO TEQUILA,6,750,15.91,23.87,6,143.22,4.50,1.18
INV-65782700001,2023-12-29T00:00:00.000,6063,CASEY'S GENERAL STORE #2406 / PLEASANT HILL,1125 N HICKORY BLVD,PLEASANT HILL,50327,POINT (-93.51636198 41.600227003),,POLK,1012100,CANADIAN WHISKIES,260,DIAGEO AMERICAS,10805,CROWN ROYAL REGAL APPLE,24,375,8.49,12.74,6,76.44,2.25,0.59
INV-65782700002,2023-12-29T00:00:00.000,6063,CASEY'S GENERAL STORE #2406 / PLEASANT HILL,1125 N HICKORY BLVD,PLEASANT HILL,50327,POINT (-93.51636198 41.600227003),,POLK,1012400,IRISH WHISKIES,370,PERNOD RICARD USA,15626,JAMESON,12,750,17.49,26.24,3,78.72,2.25,0.59
INV-65782700003,2023-12-29T00:00:00.000,6063,CASEY'S GENERAL STORE #2406 / PLEASANT HILL,1125 N HICKORY BLVD,PLEASANT HILL,50327,POINT (-93.51636198 41.600227003),,POLK,1031100,AMERICAN VODKAS,434,LUXCO INC,36301,HAWKEYE VODKA MINI,12,50,4.50,6.75,1,6.75,0.05,0.01
INV-65782700004,2023-12-29T00:00:00.000,6063,CASEY'S GENERAL STORE #2406 / PLEASANT HILL,1125 N HICKORY BLVD,PLEASANT HILL,50327,POINT (-93.51636198 41.600227003),,POLK,1031100,AMERICAN VODKAS,434,LUXCO INC,36305,HAWKEYE VODKA PET,12,750,3.50,5.25,12,63.00,9.00,2.37
INV-65782700005,2023-12-29T00:00:00.000,6063,CASEY'S GENERAL STORE #2406 / PLEASANT HILL,1125 N HICKORY BLVD,PLEASANT HILL,50327,POINT (-93.51636198 41.600227003),,POLK,1031100,AMERICAN VODKAS,777,"BLUE OX SPIRITS, INC.",36873,BLUE OX VODKA,12,750,3.90,5.85,12,70.20,9.00,2.37
INV-65782700006,2023-12-29T00:00:00.000,6063,CASEY'S GENERAL STORE #2406 / PLEASANT HILL,1125 N HICKORY BLVD,PLEASANT HILL,50327,POINT (-93.51636198 41.600227003),,POLK,1031100,AMERICAN VODKAS,205,E & J GALLO WINERY,36969,NEW AMSTERDAM 80PRF,12,750,8.00,12.00,12,144.00,9.00,2.37
INV-65782700007,2023-12-29T00:00:00.000,6063,CASEY'S GENERAL STORE #2406 / PLEASANT HILL,1125 N HICKORY BLVD,PLEASANT HILL,50327,POINT (-93.51636198 41.600227003),,POLK,1031100,AMERICAN VODKAS,260,DIAGEO AMERICAS,37994,SMIRNOFF 80PRF,24,375,4.99,7.49,10,74.90,3.75,0.99
INV-65782700008,2023-12-29T00:00:00.000,6063,CASEY'S GENERAL STORE #2406 / PLEASANT HILL,1125 N HICKORY BLVD,PLEASANT HILL,50327,POINT (-93.51636198 41.600227003),,POLK,1031100,AMERICAN VODKAS,195,SWELL LIQUOR LLC,38056,SWELL VODKA,12,750,6.00,9.00,2,18.00,1.50,0.39
INV-65782700009,2023-12-29T00:00:00.000,6063,CASEY'S GENERAL STORE #2406 / PLEASANT HILL,1125 N HICKORY BLVD,PLEASANT HILL,50327,POINT (-93.51636198 41.600227003),,POLK,1031100,AMERICAN VODKAS,301,FIFTH GENERATION INC,38178,TITOS HANDMADE VODKA,6,1750,19.00,28.50,6,171.00,10.50,2.77
INV-65782700010,2023-12-29T00:00:00.000,6063,CASEY'S GENERAL STORE #2406 / PLEASANT HILL,1125 N HICKORY BLVD,PLEASANT HILL,50327,POINT (-93.51636198 41.600227003),,POLK,1031200,AMERICAN FLAVORED VODKA,205,E & J GALLO WINERY,39492,NEW AMSTERDAM PINK WHITNEY,12,750,8.00,12.00,6,72.00,4.50,1.18
INV-65782700011,2023-12-29T00:00:00.000,6063,CASEY'S GENERAL STORE #2406 / PLEASANT HILL,1125 N HICKORY BLVD,PLEASANT HILL,50327,POINT (-93.51636198 41.600227003),,POLK,1081600,WHISKEY LIQUEUR,421,SAZERAC COMPANY  INC,64858,FIREBALL CINNAMON WHISKEY MINI DISPENSER,1,50,25.80,38.70,1,38.70,0.05,0.01
INV-65782700012,2023-12-29T00:00:00.000,6063,CASEY'S GENERAL STORE #2406 / PLEASANT HILL,1125 N HICKORY BLVD,PLEASANT HILL,50327,POINT (-93.51636198 41.600227003),,POLK,1081600,WHISKEY LIQUEUR,421,SAZERAC COMPANY  INC,64865,FIREBALL CINNAMON WHISKEY PET,12,750,9.00,13.50,12,162.00,9.00,2.37
INV-65782700013,2023-12-29T00:00:00.000,6063,CASEY'S GENERAL STORE #2406 / PLEASANT HILL,1125 N HICKORY BLVD,PLEASANT HILL,50327,POINT (-93.51636198 41.600227003),,POLK,1081600,WHISKEY LIQUEUR,421,SAZERAC COMPANY  INC,65013,FIREBALL CINNAMON WHISKEY MINI SLEEVE,12,50,4.30,6.45,36,232.20,1.80,0.47
INV-65782700014,2023-12-29T00:00:00.000,6063,CASEY'S GENERAL STORE #2406 / PLEASANT HILL,1125 N HICKORY BLVD,PLEASANT HILL,50327,POINT (-93.51636198 41.600227003),,POLK,1701100,TEMPORARY & SPECIALTY PACKAGES,384,PIEDMONT DISTILLERS INC,68624,MIDNIGHT MOON COOKIES & CREAM MOONSHAKE MINI,4,50,17.16,25.74,1,25.74,0.05,0.01
INV-65782700015,2023-12-29T00:00:00.000,6063,CASEY'S GENERAL STORE #2406 / PLEASANT HILL,1125 N HICKORY BLVD,PLEASANT HILL,50327,POINT (-93.51636198 41.600227003),,POLK,1091300,NEUTRAL GRAIN SPIRITS FLAVORED,346,OLE SMOKY DISTILLERY LLC,80358,OLE SMOKY ORANGE SHINESICLE MOONSHINE MINI,8,50,8.75,13.13,1,13.13,0.05,0.01
INV-65782700016,2023-12-29T00:00:00.000,6063,CASEY'S GENERAL STORE #2406 / PLEASANT HILL,1125 N HICKORY BLVD,PLEASANT HILL,50327,POINT (-93.51636198 41.600227003),,POLK,1091300,NEUTRAL GRAIN SPIRITS FLAVORED,346,OLE SMOKY DISTILLERY LLC,80371,OLE SMOKY MOUNTAIN JAVA MOONSHINE MINI,8,50,8.75,13.13,1,13.13,0.05,0.01
INV-65782700017,2023-12-29T00:00:00.000,6063,CASEY'S GENERAL STORE #2406 / PLEASANT HILL,1125 N HICKORY BLVD,PLEASANT HILL,50327,POINT (-93.51636198 41.600227003),,POLK,1091300,NEUTRAL GRAIN SPIRITS FLAVORED,346,OLE SMOKY DISTILLERY LLC,80398,OLE SMOKY WHITE CHOCOLATE STRAWBERRY MOONSHINE MINI,8,50,8.75,13.13,4,52.52,0.20,0.05
INV-65782700018,2023-12-29T00:00:00.000,6063,CASEY'S GENERAL STORE #2406 / PLEASANT HILL,1125 N HICKORY BLVD,PLEASANT HILL,50327,POINT (-93.51636198 41.600227003),,POLK,1091300,NEUTRAL GRAIN SPIRITS FLAVORED,346,OLE SMOKY DISTILLERY LLC,86739,OLE SMOKY APPLE PIE MOONSHINE 70PRF MINI,8,50,8.75,13.13,2,26.26,0.10,0.02
INV-65782700019,2023-12-29T00:00:00.000,6063,CASEY'S GENERAL STORE #2406 / PLEASANT HILL,1125 N HICKORY BLVD,PLEASANT HILL,50327,POINT (-93.51636198 41.600227003),,POLK,1091300,NEUTRAL GRAIN SPIRITS FLAVORED,346,OLE SMOKY DISTILLERY LLC,86828,OLE SMOKY HUNCH PUNCH MOONSHINE MINI,8,50,8.75,13.13,1,13.13,0.05,0.01
INV-65782700020,2023-12-29T00:00:00.000,6063,CASEY'S GENERAL STORE #2406 / PLEASANT HILL,1125 N HICKORY BLVD,PLEASANT HILL,50327,POINT (-93.51636198 41.600227003),,POLK,1081600,WHISKEY LIQUEUR,421,SAZERAC COMPANY  INC,86884,SOUTHERN COMFORT,24,375,4.78,7.17,10,71.70,3.75,0.99
INV-65782800001,2023-12-29T00:00:00.000,6288,MIDWEST FOOD & LIQUOR / PLEASANT HILL,1250 COPPER CREEK DRIVE,PLEASANT HILL,50327,POINT (-93.524482655 41.601496129),,POLK,1012200,SCOTCH WHISKIES,065,JIM BEAM BRANDS,905433,HA LAPHROAIG QUARTER CASK,6,750,31.49,47.24,1,47.24,0.75,0.19
INV-65782900001,2023-12-29T00:00:00.000,6288,MIDWEST FOOD & LIQUOR / PLEASANT HILL,1250 COPPER CREEK DRIVE,PLEASANT HILL,50327,POINT (-93.524482655 41.601496129),,POLK,1011200,STRAIGHT BOURBON WHISKIES,035,BACARDI USA INC,16562,ANGELS ENVY BOURBON PORT FINISHED,6,750,25.99,38.99,6,233.94,4.50,1.18
INV-65782900002,2023-12-29T00:00:00.000,6288,MIDWEST FOOD & LIQUOR / PLEASANT HILL,1250 COPPER CREEK DRIVE,PLEASANT HILL,50327,POINT (-93.524482655 41.601496129),,POLK,1701100,TEMPORARY & SPECIALTY PACKAGES,125,CEDAR RIDGE VINEYARDS LL,26096,CEDAR RIDGE DOUBLE BARREL BOURBON WHISKEY,6,750,25.00,37.50,3,112.50,2.25,0.59
INV-65782900003,2023-12-29T00:00:00.000,6288,MIDWEST FOOD & LIQUOR / PLEASANT HILL,1250 COPPER CREEK DRIVE,PLEASANT HILL,50327,POINT (-93.524482655 41.601496129),,POLK,1042100,IMPORTED DRY GINS,260,DIAGEO AMERICAS,28866,TANQUERAY GIN,12,750,13.99,20.99,3,62.97,2.25,0.59
INV-65782900004,2023-12-29T00:00:00.000,6288,MIDWEST FOOD & LIQUOR / PLEASANT HILL,1250 COPPER CREEK DRIVE,PLEASANT HILL,50327,POINT (-93.524482655 41.601496129),,POLK,1031100,AMERICAN VODKAS,260,DIAGEO AMERICAS,37994,SMIRNOFF 80PRF,24,375,4.99,7.49,24,179.76,9.00,2.37
INV-65782900005,2023-12-29T00:00:00.000,6288,MIDWEST FOOD & LIQUOR / PLEASANT HILL,1250 COPPER CREEK DRIVE,PLEASANT HILL,50327,POINT (-93.524482655 41.601496129),,POLK,1031100,AMERICAN VODKAS,301,FIFTH GENERATION INC,38177,TITOS HANDMADE VODKA,12,1000,13.17,19.76,4,79.04,4.00,1.05
INV-65782900006,2023-12-29T00:00:00.000,6288,MIDWEST FOOD & LIQUOR / PLEASANT HILL,1250 COPPER CREEK DRIVE,PLEASANT HILL,50327,POINT (-93.524482655 41.601496129),,POLK,1031100,AMERICAN VODKAS,301,FIFTH GENERATION INC,38194,TITOS HANDMADE VODKA MINI,5,50,12.80,19.20,5,96.00,0.25,0.06
INV-65782900007,2023-12-29T00:00:00.000,6288,MIDWEST FOOD & LIQUOR / PLEASANT HILL,1250 COPPER CREEK DRIVE,PLEASANT HILL,50327,POINT (-93.524482655 41.601496129),,POLK,1031200,AMERICAN FLAVORED VODKA,205,E & J GALLO WINERY,39918,NEW AMSTERDAM APPLE,12,750,8.00,12.00,12,144.00,9.00,2.37
INV-65782900008,2023-12-29T00:00:00.000,6288,MIDWEST FOOD & LIQUOR / PLEASANT HILL,1250 COPPER CREEK DRIVE,PLEASANT HILL,50327,POINT (-93.524482655 41.601496129),,POLK,1062500,FLAVORED RUM,259,HEAVEN HILL BRANDS,43984,ADMIRAL NELSON CHERRY SPICED,12,750,6.50,9.75,12,117.00,9.00,2.37
INV-65782900009,2023-12-29T00:00:00.000,6288,MIDWEST FOOD & LIQUOR / PLEASANT HILL,1250 COPPER CREEK DRIVE,PLEASANT HILL,50327,POINT (-93.524482655 41.601496129),,POLK,1052100,IMPORTED BRANDIES,389,REMY COINTREAU USA INC,49086,REMY MARTIN 1738 ACCORD ROYAL,6,750,32.48,48.72,2,97.44,1.50,0.39
INV-65782900010,2023-12-29T00:00:00.000,6288,MIDWEST FOOD & LIQUOR / PLEASANT HILL,1250 COPPER CREEK DRIVE,PLEASANT HILL,50327,POINT (-93.524482655 41.601496129),,POLK,1051100,AMERICAN BRANDIES,421,SAZERAC COMPANY  INC,53214,PAUL MASSON GRANDE AMBER BRANDY VS,24,375,3.22,4.83,24,115.92,9.00,2.37
INV-65782900011,2023-12-29T00:00:00.000,6288,MIDWEST FOOD & LIQUOR / PLEASANT HILL,1250 COPPER CREEK DRIVE,PLEASANT HILL,50327,POINT (-93.524482655 41.601496129),,POLK,1081100,COFFEE LIQUEURS,370,PERNOD RICARD USA,67527,KAHLUA COFFEE,12,1000,18.99,28.49,7,199.43,7.00,1.84
INV-65782900012,2023-12-29T00:00:00.000,6288,MIDWEST FOOD & LIQUOR / PLEASANT HILL,1250 COPPER CREEK DRIVE,PLEASANT HILL,50327,POINT (-93.524482655 41.601496129),,POLK,1081200,CREAM LIQUEURS,205,E & J GALLO WINERY,73055,RUMCHATA,12,750,14.00,21.00,7,147.00,5.25,1.38
INV-65782900013,2023-12-29T00:00:00.000,6288,MIDWEST FOOD & LIQUOR / PLEASANT HILL,1250 COPPER CREEK DRIVE,PLEASANT HILL,50327,POINT (-93.524482655 41.601496129),,POLK,1081300,AMERICAN CORDIALS & LIQUEURS,421,SAZERAC COMPANY  INC,84160,99 APPLES MINI DISPLAY,1,50,51.60,77.40,1,77.40,0.05,0.01
INV-65782900014,2023-12-29T00:00:00.000,6288,MIDWEST FOOD & LIQUOR / PLEASANT HILL,1250 COPPER CREEK DRIVE,PLEASANT HILL,50327,POINT (-93.524482655 41.601496129),,POLK,1011400,TENNESSEE WHISKIES,085,BROWN FORMAN CORP.,86698,JACK DANIELS TENNESSEE FIRE,24,375,8.25,12.38,10,123.80,3.75,0.99
INV-65782900015,2023-12-29T00:00:00.000,6288,MIDWEST FOOD & LIQUOR / PLEASANT HILL,1250 COPPER CREEK DRIVE,PLEASANT HILL,50327,POINT (-93.524482655 41.601496129),,POLK,1022200,100% AGAVE TEQUILA,260,DIAGEO AMERICAS,87280,CASAMIGOS BLANCO,6,750,28.49,42.74,3,128.22,2.25,0.59
INV-65782900016,2023-12-29T00:00:00.000,6288,MIDWEST FOOD & LIQUOR / PLEASANT HILL,1250 COPPER CREEK DRIVE,PLEASANT HILL,50327,POINT (-93.524482655 41.601496129),,POLK,1022100,MIXTO TEQUILA,395,PROXIMO,87408,JOSE CUERVO ESPECIAL SILVER,12,750,12.00,18.00,6,108.00,4.50,1.18
INV-65782900017,2023-12-29T00:00:00.000,6288,MIDWEST FOOD & LIQUOR / PLEASANT HILL,1250 COPPER CREEK DRIVE,PLEASANT HILL,50327,POINT (-93.524482655 41.601496129),,POLK,1022200,100% AGAVE TEQUILA,035,BACARDI USA INC,88294,PATRON SILVER,12,375,15.00,22.50,4,90.00,1.50,0.39
INV-65782900018,2023-12-29T00:00:00.000,6288,MIDWEST FOOD & LIQUOR / PLEASANT HILL,1250 COPPER CREEK DRIVE,PLEASANT HILL,50327,POINT (-93.524482655 41.601496129),,POLK,1022200,100% AGAVE TEQUILA,260,DIAGEO AMERICAS,89155,DON JULIO REPOSADO,12,375,16.99,25.49,4,101.96,1.50,0.39
INV-65782900019,2023-12-29T00:00:00.000,6288,MIDWEST FOOD & LIQUOR / PLEASANT HILL,1250 COPPER CREEK DRIVE,PLEASANT HILL,50327,POINT (-93.524482655 41.601496129),,POLK,1022200,100% AGAVE TEQUILA,035,BACARDI USA INC,89624,PATRON REPOSADO,12,375,16.50,24.75,4,99.00,1.50,0.39
INV-65783000001,2023-12-29T00:00:00.000,6288,MIDWEST FOOD & LIQUOR / PLEASANT HILL,1250 COPPER CREEK DRIVE,PLEASANT HILL,50327,POINT (-93.524482655 41.601496129),,POLK,1032100,IMPORTED VODKAS,035,BACARDI USA INC,34433,GREY GOOSE,12,750,15.50,23.25,4,93.00,3.00,0.79
INV-65783000002,2023-12-29T00:00:00.000,6288,MIDWEST FOOD & LIQUOR / PLEASANT HILL,1250 COPPER CREEK DRIVE,PLEASANT HILL,50327,POINT (-93.524482655 41.601496129),,POLK,1081600,WHISKEY LIQUEUR,421,SAZERAC COMPANY  INC,64863,FIREBALL CINNAMON WHISKEY,48,200,2.50,3.75,48,180.00,9.60,2.53
INV-65783100001,2023-12-29T00:00:00.000,4511,SUPER QUICK / SE 30 DM,303 SE 30TH ST,DES MOINES,50317,POINT (-93.557965976 41.58525399),,POLK,1012100,CANADIAN WHISKIES,260,DIAGEO AMERICAS,10803,CROWN ROYAL REGAL APPLE MINI,10,50,9.95,14.93,10,149.30,0.50,0.13
INV-65783100002,2023-12-29T00:00:00.000,4511,SUPER QUICK / SE 30 DM,303 SE 30TH ST,DES MOINES,50317,POINT (-93.557965976 41.58525399),,POLK,1012100,CANADIAN WHISKIES,260,DIAGEO AMERICAS,10805,CROWN ROYAL REGAL APPLE,24,375,8.49,12.74,5,63.70,1.87,0.49
INV-65783100003,2023-12-29T00:00:00.000,4511,SUPER QUICK / SE 30 DM,303 SE 30TH ST,DES MOINES,50317,POINT (-93.557965976 41.58525399),,POLK,1012100,CANADIAN WHISKIES,260,DIAGEO AMERICAS,10807,CROWN ROYAL REGAL APPLE,12,750,17.49,26.24,4,104.96,3.00,0.79
INV-65783100004,2023-12-29T00:00:00.000,4511,SUPER QUICK / SE 30 DM,303 SE 30TH ST,DES MOINES,50317,POINT (-93.557965976 41.58525399),,POLK,1012100,CANADIAN WHISKIES,260,DIAGEO AMERICAS,11290,CROWN ROYAL MINI,10,50,9.95,14.93,3,44.79,0.15,0.03
INV-65783100005,2023-12-29T00:00:00.000,4511,SUPER QUICK / SE 30 DM,303 SE 30TH ST,DES MOINES,50317,POINT (-93.557965976 41.58525399),,POLK,1012100,CANADIAN WHISKIES,260,DIAGEO AMERICAS,11294,CROWN ROYAL,24,375,8.49,12.74,5,63.70,1.87,0.49
INV-65783100006,2023-12-29T00:00:00.000,4511,SUPER QUICK / SE 30 DM,303 SE 30TH ST,DES MOINES,50317,POINT (-93.557965976 41.58525399),,POLK,1012400,IRISH WHISKIES,370,PERNOD RICARD USA,15621,JAMESON MINI,12,50,13.20,19.80,2,39.60,0.10,0.02
INV-65783100007,2023-12-29T00:00:00.000,4511,SUPER QUICK / SE 30 DM,303 SE 30TH ST,DES MOINES,50317,POINT (-93.557965976 41.58525399),,POLK,1041100,AMERICAN DRY GINS,370,PERNOD RICARD USA,32233,SEAGRAMS EXTRA DRY GIN,48,200,1.99,2.99,6,17.94,1.20,0.31
INV-65783100008,2023-12-29T00:00:00.000,4511,SUPER QUICK / SE 30 DM,303 SE 30TH ST,DES MOINES,50317,POINT (-93.557965976 41.58525399),,POLK,1031100,AMERICAN VODKAS,434,LUXCO INC,36306,HAWKEYE VODKA,12,750,3.50,5.25,12,63.00,9.00,2.37
INV-65783100009,2023-12-29T00:00:00.000,4511,SUPER QUICK / SE 30 DM,303 SE 30TH ST,DES MOINES,50317,POINT (-93.557965976 41.58525399),,POLK,1031100,AMERICAN VODKAS,434,LUXCO INC,36307,HAWKEYE VODKA,12,1000,4.35,6.53,12,78.36,12.00,3.17
INV-65783100010,2023-12-29T00:00:00.000,4511,SUPER QUICK / SE 30 DM,303 SE 30TH ST,DES MOINES,50317,POINT (-93.557965976 41.58525399),,POLK,1031100,AMERICAN VODKAS,300,MCCORMICK DISTILLING CO.,36901,MCCORMICK 80PRF VODKA MINI,6,50,4.70,7.05,6,42.30,0.30,0.07
INV-65783100011,2023-12-29T00:00:00.000,4511,SUPER QUICK / SE 30 DM,303 SE 30TH ST,DES MOINES,50317,POINT (-93.557965976 41.58525399),,POLK,1031100,AMERICAN VODKAS,300,MCCORMICK DISTILLING CO.,36908,MCCORMICK 80PRF VODKA PET,6,1750,8.24,12.36,6,74.16,10.50,2.77
INV-65783100012,2023-12-29T00:00:00.000,4511,SUPER QUICK / SE 30 DM,303 SE 30TH ST,DES MOINES,50317,POINT (-93.557965976 41.58525399),,POLK,1032100,IMPORTED VODKAS,035,BACARDI USA INC,36964,GREY GOOSE MINI,8,50,20.00,30.00,2,60.00,0.10,0.02
INV-65783100013,2023-12-29T00:00:00.000,4511,SUPER QUICK / SE 30 DM,303 SE 30TH ST,DES MOINES,50317,POINT (-93.557965976 41.58525399),,POLK,1031100,AMERICAN VODKAS,301,FIFTH GENERATION INC,38176,TITOS HANDMADE VODKA,12,750,10.00,15.00,12,180.00,9.00,2.37
INV-65783100014,2023-12-29T00:00:00.000,4511,SUPER QUICK / SE 30 DM,303 SE 30TH ST,DES MOINES,50317,POINT (-93.557965976 41.58525399),,POLK,1031200,AMERICAN FLAVORED VODKA,205,E & J GALLO WINERY,39492,NEW AMSTERDAM PINK WHITNEY,12,750,8.00,12.00,12,144.00,9.00,2.37
INV-65783100015,2023-12-29T00:00:00.000,4511,SUPER QUICK / SE 30 DM,303 SE 30TH ST,DES MOINES,50317,POINT (-93.557965976 41.58525399),,POLK,1062500,FLAVORED RUM,035,BACARDI USA INC,43051,BACARDI DRAGON BERRY,12,750,8.76,13.14,3,39.42,2.25,0.59
INV-65783100016,2023-12-29T00:00:00.000,4511,SUPER QUICK / SE 30 DM,303 SE 30TH ST,DES MOINES,50317,POINT (-93.557965976 41.58525399),,POLK,1062400,SPICED RUM,260,DIAGEO AMERICAS,43333,CAPTAIN MORGAN ORIGINAL SPICED PET,48,200,3.24,4.86,7,34.02,1.40,0.36
INV-65783100017,2023-12-29T00:00:00.000,4511,SUPER QUICK / SE 30 DM,303 SE 30TH ST,DES MOINES,50317,POINT (-93.557965976 41.58525399),,POLK,1062400,SPICED RUM,260,DIAGEO AMERICAS,43334,CAPTAIN MORGAN ORIGINAL SPICED,24,375,5.24,7.86,6,47.16,2.25,0.59
INV-65783100018,2023-12-29T00:00:00.000,4511,SUPER QUICK / SE 30 DM,303 SE 30TH ST,DES MOINES,50317,POINT (-93.557965976 41.58525399),,POLK,1062500,FLAVORED RUM,035,BACARDI USA INC,43501,BACARDI RASPBERRY,12,750,8.76,13.14,3,39.42,2.25,0.59
INV-65783100019,2023-12-29T00:00:00.000,4511,SUPER QUICK / SE 30 DM,303 SE 30TH ST,DES MOINES,50317,POINT (-93.557965976 41.58525399),,POLK,1062500,FLAVORED RUM,035,BACARDI USA INC,43747,BACARDI LIME,12,750,8.76,13.14,3,39.42,2.25,0.59
INV-65783100020,2023-12-29T00:00:00.000,4511,SUPER QUICK / SE 30 DM,303 SE 30TH ST,DES MOINES,50317,POINT (-93.557965976 41.58525399),,POLK,1062500,FLAVORED RUM,370,PERNOD RICARD USA,43902,MALIBU STRAWBERRY,12,750,8.99,13.49,3,40.47,2.25,0.59
INV-65783100021,2023-12-29T00:00:00.000,4511,SUPER QUICK / SE 30 DM,303 SE 30TH ST,DES MOINES,50317,POINT (-93.557965976 41.58525399),,POLK,1051100,AMERICAN BRANDIES,259,HEAVEN HILL BRANDS,52312,CHRISTIAN BROS BRANDY,24,200,1.99,2.99,24,71.76,4.80,1.26
INV-65783100022,2023-12-29T00:00:00.000,4511,SUPER QUICK / SE 30 DM,303 SE 30TH ST,DES MOINES,50317,POINT (-93.557965976 41.58525399),,POLK,1051100,AMERICAN BRANDIES,205,E & J GALLO WINERY,52582,E & J VSOP,12,750,7.24,10.86,3,32.58,2.25,0.59
INV-65783100023,2023-12-29T00:00:00.000,4511,SUPER QUICK / SE 30 DM,303 SE 30TH ST,DES MOINES,50317,POINT (-93.557965976 41.58525399),,POLK,1071000,COCKTAILS/RTD,908,BUZZBALLZ LLC / SOUTHERN CHAMPION,57210,BUZZBALLZ BIGGIES TEQUILA RITA,3,1750,10.00,15.00,6,90.00,10.50,2.77
INV-65783100024,2023-12-29T00:00:00.000,4511,SUPER QUICK / SE 30 DM,303 SE 30TH ST,DES MOINES,50317,POINT (-93.557965976 41.58525399),,POLK,1071000,COCKTAILS/RTD,908,BUZZBALLZ LLC / SOUTHERN CHAMPION,57343,BUZZBALLZ BIGGIES CHILI MANGO,3,1750,10.00,15.00,3,45.00,5.25,1.38
INV-65783100025,2023-12-29T00:00:00.000,4511,SUPER QUICK / SE 30 DM,303 SE 30TH ST,DES MOINES,50317,POINT (-93.557965976 41.58525399),,POLK,1071000,COCKTAILS/RTD,908,BUZZBALLZ LLC / SOUTHERN CHAMPION,57578,BUZZBALLZ BIGGIES STRAWBERRY RITA,3,1750,10.00,15.00,3,45.00,5.25,1.38
INV-65783100026,2023-12-29T00:00:00.000,4511,SUPER QUICK / SE 30 DM,303 SE 30TH ST,DES MOINES,50317,POINT (-93.557965976 41.58525399),,POLK,1071000,COCKTAILS/RTD,395,PROXIMO,59161,1800 ULTIMATE PEACH MARGARITA PET,6,1750,10.04,15.06,2,30.12,3.50,0.92
INV-65783100027,2023-12-29T00:00:00.000,4511,SUPER QUICK / SE 30 DM,303 SE 30TH ST,DES MOINES,50317,POINT (-93.557965976 41.58525399),,POLK,1071000,COCKTAILS/RTD,395,PROXIMO,59162,1800 ULTIMATE PINEAPPLE MARGARITA PET,6,1750,10.04,15.06,2,30.12,3.50,0.92
INV-65783100028,2023-12-29T00:00:00.000,4511,SUPER QUICK / SE 30 DM,303 SE 30TH ST,DES MOINES,50317,POINT (-93.557965976 41.58525399),,POLK,1071000,COCKTAILS/RTD,395,PROXIMO,59163,1800 ULTIMATE WATERMELON MARGARITA PET,6,1750,10.04,15.06,2,30.12,3.50,0.92
INV-65783100029,2023-12-29T00:00:00.000,4511,SUPER QUICK / SE 30 DM,303 SE 30TH ST,DES MOINES,50317,POINT (-93.557965976 41.58525399),,POLK,1071000,COCKTAILS/RTD,395,PROXIMO,59182,1800 ULTIMATE MANGO MARGARITA PET,6,1750,10.04,15.06,2,30.12,3.50,0.92
INV-65783100030,2023-12-29T00:00:00.000,4511,SUPER QUICK / SE 30 DM,303 SE 30TH ST,DES MOINES,50317,POINT (-93.557965976 41.58525399),,POLK,1071000,COCKTAILS/RTD,395,PROXIMO,59201,1800 ULTIMATE STRAWBERRY MARGARITA PET,6,1750,10.04,15.06,2,30.12,3.50,0.92
INV-65783100031,2023-12-29T00:00:00.000,4511,SUPER QUICK / SE 30 DM,303 SE 30TH ST,DES MOINES,50317,POINT (-93.557965976 41.58525399),,POLK,1081600,WHISKEY LIQUEUR,421,SAZERAC COMPANY  INC,64863,FIREBALL CINNAMON WHISKEY,48,200,2.50,3.75,48,180.00,9.60,2.53
INV-65783100032,2023-12-29T00:00:00.000,4511,SUPER QUICK / SE 30 DM,303 SE 30TH ST,DES MOINES,50317,POINT (-93.557965976 41.58525399),,POLK,1081600,WHISKEY LIQUEUR,421,SAZERAC COMPANY  INC,64866,FIREBALL CINNAMON WHISKEY,12,750,9.00,13.50,12,162.00,9.00,2.37
INV-65783100033,2023-12-29T00:00:00.000,4511,SUPER QUICK / SE 30 DM,303 SE 30TH ST,DES MOINES,50317,POINT (-93.557965976 41.58525399),,POLK,1081600,WHISKEY LIQUEUR,421,SAZERAC COMPANY  INC,64904,FIREBALL CINNAMON WHISKEY PET,6,1750,16.00,24.00,6,144.00,10.50,2.77
INV-65783100034,2023-12-29T00:00:00.000,4511,SUPER QUICK / SE 30 DM,303 SE 30TH ST,DES MOINES,50317,POINT (-93.557965976 41.58525399),,POLK,1082100,IMPORTED CORDIALS & LIQUEURS,192,"MAST-JAGERMEISTER US, INC",65251,JAGERMEISTER LIQUEUR MINI,5,50,36.84,55.26,1,55.26,0.05,0.01
INV-65783100035,2023-12-29T00:00:00.000,4511,SUPER QUICK / SE 30 DM,303 SE 30TH ST,DES MOINES,50317,POINT (-93.557965976 41.58525399),,POLK,1082100,IMPORTED CORDIALS & LIQUEURS,192,"MAST-JAGERMEISTER US, INC",65254,JAGERMEISTER LIQUEUR,24,375,7.68,11.52,5,57.60,1.87,0.49
INV-65783100036,2023-12-29T00:00:00.000,4511,SUPER QUICK / SE 30 DM,303 SE 30TH ST,DES MOINES,50317,POINT (-93.557965976 41.58525399),,POLK,1081200,CREAM LIQUEURS,205,E & J GALLO WINERY,73051,RUMCHATA MINI,12,50,8.87,13.31,2,26.62,0.10,0.02
INV-65783100037,2023-12-29T00:00:00.000,4511,SUPER QUICK / SE 30 DM,303 SE 30TH ST,DES MOINES,50317,POINT (-93.557965976 41.58525399),,POLK,1081300,AMERICAN CORDIALS & LIQUEURS,772,INTERCONTINENTAL PACKAGING COMPANY/PRESTIGE BEVERAGE GROUP,75208,KINKY PINK MINI,6,50,4.84,7.26,6,43.56,0.30,0.07
INV-65783100038,2023-12-29T00:00:00.000,4511,SUPER QUICK / SE 30 DM,303 SE 30TH ST,DES MOINES,50317,POINT (-93.557965976 41.58525399),,POLK,1081300,AMERICAN CORDIALS & LIQUEURS,772,INTERCONTINENTAL PACKAGING COMPANY/PRESTIGE BEVERAGE GROUP,75212,KINKY BLUE MINI,6,50,4.84,7.26,6,43.56,0.30,0.07
INV-65783100039,2023-12-29T00:00:00.000,4511,SUPER QUICK / SE 30 DM,303 SE 30TH ST,DES MOINES,50317,POINT (-93.557965976 41.58525399),,POLK,1091300,NEUTRAL GRAIN SPIRITS FLAVORED,384,PIEDMONT DISTILLERS INC,76072,MIDNIGHT MOON WATERMELON,6,750,11.50,17.25,2,34.50,1.50,0.39
INV-65783100040,2023-12-29T00:00:00.000,4511,SUPER QUICK / SE 30 DM,303 SE 30TH ST,DES MOINES,50317,POINT (-93.557965976 41.58525399),,POLK,1031200,AMERICAN FLAVORED VODKA,260,DIAGEO AMERICAS,77842,SMIRNOFF STRAWBERRY,12,750,8.25,12.38,12,148.56,9.00,2.37
INV-65783100041,2023-12-29T00:00:00.000,4511,SUPER QUICK / SE 30 DM,303 SE 30TH ST,DES MOINES,50317,POINT (-93.557965976 41.58525399),,POLK,1031200,AMERICAN FLAVORED VODKA,260,DIAGEO AMERICAS,77900,SMIRNOFF SOURS BERRY LEMON,12,750,8.25,12.38,2,24.76,1.50,0.39
INV-65783100042,2023-12-29T00:00:00.000,4511,SUPER QUICK / SE 30 DM,303 SE 30TH ST,DES MOINES,50317,POINT (-93.557965976 41.58525399),,POLK,1081400,AMERICAN SCHNAPPS,421,SAZERAC COMPANY  INC,84159,99 APPLES,12,750,7.50,11.25,2,22.50,1.50,0.39
INV-65783100043,2023-12-29T00:00:00.000,4511,SUPER QUICK / SE 30 DM,303 SE 30TH ST,DES MOINES,50317,POINT (-93.557965976 41.58525399),,POLK,1081400,AMERICAN SCHNAPPS,421,SAZERAC COMPANY  INC,84170,99 BANANAS,12,750,7.50,11.25,3,33.75,2.25,0.59
INV-65783100044,2023-12-29T00:00:00.000,4511,SUPER QUICK / SE 30 DM,303 SE 30TH ST,DES MOINES,50317,POINT (-93.557965976 41.58525399),,POLK,1022200,100% AGAVE TEQUILA,260,DIAGEO AMERICAS,87280,CASAMIGOS BLANCO,6,750,28.49,42.74,2,85.48,1.50,0.39
INV-65783100045,2023-12-29T00:00:00.000,4511,SUPER QUICK / SE 30 DM,303 SE 30TH ST,DES MOINES,50317,POINT (-93.557965976 41.58525399),,POLK,1022200,100% AGAVE TEQUILA,260,DIAGEO AMERICAS,87485,DON JULIO BLANCO,6,750,30.99,46.49,2,92.98,1.50,0.39
INV-65783100046,2023-12-29T00:00:00.000,4511,SUPER QUICK / SE 30 DM,303 SE 30TH ST,DES MOINES,50317,POINT (-93.557965976 41.58525399),,POLK,1022100,MIXTO TEQUILA,395,PROXIMO,89191,JOSE CUERVO ESPECIAL REPOSADO MINI,12,50,12.33,18.50,3,55.50,0.15,0.03
INV-65783100047,2023-12-29T00:00:00.000,4511,SUPER QUICK / SE 30 DM,303 SE 30TH ST,DES MOINES,50317,POINT (-93.557965976 41.58525399),,POLK,1022100,MIXTO TEQUILA,395,PROXIMO,89193,JOSE CUERVO ESPECIAL REPOSADO,48,200,3.63,5.45,5,27.25,1.00,0.26
INV-65783100048,2023-12-29T00:00:00.000,4511,SUPER QUICK / SE 30 DM,303 SE 30TH ST,DES MOINES,50317,POINT (-93.557965976 41.58525399),,POLK,1022100,MIXTO TEQUILA,395,PROXIMO,89194,JOSE CUERVO ESPECIAL REPOSADO FLASK,24,375,6.53,9.80,5,49.00,1.87,0.49
INV-65783100049,2023-12-29T00:00:00.000,4511,SUPER QUICK / SE 30 DM,303 SE 30TH ST,DES MOINES,50317,POINT (-93.557965976 41.58525399),,POLK,1022200,100% AGAVE TEQUILA,065,JIM BEAM BRANDS,89617,SAUZA CIEN ANOS REPOSADO,12,750,11.01,16.52,3,49.56,2.25,0.59
INV-65783100050,2023-12-29T00:00:00.000,4511,SUPER QUICK / SE 30 DM,303 SE 30TH ST,DES MOINES,50317,POINT (-93.557965976 41.58525399),,POLK,1022200,100% AGAVE TEQUILA,035,BACARDI USA INC,89623,PATRON REPOSADO MINI,10,50,26.00,39.00,1,39.00,0.05,0.01
INV-65783100051,2023-12-29T00:00:00.000,4511,SUPER QUICK / SE 30 DM,303 SE 30TH ST,DES MOINES,50317,POINT (-93.557965976 41.58525399),,POLK,1022200,100% AGAVE TEQUILA,035,BACARDI USA INC,89646,PATRON ANEJO,12,750,31.50,47.25,2,94.50,1.50,0.39
INV-65783100052,2023-12-29T00:00:00.000,4511,SUPER QUICK / SE 30 DM,303 SE 30TH ST,DES MOINES,50317,POINT (-93.557965976 41.58525399),,POLK,1022200,100% AGAVE TEQUILA,395,PROXIMO,903385,SOOH GRAN CENTENARIO REPOSADO,12,750,28.50,42.75,2,85.50,1.50,0.39
INV-65783200001,2023-12-29T00:00:00.000,2636,HY-VEE WINE AND SPIRITS / HUBBELL,2310 HUBBELL AVE,DES MOINES,50317,POINT (-93.574113042 41.60463601),,POLK,1012100,CANADIAN WHISKIES,259,HEAVEN HILL BRANDS,10550,BLACK VELVET TOASTED CARAMEL,12,750,5.74,8.61,12,103.32,9.00,2.37
INV-65783200002,2023-12-29T00:00:00.000,2636,HY-VEE WINE AND SPIRITS / HUBBELL,2310 HUBBELL AVE,DES MOINES,50317,POINT (-93.574113042 41.60463601),,POLK,1012100,CANADIAN WHISKIES,259,HEAVEN HILL BRANDS,11588,BLACK VELVET RESERVE,6,1750,15.00,22.50,6,135.00,10.50,2.77
INV-65783200003,2023-12-29T00:00:00.000,2636,HY-VEE WINE AND SPIRITS / HUBBELL,2310 HUBBELL AVE,DES MOINES,50317,POINT (-93.574113042 41.60463601),,POLK,1012100,CANADIAN WHISKIES,259,HEAVEN HILL BRANDS,11788,BLACK VELVET,6,1750,11.00,16.50,18,297.00,31.50,8.32
INV-65783200004,2023-12-29T00:00:00.000,2636,HY-VEE WINE AND SPIRITS / HUBBELL,2310 HUBBELL AVE,DES MOINES,50317,POINT (-93.574113042 41.60463601),,POLK,1012400,IRISH WHISKIES,370,PERNOD RICARD USA,15627,JAMESON,12,1000,20.98,31.47,12,377.64,12.00,3.17
INV-65783200005,2023-12-29T00:00:00.000,2636,HY-VEE WINE AND SPIRITS / HUBBELL,2310 HUBBELL AVE,DES MOINES,50317,POINT (-93.574113042 41.60463601),,POLK,1011200,STRAIGHT BOURBON WHISKIES,259,HEAVEN HILL BRANDS,17127,CABIN STILL STR BOURBON,12,1000,5.00,7.50,12,90.00,12.00,3.17
INV-65783200006,2023-12-29T00:00:00.000,2636,HY-VEE WINE AND SPIRITS / HUBBELL,2310 HUBBELL AVE,DES MOINES,50317,POINT (-93.574113042 41.60463601),,POLK,1011200,STRAIGHT BOURBON WHISKIES,259,HEAVEN HILL BRANDS,17956,EVAN WILLIAMS BLACK,12,750,9.00,13.50,12,162.00,9.00,2.37
INV-65783200007,2023-12-29T00:00:00.000,2636,HY-VEE WINE AND SPIRITS / HUBBELL,2310 HUBBELL AVE,DES MOINES,50317,POINT (-93.574113042 41.60463601),,POLK,1011200,STRAIGHT BOURBON WHISKIES,259,HEAVEN HILL BRANDS,17958,EVAN WILLIAMS BLACK,6,1750,17.00,25.50,6,153.00,10.50,2.77
INV-65783200008,2023-12-29T00:00:00.000,2636,HY-VEE WINE AND SPIRITS / HUBBELL,2310 HUBBELL AVE,DES MOINES,50317,POINT (-93.574113042 41.60463601),,POLK,1011200,STRAIGHT BOURBON WHISKIES,619,CAMPARI AMERICA,22157,WILD TURKEY 101,12,1000,18.50,27.75,12,333.00,12.00,3.17
INV-65783200009,2023-12-29T00:00:00.000,2636,HY-VEE WINE AND SPIRITS / HUBBELL,2310 HUBBELL AVE,DES MOINES,50317,POINT (-93.574113042 41.60463601),,POLK,1011400,TENNESSEE WHISKIES,085,BROWN FORMAN CORP.,26827,JACK DANIELS OLD #7 BLACK LABEL,12,1000,20.27,30.41,12,364.92,12.00,3.17
INV-65783200010,2023-12-29T00:00:00.000,2636,HY-VEE WINE AND SPIRITS / HUBBELL,2310 HUBBELL AVE,DES MOINES,50317,POINT (-93.574113042 41.60463601),,POLK,1031100,AMERICAN VODKAS,421,SAZERAC COMPANY  INC,35314,BARTON VODKA,24,375,1.71,2.57,24,61.68,9.00,2.37
INV-65783200011,2023-12-29T00:00:00.000,2636,HY-VEE WINE AND SPIRITS / HUBBELL,2310 HUBBELL AVE,DES MOINES,50317,POINT (-93.574113042 41.60463601),,POLK,1031100,AMERICAN VODKAS,259,HEAVEN HILL BRANDS,35418,BURNETTS VODKA 80PRF,6,1750,8.50,12.75,6,76.50,10.50,2.77
INV-65783200012,2023-12-29T00:00:00.000,2636,HY-VEE WINE AND SPIRITS / HUBBELL,2310 HUBBELL AVE,DES MOINES,50317,POINT (-93.574113042 41.60463601),,POLK,1031100,AMERICAN VODKAS,777,"BLUE OX SPIRITS, INC.",36873,BLUE OX VODKA,12,750,3.90,5.85,12,70.20,9.00,2.37
INV-65783200013,2023-12-29T00:00:00.000,2636,HY-VEE WINE AND SPIRITS / HUBBELL,2310 HUBBELL AVE,DES MOINES,50317,POINT (-93.574113042 41.60463601),,POLK,1031100,AMERICAN VODKAS,777,"BLUE OX SPIRITS, INC.",36875,BLUE OX VODKA,6,1750,7.63,11.45,6,68.70,10.50,2.77
INV-65783200014,2023-12-29T00:00:00.000,2636,HY-VEE WINE AND SPIRITS / HUBBELL,2310 HUBBELL AVE,DES MOINES,50317,POINT (-93.574113042 41.60463601),,POLK,1031100,AMERICAN VODKAS,300,MCCORMICK DISTILLING CO.,36904,MCCORMICK 80PRF VODKA PET,24,375,1.84,2.76,24,66.24,9.00,2.37
INV-65783200015,2023-12-29T00:00:00.000,2636,HY-VEE WINE AND SPIRITS / HUBBELL,2310 HUBBELL AVE,DES MOINES,50317,POINT (-93.574113042 41.60463601),,POLK,1031100,AMERICAN VODKAS,260,DIAGEO AMERICAS,38008,SMIRNOFF 80PRF PET,6,1750,14.75,22.13,6,132.78,10.50,2.77
INV-65783200016,2023-12-29T00:00:00.000,2636,HY-VEE WINE AND SPIRITS / HUBBELL,2310 HUBBELL AVE,DES MOINES,50317,POINT (-93.574113042 41.60463601),,POLK,1031200,AMERICAN FLAVORED VODKA,205,E & J GALLO WINERY,39492,NEW AMSTERDAM PINK WHITNEY,12,750,8.00,12.00,12,144.00,9.00,2.37
INV-65783200017,2023-12-29T00:00:00.000,2636,HY-VEE WINE AND SPIRITS / HUBBELL,2310 HUBBELL AVE,DES MOINES,50317,POINT (-93.574113042 41.60463601),,POLK,1031200,AMERICAN FLAVORED VODKA,205,E & J GALLO WINERY,40071,NEW AMSTERDAM MANGO,12,750,8.00,12.00,12,144.00,9.00,2.37
INV-65783200018,2023-12-29T00:00:00.000,2636,HY-VEE WINE AND SPIRITS / HUBBELL,2310 HUBBELL AVE,DES MOINES,50317,POINT (-93.574113042 41.60463601),,POLK,1031200,AMERICAN FLAVORED VODKA,380,PHILLIPS BEVERAGE,41704,UV RED CHERRY,12,750,7.50,11.25,12,135.00,9.00,2.37
INV-65783200019,2023-12-29T00:00:00.000,2636,HY-VEE WINE AND SPIRITS / HUBBELL,2310 HUBBELL AVE,DES MOINES,50317,POINT (-93.574113042 41.60463601),,POLK,1031200,AMERICAN FLAVORED VODKA,380,PHILLIPS BEVERAGE,41705,UV RED CHERRY,12,1000,7.50,11.25,12,135.00,12.00,3.17
INV-65783200020,2023-12-29T00:00:00.000,2636,HY-VEE WINE AND SPIRITS / HUBBELL,2310 HUBBELL AVE,DES MOINES,50317,POINT (-93.574113042 41.60463601),,POLK,1062400,SPICED RUM,260,DIAGEO AMERICAS,43337,CAPTAIN MORGAN ORIGINAL SPICED,12,1000,12.99,19.49,12,233.88,12.00,3.17
INV-65783200021,2023-12-29T00:00:00.000,2636,HY-VEE WINE AND SPIRITS / HUBBELL,2310 HUBBELL AVE,DES MOINES,50317,POINT (-93.574113042 41.60463601),,POLK,1012200,SCOTCH WHISKIES,260,DIAGEO AMERICAS,4626,BUCHANAN DELUXE 12YR,12,750,21.49,32.24,3,96.72,2.25,0.59
INV-65783200022,2023-12-29T00:00:00.000,2636,HY-VEE WINE AND SPIRITS / HUBBELL,2310 HUBBELL AVE,DES MOINES,50317,POINT (-93.574113042 41.60463601),,POLK,1051100,AMERICAN BRANDIES,421,SAZERAC COMPANY  INC,53216,PAUL MASSON GRANDE AMBER BRANDY VS,12,750,6.41,9.62,12,115.44,9.00,2.37
INV-65783200023,2023-12-29T00:00:00.000,2636,HY-VEE WINE AND SPIRITS / HUBBELL,2310 HUBBELL AVE,DES MOINES,50317,POINT (-93.574113042 41.60463601),,POLK,1071000,COCKTAILS/RTD,395,PROXIMO,58868,JOSE CUERVO AUTHENTIC STRAWBERRY LIME MARGARITA,6,1750,8.74,13.11,6,78.66,10.50,2.77
INV-65783200024,2023-12-29T00:00:00.000,2636,HY-VEE WINE AND SPIRITS / HUBBELL,2310 HUBBELL AVE,DES MOINES,50317,POINT (-93.574113042 41.60463601),,POLK,1081600,WHISKEY LIQUEUR,421,SAZERAC COMPANY  INC,64867,FIREBALL CINNAMON WHISKEY,12,1000,12.00,18.00,24,432.00,24.00,6.34
INV-65783200025,2023-12-29T00:00:00.000,2636,HY-VEE WINE AND SPIRITS / HUBBELL,2310 HUBBELL AVE,DES MOINES,50317,POINT (-93.574113042 41.60463601),,POLK,1082100,IMPORTED CORDIALS & LIQUEURS,619,CAMPARI AMERICA,64996,FRANGELICO LIQUEUR,12,750,16.50,24.75,3,74.25,2.25,0.59
INV-65783200026,2023-12-29T00:00:00.000,2636,HY-VEE WINE AND SPIRITS / HUBBELL,2310 HUBBELL AVE,DES MOINES,50317,POINT (-93.574113042 41.60463601),,POLK,1081200,CREAM LIQUEURS,300,MCCORMICK DISTILLING CO.,65200,TEQUILA ROSE LIQUEUR,12,750,12.50,18.75,12,225.00,9.00,2.37
INV-65783200027,2023-12-29T00:00:00.000,2636,HY-VEE WINE AND SPIRITS / HUBBELL,2310 HUBBELL AVE,DES MOINES,50317,POINT (-93.574113042 41.60463601),,POLK,1082200,IMPORTED SCHNAPPS,260,DIAGEO AMERICAS,69947,RUMPLE MINZE PEPPERMINT SCHNAPPS LIQUEUR,12,1000,16.99,25.49,12,305.88,12.00,3.17
INV-65783200028,2023-12-29T00:00:00.000,2636,HY-VEE WINE AND SPIRITS / HUBBELL,2310 HUBBELL AVE,DES MOINES,50317,POINT (-93.574113042 41.60463601),,POLK,1091100,AMERICAN DISTILLED SPIRITS SPECIALTY,154,DUNKEL CORPORATION / IOWA DISTILLING,77805,SAINTS N SINNERS APPLE PIE,12,750,8.00,12.00,12,144.00,9.00,2.37
INV-65783200029,2023-12-29T00:00:00.000,2636,HY-VEE WINE AND SPIRITS / HUBBELL,2310 HUBBELL AVE,DES MOINES,50317,POINT (-93.574113042 41.60463601),,POLK,1081400,AMERICAN SCHNAPPS,065,JIM BEAM BRANDS,82787,DEKUYPER BUTTERSHOTS,12,1000,7.87,11.81,12,141.72,12.00,3.17
INV-65783200030,2023-12-29T00:00:00.000,2636,HY-VEE WINE AND SPIRITS / HUBBELL,2310 HUBBELL AVE,DES MOINES,50317,POINT (-93.574113042 41.60463601),,POLK,1081400,AMERICAN SCHNAPPS,065,JIM BEAM BRANDS,82847,DEKUYPER LUSCIOUS PEACHTREE,12,1000,7.87,11.81,12,141.72,12.00,3.17
INV-65783200031,2023-12-29T00:00:00.000,2636,HY-VEE WINE AND SPIRITS / HUBBELL,2310 HUBBELL AVE,DES MOINES,50317,POINT (-93.574113042 41.60463601),,POLK,1081400,AMERICAN SCHNAPPS,065,JIM BEAM BRANDS,82867,DEKUYPER WATERMELON PUCKER,12,1000,7.87,11.81,12,141.72,12.00,3.17
INV-65783200032,2023-12-29T00:00:00.000,2636,HY-VEE WINE AND SPIRITS / HUBBELL,2310 HUBBELL AVE,DES MOINES,50317,POINT (-93.574113042 41.60463601),,POLK,1081300,AMERICAN CORDIALS & LIQUEURS,421,SAZERAC COMPANY  INC,84160,99 APPLES MINI DISPLAY,1,50,51.60,77.40,1,77.40,0.05,0.01
INV-65783200033,2023-12-29T00:00:00.000,2636,HY-VEE WINE AND SPIRITS / HUBBELL,2310 HUBBELL AVE,DES MOINES,50317,POINT (-93.574113042 41.60463601),,POLK,1091300,NEUTRAL GRAIN SPIRITS FLAVORED,346,OLE SMOKY DISTILLERY LLC,86843,OLE SMOKY SALTY CARAMEL WHISKEY,6,750,11.00,16.50,6,99.00,4.50,1.18
INV-65783200034,2023-12-29T00:00:00.000,2636,HY-VEE WINE AND SPIRITS / HUBBELL,2310 HUBBELL AVE,DES MOINES,50317,POINT (-93.574113042 41.60463601),,POLK,1081600,WHISKEY LIQUEUR,421,SAZERAC COMPANY  INC,86887,SOUTHERN COMFORT,12,1000,12.97,19.46,12,233.52,12.00,3.17
INV-65783200035,2023-12-29T00:00:00.000,2636,HY-VEE WINE AND SPIRITS / HUBBELL,2310 HUBBELL AVE,DES MOINES,50317,POINT (-93.574113042 41.60463601),,POLK,1011100,BLENDED WHISKIES,370,PERNOD RICARD USA,87050,SKREWBALL PEANUT BUTTER WHISKEY,6,1000,18.98,28.47,6,170.82,6.00,1.58
INV-65783200036,2023-12-29T00:00:00.000,2636,HY-VEE WINE AND SPIRITS / HUBBELL,2310 HUBBELL AVE,DES MOINES,50317,POINT (-93.574113042 41.60463601),,POLK,1022200,100% AGAVE TEQUILA,619,CAMPARI AMERICA,87250,CABO WABO BLANCO,6,750,21.00,31.50,6,189.00,4.50,1.18
INV-65783200037,2023-12-29T00:00:00.000,2636,HY-VEE WINE AND SPIRITS / HUBBELL,2310 HUBBELL AVE,DES MOINES,50317,POINT (-93.574113042 41.60463601),,POLK,1022100,MIXTO TEQUILA,395,PROXIMO,89197,JOSE CUERVO ESPECIAL REPOSADO,12,1000,15.00,22.50,12,261.00,12.00,3.17
INV-65783200038,2023-12-29T00:00:00.000,2636,HY-VEE WINE AND SPIRITS / HUBBELL,2310 HUBBELL AVE,DES MOINES,50317,POINT (-93.574113042 41.60463601),,POLK,1022200,100% AGAVE TEQUILA,065,JIM BEAM BRANDS,89836,HORNITOS REPOSADO,12,750,16.00,24.00,12,288.00,9.00,2.37
INV-65783300001,2023-12-29T00:00:00.000,4599,QUIK TRIP #500 / HUBBELL DM,3700 HUBBELL AVE,DES MOINES,50317,POINT (-93.54527896 41.629373981),,POLK,1012100,CANADIAN WHISKIES,260,DIAGEO AMERICAS,10803,CROWN ROYAL REGAL APPLE MINI,10,50,9.95,14.93,2,29.86,0.10,0.02
INV-65783300002,2023-12-29T00:00:00.000,4599,QUIK TRIP #500 / HUBBELL DM,3700 HUBBELL AVE,DES MOINES,50317,POINT (-93.54527896 41.629373981),,POLK,1012100,CANADIAN WHISKIES,260,DIAGEO AMERICAS,11294,CROWN ROYAL,24,375,8.49,12.74,10,127.40,3.75,0.99
INV-65783300003,2023-12-29T00:00:00.000,4599,QUIK TRIP #500 / HUBBELL DM,3700 HUBBELL AVE,DES MOINES,50317,POINT (-93.54527896 41.629373981),,POLK,1012100,CANADIAN WHISKIES,260,DIAGEO AMERICAS,11296,CROWN ROYAL,12,750,17.49,26.24,2,52.48,1.50,0.39
INV-65783300004,2023-12-29T00:00:00.000,4599,QUIK TRIP #500 / HUBBELL DM,3700 HUBBELL AVE,DES MOINES,50317,POINT (-93.54527896 41.629373981),,POLK,1012100,CANADIAN WHISKIES,259,HEAVEN HILL BRANDS,11771,BLACK VELVET MINI,8,50,8.87,13.31,1,13.31,0.05,0.01
INV-65783300005,2023-12-29T00:00:00.000,4599,QUIK TRIP #500 / HUBBELL DM,3700 HUBBELL AVE,DES MOINES,50317,POINT (-93.54527896 41.629373981),,POLK,1011200,STRAIGHT BOURBON WHISKIES,619,CAMPARI AMERICA,22154,WILD TURKEY 101,12,375,7.00,10.50,6,63.00,2.25,0.59
INV-65783300006,2023-12-29T00:00:00.000,4599,QUIK TRIP #500 / HUBBELL DM,3700 HUBBELL AVE,DES MOINES,50317,POINT (-93.54527896 41.629373981),,POLK,1011400,TENNESSEE WHISKIES,085,BROWN FORMAN CORP.,26821,JACK DANIELS OLD #7 BLACK LABEL MINI,12,50,11.50,17.25,1,17.25,0.05,0.01
INV-65783300007,2023-12-29T00:00:00.000,4599,QUIK TRIP #500 / HUBBELL DM,3700 HUBBELL AVE,DES MOINES,50317,POINT (-93.54527896 41.629373981),,POLK,1011400,TENNESSEE WHISKIES,085,BROWN FORMAN CORP.,26824,JACK DANIELS OLD #7 BLACK LABEL SQUARE,24,375,8.25,12.38,8,99.04,3.00,0.79
INV-65783300008,2023-12-29T00:00:00.000,4599,QUIK TRIP #500 / HUBBELL DM,3700 HUBBELL AVE,DES MOINES,50317,POINT (-93.54527896 41.629373981),,POLK,1032100,IMPORTED VODKAS,370,PERNOD RICARD USA,34001,ABSOLUT SWEDISH VODKA 80PRF MINI,10,50,7.92,11.88,2,23.76,0.10,0.02
INV-65783300009,2023-12-29T00:00:00.000,4599,QUIK TRIP #500 / HUBBELL DM,3700 HUBBELL AVE,DES MOINES,50317,POINT (-93.54527896 41.629373981),,POLK,1031100,AMERICAN VODKAS,421,SAZERAC COMPANY  INC,35314,BARTON VODKA,24,375,1.71,2.57,24,61.68,9.00,2.37
INV-65783300010,2023-12-29T00:00:00.000,4599,QUIK TRIP #500 / HUBBELL DM,3700 HUBBELL AVE,DES MOINES,50317,POINT (-93.54527896 41.629373981),,POLK,1031100,AMERICAN VODKAS,421,SAZERAC COMPANY  INC,35776,BARTON VODKA MINI,10,50,3.92,5.88,1,5.88,0.05,0.01
INV-65783300011,2023-12-29T00:00:00.000,4599,QUIK TRIP #500 / HUBBELL DM,3700 HUBBELL AVE,DES MOINES,50317,POINT (-93.54527896 41.629373981),,POLK,1031100,AMERICAN VODKAS,300,MCCORMICK DISTILLING CO.,36903,MCCORMICK 80PRF VODKA,48,200,1.19,1.79,48,85.92,9.60,2.53
INV-65783300012,2023-12-29T00:00:00.000,4599,QUIK TRIP #500 / HUBBELL DM,3700 HUBBELL AVE,DES MOINES,50317,POINT (-93.54527896 41.629373981),,POLK,1031100,AMERICAN VODKAS,300,MCCORMICK DISTILLING CO.,36904,MCCORMICK 80PRF VODKA PET,24,375,1.84,2.76,72,198.72,27.00,7.13
INV-65783300013,2023-12-29T00:00:00.000,4599,QUIK TRIP #500 / HUBBELL DM,3700 HUBBELL AVE,DES MOINES,50317,POINT (-93.54527896 41.629373981),,POLK,1031100,AMERICAN VODKAS,205,E & J GALLO WINERY,36968,NEW AMSTERDAM 80PRF,24,375,4.00,6.00,10,60.00,3.75,0.99
INV-65783300014,2023-12-29T00:00:00.000,4599,QUIK TRIP #500 / HUBBELL DM,3700 HUBBELL AVE,DES MOINES,50317,POINT (-93.54527896 41.629373981),,POLK,1031100,AMERICAN VODKAS,260,DIAGEO AMERICAS,37993,SMIRNOFF 80PRF,48,200,2.54,3.81,5,19.05,1.00,0.26
INV-65783300015,2023-12-29T00:00:00.000,4599,QUIK TRIP #500 / HUBBELL DM,3700 HUBBELL AVE,DES MOINES,50317,POINT (-93.54527896 41.629373981),,POLK,1031100,AMERICAN VODKAS,260,DIAGEO AMERICAS,37996,SMIRNOFF 80PRF,12,750,8.25,12.38,1,12.38,0.75,0.19
INV-65783300016,2023-12-29T00:00:00.000,4599,QUIK TRIP #500 / HUBBELL DM,3700 HUBBELL AVE,DES MOINES,50317,POINT (-93.54527896 41.629373981),,POLK,1031100,AMERICAN VODKAS,421,SAZERAC COMPANY  INC,38089,PLATINUM 7X VODKA,48,100,1.00,1.50,48,72.00,4.80,1.26
INV-65783300017,2023-12-29T00:00:00.000,4599,QUIK TRIP #500 / HUBBELL DM,3700 HUBBELL AVE,DES MOINES,50317,POINT (-93.54527896 41.629373981),,POLK,1031100,AMERICAN VODKAS,301,FIFTH GENERATION INC,38174,TITOS HANDMADE VODKA,12,375,5.42,8.13,12,97.56,4.50,1.18
INV-65783300018,2023-12-29T00:00:00.000,4599,QUIK TRIP #500 / HUBBELL DM,3700 HUBBELL AVE,DES MOINES,50317,POINT (-93.54527896 41.629373981),,POLK,1031100,AMERICAN VODKAS,301,FIFTH GENERATION INC,38174,TITOS HANDMADE VODKA,12,375,5.42,8.13,2,16.26,0.75,0.19
INV-65783300019,2023-12-29T00:00:00.000,4599,QUIK TRIP #500 / HUBBELL DM,3700 HUBBELL AVE,DES MOINES,50317,POINT (-93.54527896 41.629373981),,POLK,1031100,AMERICAN VODKAS,301,FIFTH GENERATION INC,38176,TITOS HANDMADE VODKA,12,750,10.00,15.00,1,15.00,0.75,0.19
INV-65783300020,2023-12-29T00:00:00.000,4599,QUIK TRIP #500 / HUBBELL DM,3700 HUBBELL AVE,DES MOINES,50317,POINT (-93.54527896 41.629373981),,POLK,1031100,AMERICAN VODKAS,301,FIFTH GENERATION INC,38179,TITOS HANDMADE VODKA,24,200,3.49,5.24,9,47.16,1.80,0.47
INV-65783300021,2023-12-29T00:00:00.000,4599,QUIK TRIP #500 / HUBBELL DM,3700 HUBBELL AVE,DES MOINES,50317,POINT (-93.54527896 41.629373981),,POLK,1031200,AMERICAN FLAVORED VODKA,380,PHILLIPS BEVERAGE,39865,UV BLUE RASPBERRY,24,375,3.49,5.24,24,125.76,9.00,2.37
INV-65783300022,2023-12-29T00:00:00.000,4599,QUIK TRIP #500 / HUBBELL DM,3700 HUBBELL AVE,DES MOINES,50317,POINT (-93.54527896 41.629373981),,POLK,1031200,AMERICAN FLAVORED VODKA,205,E & J GALLO WINERY,40192,NEW AMSTERDAM PINEAPPLE,24,375,4.00,6.00,10,60.00,3.75,0.99
INV-65783300023,2023-12-29T00:00:00.000,4599,QUIK TRIP #500 / HUBBELL DM,3700 HUBBELL AVE,DES MOINES,50317,POINT (-93.54527896 41.629373981),,POLK,1031200,AMERICAN FLAVORED VODKA,205,E & J GALLO WINERY,40593,NEW AMSTERDAM PEACH,24,375,4.00,6.00,10,60.00,3.75,0.99
INV-65783300024,2023-12-29T00:00:00.000,4599,QUIK TRIP #500 / HUBBELL DM,3700 HUBBELL AVE,DES MOINES,50317,POINT (-93.54527896 41.629373981),,POLK,1062200,WHITE RUM,035,BACARDI USA INC,43124,BACARDI SUPERIOR,24,375,5.00,7.50,5,37.50,1.87,0.49
INV-65783300025,2023-12-29T00:00:00.000,4599,QUIK TRIP #500 / HUBBELL DM,3700 HUBBELL AVE,DES MOINES,50317,POINT (-93.54527896 41.629373981),,POLK,1052100,IMPORTED BRANDIES,420,MOET HENNESSY USA,48099,HENNESSY VS,24,200,7.49,11.24,10,112.40,2.00,0.52
INV-65783300026,2023-12-29T00:00:00.000,4599,QUIK TRIP #500 / HUBBELL DM,3700 HUBBELL AVE,DES MOINES,50317,POINT (-93.54527896 41.629373981),,POLK,1052100,IMPORTED BRANDIES,420,MOET HENNESSY USA,48105,HENNESSY VS,12,375,11.49,17.24,12,206.88,4.50,1.18
INV-65783300027,2023-12-29T00:00:00.000,4599,QUIK TRIP #500 / HUBBELL DM,3700 HUBBELL AVE,DES MOINES,50317,POINT (-93.54527896 41.629373981),,POLK,1052100,IMPORTED BRANDIES,420,MOET HENNESSY USA,48105,HENNESSY VS,12,375,11.49,17.24,3,51.72,1.12,0.29
INV-65783300028,2023-12-29T00:00:00.000,4599,QUIK TRIP #500 / HUBBELL DM,3700 HUBBELL AVE,DES MOINES,50317,POINT (-93.54527896 41.629373981),,POLK,1051100,AMERICAN BRANDIES,205,E & J GALLO WINERY,52593,E & J VS,24,200,2.14,3.21,24,77.04,4.80,1.26
INV-65783300029,2023-12-29T00:00:00.000,4599,QUIK TRIP #500 / HUBBELL DM,3700 HUBBELL AVE,DES MOINES,50317,POINT (-93.54527896 41.629373981),,POLK,1051100,AMERICAN BRANDIES,421,SAZERAC COMPANY  INC,53211,PAUL MASSON GRANDE AMBER BRANDY VS MINI,12,50,5.93,8.90,1,8.90,0.05,0.01
INV-65783300030,2023-12-29T00:00:00.000,4599,QUIK TRIP #500 / HUBBELL DM,3700 HUBBELL AVE,DES MOINES,50317,POINT (-93.54527896 41.629373981),,POLK,1051100,AMERICAN BRANDIES,421,SAZERAC COMPANY  INC,53214,PAUL MASSON GRANDE AMBER BRANDY VS,24,375,3.22,4.83,24,115.92,9.00,2.37
INV-65783300031,2023-12-29T00:00:00.000,4599,QUIK TRIP #500 / HUBBELL DM,3700 HUBBELL AVE,DES MOINES,50317,POINT (-93.54527896 41.629373981),,POLK,1051100,AMERICAN BRANDIES,421,SAZERAC COMPANY  INC,56195,PAUL MASSON PEACH GRANDE AMBER BRANDY,24,375,3.22,4.83,18,86.94,6.75,1.78
INV-65783300032,2023-12-29T00:00:00.000,4599,QUIK TRIP #500 / HUBBELL DM,3700 HUBBELL AVE,DES MOINES,50317,POINT (-93.54527896 41.629373981),,POLK,1081600,WHISKEY LIQUEUR,421,SAZERAC COMPANY  INC,64863,FIREBALL CINNAMON WHISKEY,48,200,2.50,3.75,20,75.00,4.00,1.05
INV-65783300033,2023-12-29T00:00:00.000,4599,QUIK TRIP #500 / HUBBELL DM,3700 HUBBELL AVE,DES MOINES,50317,POINT (-93.54527896 41.629373981),,POLK,1081600,WHISKEY LIQUEUR,421,SAZERAC COMPANY  INC,64866,FIREBALL CINNAMON WHISKEY,12,750,9.00,13.50,3,40.50,2.25,0.59
INV-65783300034,2023-12-29T00:00:00.000,4599,QUIK TRIP #500 / HUBBELL DM,3700 HUBBELL AVE,DES MOINES,50317,POINT (-93.54527896 41.629373981),,POLK,1081600,WHISKEY LIQUEUR,421,SAZERAC COMPANY  INC,64870,FIREBALL CINNAMON WHISKEY,48,100,1.00,1.50,288,432.00,28.80,7.60
INV-65783300035,2023-12-29T00:00:00.000,4599,QUIK TRIP #500 / HUBBELL DM,3700 HUBBELL AVE,DES MOINES,50317,POINT (-93.54527896 41.629373981),,POLK,1081600,WHISKEY LIQUEUR,421,SAZERAC COMPANY  INC,65013,FIREBALL CINNAMON WHISKEY MINI SLEEVE,12,50,4.30,6.45,24,154.80,1.20,0.31
INV-65783300036,2023-12-29T00:00:00.000,4599,QUIK TRIP #500 / HUBBELL DM,3700 HUBBELL AVE,DES MOINES,50317,POINT (-93.54527896 41.629373981),,POLK,1081400,AMERICAN SCHNAPPS,421,SAZERAC COMPANY  INC,84171,99 BANANAS,48,100,1.00,1.50,48,72.00,4.80,1.26
INV-65783300037,2023-12-29T00:00:00.000,4599,QUIK TRIP #500 / HUBBELL DM,3700 HUBBELL AVE,DES MOINES,50317,POINT (-93.54527896 41.629373981),,POLK,1081400,AMERICAN SCHNAPPS,421,SAZERAC COMPANY  INC,84192,99 BUTTERSCOTCH,48,100,1.00,1.50,48,72.00,4.80,1.26
INV-65783300038,2023-12-29T00:00:00.000,4599,QUIK TRIP #500 / HUBBELL DM,3700 HUBBELL AVE,DES MOINES,50317,POINT (-93.54527896 41.629373981),,POLK,1081400,AMERICAN SCHNAPPS,421,SAZERAC COMPANY  INC,84217,99 GRAPES,48,100,1.00,1.50,96,144.00,9.60,2.53
INV-65783300039,2023-12-29T00:00:00.000,4599,QUIK TRIP #500 / HUBBELL DM,3700 HUBBELL AVE,DES MOINES,50317,POINT (-93.54527896 41.629373981),,POLK,1022100,MIXTO TEQUILA,395,PROXIMO,89191,JOSE CUERVO ESPECIAL REPOSADO MINI,12,50,12.33,18.50,1,18.50,0.05,0.01
INV-65783300040,2023-12-29T00:00:00.000,4599,QUIK TRIP #500 / HUBBELL DM,3700 HUBBELL AVE,DES MOINES,50317,POINT (-93.54527896 41.629373981),,POLK,1022100,MIXTO TEQUILA,395,PROXIMO,89193,JOSE CUERVO ESPECIAL REPOSADO,48,200,3.63,5.45,48,261.60,9.60,2.53
INV-65783300041,2023-12-29T00:00:00.000,4599,QUIK TRIP #500 / HUBBELL DM,3700 HUBBELL AVE,DES MOINES,50317,POINT (-93.54527896 41.629373981),,POLK,1022100,MIXTO TEQUILA,395,PROXIMO,89194,JOSE CUERVO ESPECIAL REPOSADO FLASK,24,375,6.53,9.80,24,235.20,9.00,2.37
INV-65783400001,2023-12-29T00:00:00.000,5664,CASEY'S GENERAL STORE #45 / DES MOINES,2890 E BROADWAY AVE,DES MOINES,50317,POINT (-93.526718134 41.644110045),,POLK,1081600,WHISKEY LIQUEUR,421,SAZERAC COMPANY  INC,100423,FIREBALL CINNAMON WHISKEY 100ML CARRIER,8,100,6.00,9.00,32,288.00,3.20,0.84
INV-65783400002,2023-12-29T00:00:00.000,5664,CASEY'S GENERAL STORE #45 / DES MOINES,2890 E BROADWAY AVE,DES MOINES,50317,POINT (-93.526718134 41.644110045),,POLK,1081400,AMERICAN SCHNAPPS,421,SAZERAC COMPANY  INC,101180,99 FRUITS MINI,1,50,51.60,77.40,1,77.40,0.05,0.01
INV-65783400003,2023-12-29T00:00:00.000,5664,CASEY'S GENERAL STORE #45 / DES MOINES,2890 E BROADWAY AVE,DES MOINES,50317,POINT (-93.526718134 41.644110045),,POLK,1012100,CANADIAN WHISKIES,260,DIAGEO AMERICAS,10803,CROWN ROYAL REGAL APPLE MINI,10,50,9.95,14.93,2,29.86,0.10,0.02
INV-65783400004,2023-12-29T00:00:00.000,5664,CASEY'S GENERAL STORE #45 / DES MOINES,2890 E BROADWAY AVE,DES MOINES,50317,POINT (-93.526718134 41.644110045),,POLK,1012100,CANADIAN WHISKIES,260,DIAGEO AMERICAS,10805,CROWN ROYAL REGAL APPLE,24,375,8.49,12.74,6,76.44,2.25,0.59
INV-65783400005,2023-12-29T00:00:00.000,5664,CASEY'S GENERAL STORE #45 / DES MOINES,2890 E BROADWAY AVE,DES MOINES,50317,POINT (-93.526718134 41.644110045),,POLK,1012100,CANADIAN WHISKIES,260,DIAGEO AMERICAS,11290,CROWN ROYAL MINI,10,50,9.95,14.93,3,44.79,0.15,0.03
INV-65783400006,2023-12-29T00:00:00.000,5664,CASEY'S GENERAL STORE #45 / DES MOINES,2890 E BROADWAY AVE,DES MOINES,50317,POINT (-93.526718134 41.644110045),,POLK,1012100,CANADIAN WHISKIES,260,DIAGEO AMERICAS,11294,CROWN ROYAL,24,375,8.49,12.74,8,101.92,3.00,0.79
INV-65783400007,2023-12-29T00:00:00.000,5664,CASEY'S GENERAL STORE #45 / DES MOINES,2890 E BROADWAY AVE,DES MOINES,50317,POINT (-93.526718134 41.644110045),,POLK,1012100,CANADIAN WHISKIES,260,DIAGEO AMERICAS,11296,CROWN ROYAL,12,750,17.49,26.24,2,52.48,1.50,0.39
INV-65783400008,2023-12-29T00:00:00.000,5664,CASEY'S GENERAL STORE #45 / DES MOINES,2890 E BROADWAY AVE,DES MOINES,50317,POINT (-93.526718134 41.644110045),,POLK,1012100,CANADIAN WHISKIES,259,HEAVEN HILL BRANDS,11774,BLACK VELVET,24,375,3.25,4.88,24,117.12,9.00,2.37
INV-65783400009,2023-12-29T00:00:00.000,5664,CASEY'S GENERAL STORE #45 / DES MOINES,2890 E BROADWAY AVE,DES MOINES,50317,POINT (-93.526718134 41.644110045),,POLK,1012100,CANADIAN WHISKIES,259,HEAVEN HILL BRANDS,11776,BLACK VELVET,12,750,5.50,8.25,5,41.25,3.75,0.99
INV-65783400010,2023-12-29T00:00:00.000,5664,CASEY'S GENERAL STORE #45 / DES MOINES,2890 E BROADWAY AVE,DES MOINES,50317,POINT (-93.526718134 41.644110045),,POLK,1011400,TENNESSEE WHISKIES,085,BROWN FORMAN CORP.,26821,JACK DANIELS OLD #7 BLACK LABEL MINI,12,50,11.50,17.25,4,69.00,0.20,0.05
INV-65783400011,2023-12-29T00:00:00.000,5664,CASEY'S GENERAL STORE #45 / DES MOINES,2890 E BROADWAY AVE,DES MOINES,50317,POINT (-93.526718134 41.644110045),,POLK,1031100,AMERICAN VODKAS,434,LUXCO INC,36304,HAWKEYE VODKA,24,375,2.00,3.00,24,72.00,9.00,2.37
INV-65783400012,2023-12-29T00:00:00.000,5664,CASEY'S GENERAL STORE #45 / DES MOINES,2890 E BROADWAY AVE,DES MOINES,50317,POINT (-93.526718134 41.644110045),,POLK,1031100,AMERICAN VODKAS,434,LUXCO INC,36308,HAWKEYE VODKA,6,1750,7.50,11.25,4,45.00,7.00,1.84
INV-65783400013,2023-12-29T00:00:00.000,5664,CASEY'S GENERAL STORE #45 / DES MOINES,2890 E BROADWAY AVE,DES MOINES,50317,POINT (-93.526718134 41.644110045),,POLK,1031100,AMERICAN VODKAS,300,MCCORMICK DISTILLING CO.,36904,MCCORMICK 80PRF VODKA PET,24,375,1.84,2.76,24,66.24,9.00,2.37
INV-65783400014,2023-12-29T00:00:00.000,5664,CASEY'S GENERAL STORE #45 / DES MOINES,2890 E BROADWAY AVE,DES MOINES,50317,POINT (-93.526718134 41.644110045),,POLK,1031100,AMERICAN VODKAS,260,DIAGEO AMERICAS,37996,SMIRNOFF 80PRF,12,750,8.25,12.38,6,74.28,4.50,1.18
INV-65783400015,2023-12-29T00:00:00.000,5664,CASEY'S GENERAL STORE #45 / DES MOINES,2890 E BROADWAY AVE,DES MOINES,50317,POINT (-93.526718134 41.644110045),,POLK,1031100,AMERICAN VODKAS,301,FIFTH GENERATION INC,38174,TITOS HANDMADE VODKA,12,375,5.42,8.13,6,48.78,2.25,0.59
INV-65783400016,2023-12-29T00:00:00.000,5664,CASEY'S GENERAL STORE #45 / DES MOINES,2890 E BROADWAY AVE,DES MOINES,50317,POINT (-93.526718134 41.644110045),,POLK,1031200,AMERICAN FLAVORED VODKA,205,E & J GALLO WINERY,39492,NEW AMSTERDAM PINK WHITNEY,12,750,8.00,12.00,4,48.00,3.00,0.79
INV-65783400017,2023-12-29T00:00:00.000,5664,CASEY'S GENERAL STORE #45 / DES MOINES,2890 E BROADWAY AVE,DES MOINES,50317,POINT (-93.526718134 41.644110045),,POLK,1062400,SPICED RUM,259,HEAVEN HILL BRANDS,43024,ADMIRAL NELSON SPICED,24,375,3.25,4.88,24,117.12,9.00,2.37
INV-65783400018,2023-12-29T00:00:00.000,5664,CASEY'S GENERAL STORE #45 / DES MOINES,2890 E BROADWAY AVE,DES MOINES,50317,POINT (-93.526718134 41.644110045),,POLK,1062500,FLAVORED RUM,035,BACARDI USA INC,43138,BACARDI LIMON,6,1750,15.50,23.25,3,69.75,5.25,1.38
INV-65783400019,2023-12-29T00:00:00.000,5664,CASEY'S GENERAL STORE #45 / DES MOINES,2890 E BROADWAY AVE,DES MOINES,50317,POINT (-93.526718134 41.644110045),,POLK,1062400,SPICED RUM,260,DIAGEO AMERICAS,43334,CAPTAIN MORGAN ORIGINAL SPICED,24,375,5.24,7.86,24,188.64,9.00,2.37
INV-65783400020,2023-12-29T00:00:00.000,5664,CASEY'S GENERAL STORE #45 / DES MOINES,2890 E BROADWAY AVE,DES MOINES,50317,POINT (-93.526718134 41.644110045),,POLK,1062400,SPICED RUM,260,DIAGEO AMERICAS,43336,CAPTAIN MORGAN ORIGINAL SPICED,12,750,9.49,14.24,12,170.88,9.00,2.37
INV-65783400021,2023-12-29T00:00:00.000,5664,CASEY'S GENERAL STORE #45 / DES MOINES,2890 E BROADWAY AVE,DES MOINES,50317,POINT (-93.526718134 41.644110045),,POLK,1081600,WHISKEY LIQUEUR,421,SAZERAC COMPANY  INC,64858,FIREBALL CINNAMON WHISKEY MINI DISPENSER,1,50,25.80,38.70,1,38.70,0.05,0.01
INV-65783400022,2023-12-29T00:00:00.000,5664,CASEY'S GENERAL STORE #45 / DES MOINES,2890 E BROADWAY AVE,DES MOINES,50317,POINT (-93.526718134 41.644110045),,POLK,1081600,WHISKEY LIQUEUR,421,SAZERAC COMPANY  INC,64866,FIREBALL CINNAMON WHISKEY,12,750,9.00,13.50,8,108.00,6.00,1.58
INV-65783400023,2023-12-29T00:00:00.000,5664,CASEY'S GENERAL STORE #45 / DES MOINES,2890 E BROADWAY AVE,DES MOINES,50317,POINT (-93.526718134 41.644110045),,POLK,1081600,WHISKEY LIQUEUR,421,SAZERAC COMPANY  INC,64870,FIREBALL CINNAMON WHISKEY,48,100,1.00,1.50,96,144.00,9.60,2.53
INV-65783400024,2023-12-29T00:00:00.000,5664,CASEY'S GENERAL STORE #45 / DES MOINES,2890 E BROADWAY AVE,DES MOINES,50317,POINT (-93.526718134 41.644110045),,POLK,1081600,WHISKEY LIQUEUR,421,SAZERAC COMPANY  INC,64904,FIREBALL CINNAMON WHISKEY PET,6,1750,16.00,24.00,1,24.00,1.75,0.46
INV-65783400025,2023-12-29T00:00:00.000,5664,CASEY'S GENERAL STORE #45 / DES MOINES,2890 E BROADWAY AVE,DES MOINES,50317,POINT (-93.526718134 41.644110045),,POLK,1081600,WHISKEY LIQUEUR,421,SAZERAC COMPANY  INC,65013,FIREBALL CINNAMON WHISKEY MINI SLEEVE,12,50,4.30,6.45,48,309.60,2.40,0.63
INV-65783400026,2023-12-29T00:00:00.000,5664,CASEY'S GENERAL STORE #45 / DES MOINES,2890 E BROADWAY AVE,DES MOINES,50317,POINT (-93.526718134 41.644110045),,POLK,1081600,WHISKEY LIQUEUR,421,SAZERAC COMPANY  INC,86881,SOUTHERN COMFORT MINI,10,50,5.16,7.74,6,46.44,0.30,0.07
INV-65783400027,2023-12-29T00:00:00.000,5664,CASEY'S GENERAL STORE #45 / DES MOINES,2890 E BROADWAY AVE,DES MOINES,50317,POINT (-93.526718134 41.644110045),,POLK,1022200,100% AGAVE TEQUILA,395,PROXIMO,87401,JOSE CUERVO ESPECIAL SILVER MINI,12,50,12.33,18.50,4,74.00,0.20,0.05
INV-65783400028,2023-12-29T00:00:00.000,5664,CASEY'S GENERAL STORE #45 / DES MOINES,2890 E BROADWAY AVE,DES MOINES,50317,POINT (-93.526718134 41.644110045),,POLK,1022100,MIXTO TEQUILA,395,PROXIMO,89196,JOSE CUERVO ESPECIAL REPOSADO,12,750,12.00,18.00,6,108.00,4.50,1.18
INV-65783500001,2023-12-29T00:00:00.000,6129,EAST END LIQUOR / DES MOINES,3804 HUBBELL AVE,DES MOINES,50317,POINT (-93.541625959 41.631082004),,POLK,1012100,CANADIAN WHISKIES,260,DIAGEO AMERICAS,10776,CROWN ROYAL PEACH,24,375,8.49,12.74,7,89.18,2.62,0.69
INV-65783500002,2023-12-29T00:00:00.000,6129,EAST END LIQUOR / DES MOINES,3804 HUBBELL AVE,DES MOINES,50317,POINT (-93.541625959 41.631082004),,POLK,1012100,CANADIAN WHISKIES,260,DIAGEO AMERICAS,10802,CROWN ROYAL PEACH,12,750,17.49,26.24,6,157.44,4.50,1.18
INV-65783500003,2023-12-29T00:00:00.000,6129,EAST END LIQUOR / DES MOINES,3804 HUBBELL AVE,DES MOINES,50317,POINT (-93.541625959 41.631082004),,POLK,1012100,CANADIAN WHISKIES,260,DIAGEO AMERICAS,10805,CROWN ROYAL REGAL APPLE,24,375,8.49,12.74,6,76.44,2.25,0.59
INV-65783500004,2023-12-29T00:00:00.000,6129,EAST END LIQUOR / DES MOINES,3804 HUBBELL AVE,DES MOINES,50317,POINT (-93.541625959 41.631082004),,POLK,1012100,CANADIAN WHISKIES,260,DIAGEO AMERICAS,10807,CROWN ROYAL REGAL APPLE,12,750,17.49,26.24,6,157.44,4.50,1.18
INV-65783500005,2023-12-29T00:00:00.000,6129,EAST END LIQUOR / DES MOINES,3804 HUBBELL AVE,DES MOINES,50317,POINT (-93.541625959 41.631082004),,POLK,1012100,CANADIAN WHISKIES,260,DIAGEO AMERICAS,11294,CROWN ROYAL,24,375,8.49,12.74,12,152.88,4.50,1.18
INV-65783500006,2023-12-29T00:00:00.000,6129,EAST END LIQUOR / DES MOINES,3804 HUBBELL AVE,DES MOINES,50317,POINT (-93.541625959 41.631082004),,POLK,1012100,CANADIAN WHISKIES,260,DIAGEO AMERICAS,11299,CROWN ROYAL,44,200,5.00,7.50,10,75.00,2.00,0.52
INV-65783500007,2023-12-29T00:00:00.000,6129,EAST END LIQUOR / DES MOINES,3804 HUBBELL AVE,DES MOINES,50317,POINT (-93.541625959 41.631082004),,POLK,1012100,CANADIAN WHISKIES,421,SAZERAC COMPANY  INC,11346,SEAGRAMS VO CANADIAN WHISKEY,12,750,5.74,8.61,3,25.83,2.25,0.59
INV-65783500008,2023-12-29T00:00:00.000,6129,EAST END LIQUOR / DES MOINES,3804 HUBBELL AVE,DES MOINES,50317,POINT (-93.541625959 41.631082004),,POLK,1012100,CANADIAN WHISKIES,946,IROKOS GROUP LLC,14845,SWEAR JAR MAPLE DONUT,12,750,12.50,18.75,1,18.75,0.75,0.19
INV-65783500009,2023-12-29T00:00:00.000,6129,EAST END LIQUOR / DES MOINES,3804 HUBBELL AVE,DES MOINES,50317,POINT (-93.541625959 41.631082004),,POLK,1012100,CANADIAN WHISKIES,946,IROKOS GROUP LLC,14846,SWEAR JAR CANDIED GREEN APPLE,12,750,12.50,18.75,1,18.75,0.75,0.19
INV-65783500010,2023-12-29T00:00:00.000,6129,EAST END LIQUOR / DES MOINES,3804 HUBBELL AVE,DES MOINES,50317,POINT (-93.541625959 41.631082004),,POLK,1012100,CANADIAN WHISKIES,946,IROKOS GROUP LLC,14854,SWEAR JAR 6YR,12,750,12.50,18.75,1,18.75,0.75,0.19
INV-65783500011,2023-12-29T00:00:00.000,6129,EAST END LIQUOR / DES MOINES,3804 HUBBELL AVE,DES MOINES,50317,POINT (-93.541625959 41.631082004),,POLK,1011200,STRAIGHT BOURBON WHISKIES,434,LUXCO INC,18201,EZRA BROOKS 99PR BOURBON,6,750,13.50,20.25,2,40.50,1.50,0.39
INV-65783500012,2023-12-29T00:00:00.000,6129,EAST END LIQUOR / DES MOINES,3804 HUBBELL AVE,DES MOINES,50317,POINT (-93.541625959 41.631082004),,POLK,1011200,STRAIGHT BOURBON WHISKIES,434,LUXCO INC,18203,EZRA BROOKS 99PR BOURBON,6,1750,22.50,33.75,1,33.75,1.75,0.46
INV-65783500013,2023-12-29T00:00:00.000,6129,EAST END LIQUOR / DES MOINES,3804 HUBBELL AVE,DES MOINES,50317,POINT (-93.541625959 41.631082004),,POLK,1011200,STRAIGHT BOURBON WHISKIES,065,JIM BEAM BRANDS,19066,JIM BEAM,12,750,11.00,16.50,6,99.00,4.50,1.18
INV-65783500014,2023-12-29T00:00:00.000,6129,EAST END LIQUOR / DES MOINES,3804 HUBBELL AVE,DES MOINES,50317,POINT (-93.541625959 41.631082004),,POLK,1011200,STRAIGHT BOURBON WHISKIES,065,JIM BEAM BRANDS,19476,MAKERS MARK,12,750,18.00,27.00,1,27.00,0.75,0.19
INV-65783500015,2023-12-29T00:00:00.000,6129,EAST END LIQUOR / DES MOINES,3804 HUBBELL AVE,DES MOINES,50317,POINT (-93.541625959 41.631082004),,POLK,1011200,STRAIGHT BOURBON WHISKIES,421,SAZERAC COMPANY  INC,21460,BENCHMARK BONDED,12,750,10.00,15.00,3,45.00,2.25,0.59
INV-65783500016,2023-12-29T00:00:00.000,6129,EAST END LIQUOR / DES MOINES,3804 HUBBELL AVE,DES MOINES,50317,POINT (-93.541625959 41.631082004),,POLK,1011200,STRAIGHT BOURBON WHISKIES,421,SAZERAC COMPANY  INC,21595,TEN HIGH PET,12,750,4.10,6.15,5,30.75,3.75,0.99
INV-65783500017,2023-12-29T00:00:00.000,6129,EAST END LIQUOR / DES MOINES,3804 HUBBELL AVE,DES MOINES,50317,POINT (-93.541625959 41.631082004),,POLK,1011100,BLENDED WHISKIES,260,DIAGEO AMERICAS,25608,SEAGRAMS 7 CROWN,6,1750,13.99,20.99,1,20.99,1.75,0.46
INV-65783500018,2023-12-29T00:00:00.000,6129,EAST END LIQUOR / DES MOINES,3804 HUBBELL AVE,DES MOINES,50317,POINT (-93.541625959 41.631082004),,POLK,1011200,STRAIGHT BOURBON WHISKIES,065,JIM BEAM BRANDS,28279,JIM BEAM PEACH,12,750,11.00,16.50,2,33.00,1.50,0.39
INV-65783500019,2023-12-29T00:00:00.000,6129,EAST END LIQUOR / DES MOINES,3804 HUBBELL AVE,DES MOINES,50317,POINT (-93.541625959 41.631082004),,POLK,1041100,AMERICAN DRY GINS,065,JIM BEAM BRANDS,30238,GILBEYS GIN,6,1750,10.49,15.74,2,31.48,3.50,0.92
INV-65783500020,2023-12-29T00:00:00.000,6129,EAST END LIQUOR / DES MOINES,3804 HUBBELL AVE,DES MOINES,50317,POINT (-93.541625959 41.631082004),,POLK,1041100,AMERICAN DRY GINS,260,DIAGEO AMERICAS,30318,GORDONS GIN LONDON DRY PET,6,1750,11.99,17.99,3,53.97,5.25,1.38
INV-65783500021,2023-12-29T00:00:00.000,6129,EAST END LIQUOR / DES MOINES,3804 HUBBELL AVE,DES MOINES,50317,POINT (-93.541625959 41.631082004),,POLK,1031200,AMERICAN FLAVORED VODKA,115,CONSTELLATION BRANDS INC,33663,SVEDKA STRAWBERRY LEMONADE,12,750,8.00,12.00,2,24.00,1.50,0.39
INV-65783500022,2023-12-29T00:00:00.000,6129,EAST END LIQUOR / DES MOINES,3804 HUBBELL AVE,DES MOINES,50317,POINT (-93.541625959 41.631082004),,POLK,1032100,IMPORTED VODKAS,370,PERNOD RICARD USA,34003,ABSOLUT SWEDISH VODKA 80PRF,24,200,3.49,5.24,24,125.76,4.80,1.26
INV-65783500023,2023-12-29T00:00:00.000,6129,EAST END LIQUOR / DES MOINES,3804 HUBBELL AVE,DES MOINES,50317,POINT (-93.541625959 41.631082004),,POLK,1032100,IMPORTED VODKAS,421,SAZERAC COMPANY  INC,34368,FRIS DANISH VODKA,6,1750,8.49,12.74,6,76.44,10.50,2.77
INV-65783500024,2023-12-29T00:00:00.000,6129,EAST END LIQUOR / DES MOINES,3804 HUBBELL AVE,DES MOINES,50317,POINT (-93.541625959 41.631082004),,POLK,1032200,IMPORTED FLAVORED VODKA,277,STOLI GROUP,34877,STOLI STRASBERI,12,1000,15.97,23.96,2,47.92,2.00,0.52
INV-65783500025,2023-12-29T00:00:00.000,6129,EAST END LIQUOR / DES MOINES,3804 HUBBELL AVE,DES MOINES,50317,POINT (-93.541625959 41.631082004),,POLK,1031100,AMERICAN VODKAS,434,LUXCO INC,36301,HAWKEYE VODKA MINI,12,50,4.50,6.75,12,81.00,0.60,0.15
INV-65783500026,2023-12-29T00:00:00.000,6129,EAST END LIQUOR / DES MOINES,3804 HUBBELL AVE,DES MOINES,50317,POINT (-93.541625959 41.631082004),,POLK,1031100,AMERICAN VODKAS,434,LUXCO INC,36306,HAWKEYE VODKA,12,750,3.50,5.25,12,63.00,9.00,2.37
INV-65783500027,2023-12-29T00:00:00.000,6129,EAST END LIQUOR / DES MOINES,3804 HUBBELL AVE,DES MOINES,50317,POINT (-93.541625959 41.631082004),,POLK,1031100,AMERICAN VODKAS,434,LUXCO INC,36308,HAWKEYE VODKA,6,1750,7.50,11.25,6,67.50,10.50,2.77
INV-65783500028,2023-12-29T00:00:00.000,6129,EAST END LIQUOR / DES MOINES,3804 HUBBELL AVE,DES MOINES,50317,POINT (-93.541625959 41.631082004),,POLK,1031100,AMERICAN VODKAS,300,MCCORMICK DISTILLING CO.,36903,MCCORMICK 80PRF VODKA,48,200,1.19,1.79,48,85.92,9.60,2.53
INV-65783500029,2023-12-29T00:00:00.000,6129,EAST END LIQUOR / DES MOINES,3804 HUBBELL AVE,DES MOINES,50317,POINT (-93.541625959 41.631082004),,POLK,1031100,AMERICAN VODKAS,300,MCCORMICK DISTILLING CO.,36904,MCCORMICK 80PRF VODKA PET,24,375,1.84,2.76,24,66.24,9.00,2.37
INV-65783500030,2023-12-29T00:00:00.000,6129,EAST END LIQUOR / DES MOINES,3804 HUBBELL AVE,DES MOINES,50317,POINT (-93.541625959 41.631082004),,POLK,1031100,AMERICAN VODKAS,300,MCCORMICK DISTILLING CO.,36908,MCCORMICK 80PRF VODKA PET,6,1750,8.24,12.36,6,74.16,10.50,2.77
INV-65783500031,2023-12-29T00:00:00.000,6129,EAST END LIQUOR / DES MOINES,3804 HUBBELL AVE,DES MOINES,50317,POINT (-93.541625959 41.631082004),,POLK,1032200,IMPORTED FLAVORED VODKA,277,STOLI GROUP,37044,STOLI LIME,12,750,9.99,14.99,2,29.98,1.50,0.39
INV-65783500032,2023-12-29T00:00:00.000,6129,EAST END LIQUOR / DES MOINES,3804 HUBBELL AVE,DES MOINES,50317,POINT (-93.541625959 41.631082004),,POLK,1031100,AMERICAN VODKAS,301,FIFTH GENERATION INC,38174,TITOS HANDMADE VODKA,12,375,5.42,8.13,12,97.56,4.50,1.18
INV-65783500033,2023-12-29T00:00:00.000,6129,EAST END LIQUOR / DES MOINES,3804 HUBBELL AVE,DES MOINES,50317,POINT (-93.541625959 41.631082004),,POLK,1031100,AMERICAN VODKAS,301,FIFTH GENERATION INC,38176,TITOS HANDMADE VODKA,12,750,10.00,15.00,12,180.00,9.00,2.37
INV-65783500034,2023-12-29T00:00:00.000,6129,EAST END LIQUOR / DES MOINES,3804 HUBBELL AVE,DES MOINES,50317,POINT (-93.541625959 41.631082004),,POLK,1031200,AMERICAN FLAVORED VODKA,205,E & J GALLO WINERY,39280,NEW AMSTERDAM PASSION FRUIT FLAVORED VODKA MINI,10,50,5.54,8.31,1,8.31,0.05,0.01
INV-65783500035,2023-12-29T00:00:00.000,6129,EAST END LIQUOR / DES MOINES,3804 HUBBELL AVE,DES MOINES,50317,POINT (-93.541625959 41.631082004),,POLK,1031200,AMERICAN FLAVORED VODKA,380,PHILLIPS BEVERAGE,41691,UV BLUE RASPBERRY MINI,12,50,4.60,6.90,1,6.90,0.05,0.01
INV-65783500036,2023-12-29T00:00:00.000,6129,EAST END LIQUOR / DES MOINES,3804 HUBBELL AVE,DES MOINES,50317,POINT (-93.541625959 41.631082004),,POLK,1062500,FLAVORED RUM,035,BACARDI USA INC,43051,BACARDI DRAGON BERRY,12,750,8.76,13.14,3,39.42,2.25,0.59
INV-65783500037,2023-12-29T00:00:00.000,6129,EAST END LIQUOR / DES MOINES,3804 HUBBELL AVE,DES MOINES,50317,POINT (-93.541625959 41.631082004),,POLK,1062500,FLAVORED RUM,035,BACARDI USA INC,43086,BACARDI COCONUT RUM,12,750,8.76,13.14,3,39.42,2.25,0.59
INV-65783500038,2023-12-29T00:00:00.000,6129,EAST END LIQUOR / DES MOINES,3804 HUBBELL AVE,DES MOINES,50317,POINT (-93.541625959 41.631082004),,POLK,1062200,WHITE RUM,035,BACARDI USA INC,43126,BACARDI SUPERIOR,12,750,8.76,13.14,6,78.84,4.50,1.18
INV-65783500039,2023-12-29T00:00:00.000,6129,EAST END LIQUOR / DES MOINES,3804 HUBBELL AVE,DES MOINES,50317,POINT (-93.541625959 41.631082004),,POLK,1062400,SPICED RUM,260,DIAGEO AMERICAS,43334,CAPTAIN MORGAN ORIGINAL SPICED,24,375,5.24,7.86,24,188.64,9.00,2.37
INV-65783500040,2023-12-29T00:00:00.000,6129,EAST END LIQUOR / DES MOINES,3804 HUBBELL AVE,DES MOINES,50317,POINT (-93.541625959 41.631082004),,POLK,1062400,SPICED RUM,260,DIAGEO AMERICAS,43336,CAPTAIN MORGAN ORIGINAL SPICED,12,750,9.49,14.24,6,85.44,4.50,1.18
INV-65783500041,2023-12-29T00:00:00.000,6129,EAST END LIQUOR / DES MOINES,3804 HUBBELL AVE,DES MOINES,50317,POINT (-93.541625959 41.631082004),,POLK,1062500,FLAVORED RUM,035,BACARDI USA INC,43747,BACARDI LIME,12,750,8.76,13.14,4,52.56,3.00,0.79
INV-65783500042,2023-12-29T00:00:00.000,6129,EAST END LIQUOR / DES MOINES,3804 HUBBELL AVE,DES MOINES,50317,POINT (-93.541625959 41.631082004),,POLK,1062200,WHITE RUM,434,LUXCO INC,45276,PARAMOUNT WHITE RUM,12,750,4.25,6.38,5,31.90,3.75,0.99
INV-65783500043,2023-12-29T00:00:00.000,6129,EAST END LIQUOR / DES MOINES,3804 HUBBELL AVE,DES MOINES,50317,POINT (-93.541625959 41.631082004),,POLK,1062200,WHITE RUM,434,LUXCO INC,45278,PARAMOUNT WHITE RUM,6,1750,8.00,12.00,3,36.00,5.25,1.38
INV-65783500044,2023-12-29T00:00:00.000,6129,EAST END LIQUOR / DES MOINES,3804 HUBBELL AVE,DES MOINES,50317,POINT (-93.541625959 41.631082004),,POLK,1012200,SCOTCH WHISKIES,370,PERNOD RICARD USA,4716,CHIVAS REGAL 12YR,12,750,20.48,30.72,1,30.72,0.75,0.19
INV-65783500045,2023-12-29T00:00:00.000,6129,EAST END LIQUOR / DES MOINES,3804 HUBBELL AVE,DES MOINES,50317,POINT (-93.541625959 41.631082004),,POLK,1012200,SCOTCH WHISKIES,370,PERNOD RICARD USA,4718,CHIVAS REGAL 12YR,6,1750,39.48,59.22,1,59.22,1.75,0.46
INV-65783500046,2023-12-29T00:00:00.000,6129,EAST END LIQUOR / DES MOINES,3804 HUBBELL AVE,DES MOINES,50317,POINT (-93.541625959 41.631082004),,POLK,1052100,IMPORTED BRANDIES,420,MOET HENNESSY USA,48105,HENNESSY VS,12,375,11.49,17.24,12,206.88,4.50,1.18
INV-65783500047,2023-12-29T00:00:00.000,6129,EAST END LIQUOR / DES MOINES,3804 HUBBELL AVE,DES MOINES,50317,POINT (-93.541625959 41.631082004),,POLK,1012300,SINGLE MALT SCOTCH,240,WILLIAM GRANT & SONS INC,5006,GLENFIDDICH 12YR SPECIAL RESERVE,12,750,30.00,45.00,2,90.00,1.50,0.39
INV-65783500048,2023-12-29T00:00:00.000,6129,EAST END LIQUOR / DES MOINES,3804 HUBBELL AVE,DES MOINES,50317,POINT (-93.541625959 41.631082004),,POLK,1012300,SINGLE MALT SCOTCH,370,PERNOD RICARD USA,5036,GLENLIVET 12YR,12,750,27.98,41.97,1,41.97,0.75,0.19
INV-65783500049,2023-12-29T00:00:00.000,6129,EAST END LIQUOR / DES MOINES,3804 HUBBELL AVE,DES MOINES,50317,POINT (-93.541625959 41.631082004),,POLK,1051100,AMERICAN BRANDIES,205,E & J GALLO WINERY,52582,E & J VSOP,12,750,7.24,10.86,3,32.58,2.25,0.59
INV-65783500050,2023-12-29T00:00:00.000,6129,EAST END LIQUOR / DES MOINES,3804 HUBBELL AVE,DES MOINES,50317,POINT (-93.541625959 41.631082004),,POLK,1051100,AMERICAN BRANDIES,205,E & J GALLO WINERY,52598,E & J VS,6,1750,14.00,21.00,2,42.00,3.50,0.92
INV-65783500051,2023-12-29T00:00:00.000,6129,EAST END LIQUOR / DES MOINES,3804 HUBBELL AVE,DES MOINES,50317,POINT (-93.541625959 41.631082004),,POLK,1051100,AMERICAN BRANDIES,421,SAZERAC COMPANY  INC,53213,PAUL MASSON GRANDE AMBER BRANDY VS,24,200,1.96,2.94,24,70.56,4.80,1.26
INV-65783500052,2023-12-29T00:00:00.000,6129,EAST END LIQUOR / DES MOINES,3804 HUBBELL AVE,DES MOINES,50317,POINT (-93.541625959 41.631082004),,POLK,1051100,AMERICAN BRANDIES,421,SAZERAC COMPANY  INC,56196,PAUL MASSON PEACH GRANDE AMBER BRANDY,12,750,6.41,9.62,4,38.48,3.00,0.79
INV-65783500053,2023-12-29T00:00:00.000,6129,EAST END LIQUOR / DES MOINES,3804 HUBBELL AVE,DES MOINES,50317,POINT (-93.541625959 41.631082004),,POLK,1051100,AMERICAN BRANDIES,421,SAZERAC COMPANY  INC,56670,PAUL MASSON GRAPE GRANDE AMBER BRANDY,12,750,6.41,9.62,3,28.86,2.25,0.59
INV-65783500054,2023-12-29T00:00:00.000,6129,EAST END LIQUOR / DES MOINES,3804 HUBBELL AVE,DES MOINES,50317,POINT (-93.541625959 41.631082004),,POLK,1051100,AMERICAN BRANDIES,421,SAZERAC COMPANY  INC,56792,PAUL MASSON APPLE GRANDE AMBER BRANDY,24,375,3.22,4.83,24,115.92,9.00,2.37
INV-65783500055,2023-12-29T00:00:00.000,6129,EAST END LIQUOR / DES MOINES,3804 HUBBELL AVE,DES MOINES,50317,POINT (-93.541625959 41.631082004),,POLK,1051100,AMERICAN BRANDIES,421,SAZERAC COMPANY  INC,56805,PAUL MASSON RED BERRY GRANDE AMBER,12,750,6.41,9.62,3,28.86,2.25,0.59
INV-65783500056,2023-12-29T00:00:00.000,6129,EAST END LIQUOR / DES MOINES,3804 HUBBELL AVE,DES MOINES,50317,POINT (-93.541625959 41.631082004),,POLK,1071000,COCKTAILS/RTD,260,DIAGEO AMERICAS,58801,CAPTAIN MORGAN LONG ISLAND ICED TEA,6,1750,11.00,16.50,2,33.00,3.50,0.92
INV-65783500057,2023-12-29T00:00:00.000,6129,EAST END LIQUOR / DES MOINES,3804 HUBBELL AVE,DES MOINES,50317,POINT (-93.541625959 41.631082004),,POLK,1071000,COCKTAILS/RTD,395,PROXIMO,58838,JOSE CUERVO AUTHENTIC LIME MARGARITA,6,1750,8.74,13.11,3,39.33,5.25,1.38
INV-65783500058,2023-12-29T00:00:00.000,6129,EAST END LIQUOR / DES MOINES,3804 HUBBELL AVE,DES MOINES,50317,POINT (-93.541625959 41.631082004),,POLK,1071000,COCKTAILS/RTD,395,PROXIMO,58840,JOSE CUERVO AUTHENTIC GRAPEFRUIT TANGERINE MARGARITA,6,1750,8.74,13.11,3,39.33,5.25,1.38
INV-65783500059,2023-12-29T00:00:00.000,6129,EAST END LIQUOR / DES MOINES,3804 HUBBELL AVE,DES MOINES,50317,POINT (-93.541625959 41.631082004),,POLK,1071000,COCKTAILS/RTD,395,PROXIMO,58860,JOSE CUERVO AUTHENTIC MANGO MARGARITA,6,1750,8.74,13.11,3,39.33,5.25,1.38
INV-65783500060,2023-12-29T00:00:00.000,6129,EAST END LIQUOR / DES MOINES,3804 HUBBELL AVE,DES MOINES,50317,POINT (-93.541625959 41.631082004),,POLK,1071000,COCKTAILS/RTD,395,PROXIMO,58865,JOSE CUERVO AUTHENTIC RASPBERRY MARGARITA,6,1750,8.74,13.11,2,26.22,3.50,0.92
INV-65783500061,2023-12-29T00:00:00.000,6129,EAST END LIQUOR / DES MOINES,3804 HUBBELL AVE,DES MOINES,50317,POINT (-93.541625959 41.631082004),,POLK,1071000,COCKTAILS/RTD,395,PROXIMO,58868,JOSE CUERVO AUTHENTIC STRAWBERRY LIME MARGARITA,6,1750,8.74,13.11,2,26.22,3.50,0.92
INV-65783500062,2023-12-29T00:00:00.000,6129,EAST END LIQUOR / DES MOINES,3804 HUBBELL AVE,DES MOINES,50317,POINT (-93.541625959 41.631082004),,POLK,1071000,COCKTAILS/RTD,395,PROXIMO,59049,JOSE CUERVO AUTHENTIC MARGARITA RASPBERRY COLADA,6,1750,8.74,13.11,3,39.33,5.25,1.38
INV-65783500063,2023-12-29T00:00:00.000,6129,EAST END LIQUOR / DES MOINES,3804 HUBBELL AVE,DES MOINES,50317,POINT (-93.541625959 41.631082004),,POLK,1071000,COCKTAILS/RTD,395,PROXIMO,59182,1800 ULTIMATE MANGO MARGARITA PET,6,1750,10.04,15.06,2,30.12,3.50,0.92
INV-65783500064,2023-12-29T00:00:00.000,6129,EAST END LIQUOR / DES MOINES,3804 HUBBELL AVE,DES MOINES,50317,POINT (-93.541625959 41.631082004),,POLK,1071000,COCKTAILS/RTD,395,PROXIMO,59205,1800 PASSION FRUIT ULTIMATE MARGARITA,6,1750,10.04,15.06,2,30.12,3.50,0.92
INV-65783500065,2023-12-29T00:00:00.000,6129,EAST END LIQUOR / DES MOINES,3804 HUBBELL AVE,DES MOINES,50317,POINT (-93.541625959 41.631082004),,POLK,1071000,COCKTAILS/RTD,395,PROXIMO,59219,1800 ULTIMATE WILD BERRY MARGARITA,6,1750,10.04,15.06,2,30.12,3.50,0.92
INV-65783500066,2023-12-29T00:00:00.000,6129,EAST END LIQUOR / DES MOINES,3804 HUBBELL AVE,DES MOINES,50317,POINT (-93.541625959 41.631082004),,POLK,1032200,IMPORTED FLAVORED VODKA,260,DIAGEO AMERICAS,64389,CIROC SUMMER CITRUS,12,750,16.49,24.74,3,74.22,2.25,0.59
INV-65783500067,2023-12-29T00:00:00.000,6129,EAST END LIQUOR / DES MOINES,3804 HUBBELL AVE,DES MOINES,50317,POINT (-93.541625959 41.631082004),,POLK,1032200,IMPORTED FLAVORED VODKA,260,DIAGEO AMERICAS,64510,CIROC APPLE,24,200,5.00,7.50,8,60.00,1.60,0.42
INV-65783500068,2023-12-29T00:00:00.000,6129,EAST END LIQUOR / DES MOINES,3804 HUBBELL AVE,DES MOINES,50317,POINT (-93.541625959 41.631082004),,POLK,1032200,IMPORTED FLAVORED VODKA,260,DIAGEO AMERICAS,64511,CIROC APPLE,12,375,9.25,13.88,12,166.56,4.50,1.18
INV-65783500069,2023-12-29T00:00:00.000,6129,EAST END LIQUOR / DES MOINES,3804 HUBBELL AVE,DES MOINES,50317,POINT (-93.541625959 41.631082004),,POLK,1032200,IMPORTED FLAVORED VODKA,260,DIAGEO AMERICAS,64711,CIROC PEACH,12,375,9.25,13.88,6,83.28,2.25,0.59
INV-65783500070,2023-12-29T00:00:00.000,6129,EAST END LIQUOR / DES MOINES,3804 HUBBELL AVE,DES MOINES,50317,POINT (-93.541625959 41.631082004),,POLK,1032200,IMPORTED FLAVORED VODKA,260,DIAGEO AMERICAS,64722,CIROC PEACH,24,200,5.00,7.50,6,45.00,1.20,0.31
INV-65783500071,2023-12-29T00:00:00.000,6129,EAST END LIQUOR / DES MOINES,3804 HUBBELL AVE,DES MOINES,50317,POINT (-93.541625959 41.631082004),,POLK,1081600,WHISKEY LIQUEUR,421,SAZERAC COMPANY  INC,64864,FIREBALL CINNAMON WHISKEY,24,375,5.33,8.00,24,192.00,9.00,2.37
INV-65783500072,2023-12-29T00:00:00.000,6129,EAST END LIQUOR / DES MOINES,3804 HUBBELL AVE,DES MOINES,50317,POINT (-93.541625959 41.631082004),,POLK,1081600,WHISKEY LIQUEUR,421,SAZERAC COMPANY  INC,64870,FIREBALL CINNAMON WHISKEY,48,100,1.00,1.50,192,288.00,19.20,5.07
INV-65783500073,2023-12-29T00:00:00.000,6129,EAST END LIQUOR / DES MOINES,3804 HUBBELL AVE,DES MOINES,50317,POINT (-93.541625959 41.631082004),,POLK,1032200,IMPORTED FLAVORED VODKA,260,DIAGEO AMERICAS,64913,CIROC MANGO,12,375,9.25,13.88,5,69.40,1.87,0.49
INV-65783500074,2023-12-29T00:00:00.000,6129,EAST END LIQUOR / DES MOINES,3804 HUBBELL AVE,DES MOINES,50317,POINT (-93.541625959 41.631082004),,POLK,1081600,WHISKEY LIQUEUR,421,SAZERAC COMPANY  INC,65013,FIREBALL CINNAMON WHISKEY MINI SLEEVE,12,50,4.30,6.45,24,154.80,1.20,0.31
INV-65783500075,2023-12-29T00:00:00.000,6129,EAST END LIQUOR / DES MOINES,3804 HUBBELL AVE,DES MOINES,50317,POINT (-93.541625959 41.631082004),,POLK,1081200,CREAM LIQUEURS,300,MCCORMICK DISTILLING CO.,65204,TEQUILA ROSE LIQUEUR MINI,6,50,5.90,8.85,1,7.05,0.05,0.01
INV-65783500076,2023-12-29T00:00:00.000,6129,EAST END LIQUOR / DES MOINES,3804 HUBBELL AVE,DES MOINES,50317,POINT (-93.541625959 41.631082004),,POLK,1081200,CREAM LIQUEURS,260,DIAGEO AMERICAS,68036,BAILEYS ORIGINAL IRISH CREAM,12,750,16.49,24.74,6,148.44,4.50,1.18
INV-65783500077,2023-12-29T00:00:00.000,6129,EAST END LIQUOR / DES MOINES,3804 HUBBELL AVE,DES MOINES,50317,POINT (-93.541625959 41.631082004),,POLK,1081300,AMERICAN CORDIALS & LIQUEURS,772,INTERCONTINENTAL PACKAGING COMPANY/PRESTIGE BEVERAGE GROUP,75208,KINKY PINK MINI,6,50,4.84,7.26,1,7.26,0.05,0.01
INV-65783500078,2023-12-29T00:00:00.000,6129,EAST END LIQUOR / DES MOINES,3804 HUBBELL AVE,DES MOINES,50317,POINT (-93.541625959 41.631082004),,POLK,1081300,AMERICAN CORDIALS & LIQUEURS,772,INTERCONTINENTAL PACKAGING COMPANY/PRESTIGE BEVERAGE GROUP,75218,KINKY GREEN MINI,6,50,4.84,7.26,1,7.26,0.05,0.01
INV-65783500079,2023-12-29T00:00:00.000,6129,EAST END LIQUOR / DES MOINES,3804 HUBBELL AVE,DES MOINES,50317,POINT (-93.541625959 41.631082004),,POLK,1701100,TEMPORARY & SPECIALTY PACKAGES,796,173 CRAFT DISTILLERY,76493,173 CRAFT DISTILLERY BARREL & KANE,12,750,15.99,23.99,1,23.99,0.75,0.19
INV-65783500080,2023-12-29T00:00:00.000,6129,EAST END LIQUOR / DES MOINES,3804 HUBBELL AVE,DES MOINES,50317,POINT (-93.541625959 41.631082004),,POLK,1022200,100% AGAVE TEQUILA,163,STOLLER IMPORTS INC / MARSALLE COMPANY,87025,ADICTIVO PLATA,6,750,27.50,41.25,1,41.25,0.75,0.19
INV-65783500081,2023-12-29T00:00:00.000,6129,EAST END LIQUOR / DES MOINES,3804 HUBBELL AVE,DES MOINES,50317,POINT (-93.541625959 41.631082004),,POLK,1022200,100% AGAVE TEQUILA,260,DIAGEO AMERICAS,87282,CASAMIGOS BLANCO,12,375,15.49,23.24,12,278.88,4.50,1.18
INV-65783500082,2023-12-29T00:00:00.000,6129,EAST END LIQUOR / DES MOINES,3804 HUBBELL AVE,DES MOINES,50317,POINT (-93.541625959 41.631082004),,POLK,1022200,100% AGAVE TEQUILA,395,PROXIMO,87401,JOSE CUERVO ESPECIAL SILVER MINI,12,50,12.33,18.50,2,37.00,0.10,0.02
INV-65783500083,2023-12-29T00:00:00.000,6129,EAST END LIQUOR / DES MOINES,3804 HUBBELL AVE,DES MOINES,50317,POINT (-93.541625959 41.631082004),,POLK,1022200,100% AGAVE TEQUILA,395,PROXIMO,87402,JOSE CUERVO ESPECIAL SILVER,48,200,3.63,5.45,13,70.85,2.60,0.68
INV-65783500084,2023-12-29T00:00:00.000,6129,EAST END LIQUOR / DES MOINES,3804 HUBBELL AVE,DES MOINES,50317,POINT (-93.541625959 41.631082004),,POLK,1022200,100% AGAVE TEQUILA,395,PROXIMO,87510,1800 SILVER,12,750,16.50,24.75,12,297.00,9.00,2.37
INV-65783500085,2023-12-29T00:00:00.000,6129,EAST END LIQUOR / DES MOINES,3804 HUBBELL AVE,DES MOINES,50317,POINT (-93.541625959 41.631082004),,POLK,1022200,100% AGAVE TEQUILA,240,WILLIAM GRANT & SONS INC,88116,MILAGRO SILVER,6,750,17.00,25.50,1,25.50,0.75,0.19
INV-65783500086,2023-12-29T00:00:00.000,6129,EAST END LIQUOR / DES MOINES,3804 HUBBELL AVE,DES MOINES,50317,POINT (-93.541625959 41.631082004),,POLK,1022200,100% AGAVE TEQUILA,240,WILLIAM GRANT & SONS INC,88118,MILAGRO SILVER,6,1750,29.50,44.25,1,44.25,1.75,0.46
INV-65783500087,2023-12-29T00:00:00.000,6129,EAST END LIQUOR / DES MOINES,3804 HUBBELL AVE,DES MOINES,50317,POINT (-93.541625959 41.631082004),,POLK,1022200,100% AGAVE TEQUILA,035,BACARDI USA INC,88290,PATRON SILVER,12,200,9.50,14.25,12,171.00,2.40,0.63
INV-65783500088,2023-12-29T00:00:00.000,6129,EAST END LIQUOR / DES MOINES,3804 HUBBELL AVE,DES MOINES,50317,POINT (-93.541625959 41.631082004),,POLK,1022200,100% AGAVE TEQUILA,035,BACARDI USA INC,88291,PATRON SILVER MINI,10,50,23.00,34.50,1,34.50,0.05,0.01
INV-65783500089,2023-12-29T00:00:00.000,6129,EAST END LIQUOR / DES MOINES,3804 HUBBELL AVE,DES MOINES,50317,POINT (-93.541625959 41.631082004),,POLK,1022200,100% AGAVE TEQUILA,035,BACARDI USA INC,88294,PATRON SILVER,12,375,15.00,22.50,12,270.00,4.50,1.18
INV-65783500090,2023-12-29T00:00:00.000,6129,EAST END LIQUOR / DES MOINES,3804 HUBBELL AVE,DES MOINES,50317,POINT (-93.541625959 41.631082004),,POLK,1022200,100% AGAVE TEQUILA,035,BACARDI USA INC,88296,PATRON SILVER,12,750,28.00,42.00,12,504.00,9.00,2.37
INV-65783500091,2023-12-29T00:00:00.000,6129,EAST END LIQUOR / DES MOINES,3804 HUBBELL AVE,DES MOINES,50317,POINT (-93.541625959 41.631082004),,POLK,1022200,100% AGAVE TEQUILA,260,DIAGEO AMERICAS,88833,CASAMIGOS ANEJO,6,750,32.99,49.49,2,98.98,1.50,0.39
INV-65783500093,2023-12-29T00:00:00.000,6129,EAST END LIQUOR / DES MOINES,3804 HUBBELL AVE,DES MOINES,50317,POINT (-93.541625959 41.631082004),,POLK,1022100,MIXTO TEQUILA,395,PROXIMO,89199,JOSE CUERVO ESPECIAL REPOSADO SQUARE,12,375,6.53,9.80,12,117.60,4.50,1.18
INV-65783500094,2023-12-29T00:00:00.000,6129,EAST END LIQUOR / DES MOINES,3804 HUBBELL AVE,DES MOINES,50317,POINT (-93.541625959 41.631082004),,POLK,1022200,100% AGAVE TEQUILA,240,WILLIAM GRANT & SONS INC,89580,MILAGRO ANEJO,6,750,22.50,33.75,1,33.75,0.75,0.19
INV-65783500095,2023-12-29T00:00:00.000,6129,EAST END LIQUOR / DES MOINES,3804 HUBBELL AVE,DES MOINES,50317,POINT (-93.541625959 41.631082004),,POLK,1022200,100% AGAVE TEQUILA,240,WILLIAM GRANT & SONS INC,89584,MILAGRO REPOSADO,12,375,9.50,14.25,2,28.50,0.75,0.19
INV-65783500096,2023-12-29T00:00:00.000,6129,EAST END LIQUOR / DES MOINES,3804 HUBBELL AVE,DES MOINES,50317,POINT (-93.541625959 41.631082004),,POLK,1022200,100% AGAVE TEQUILA,035,BACARDI USA INC,89623,PATRON REPOSADO MINI,10,50,26.00,39.00,1,39.00,0.05,0.01
INV-65783500097,2023-12-29T00:00:00.000,6129,EAST END LIQUOR / DES MOINES,3804 HUBBELL AVE,DES MOINES,50317,POINT (-93.541625959 41.631082004),,POLK,1022200,100% AGAVE TEQUILA,065,JIM BEAM BRANDS,89836,HORNITOS REPOSADO,12,750,16.00,24.00,3,72.00,2.25,0.59
INV-65783500098,2023-12-29T00:00:00.000,6129,EAST END LIQUOR / DES MOINES,3804 HUBBELL AVE,DES MOINES,50317,POINT (-93.541625959 41.631082004),,POLK,1022200,100% AGAVE TEQUILA,395,PROXIMO,988849,SOOH JOSE CUERVO ESPECIAL GOLD FLASK,48,100,1.50,2.25,48,108.00,4.80,1.26
INV-65783600001,2023-12-29T00:00:00.000,5808,CASEY'S GENERAL STORE #1373 / BONDURANT,302 2ND ST NE,BONDURANT,50035,POINT (-93.459291027 41.703315988),,POLK,1062400,SPICED RUM,260,DIAGEO AMERICAS,1799,CAPTAIN MORGAN ORIGINAL SPICED BARREL,6,1750,18.99,28.49,6,170.94,10.50,2.77
INV-65783600002,2023-12-29T00:00:00.000,5808,CASEY'S GENERAL STORE #1373 / BONDURANT,302 2ND ST NE,BONDURANT,50035,POINT (-93.459291027 41.703315988),,POLK,1032100,IMPORTED VODKAS,370,PERNOD RICARD USA,34006,ABSOLUT SWEDISH VODKA 80PRF,12,750,9.99,14.99,12,179.88,9.00,2.37
INV-65783600003,2023-12-29T00:00:00.000,5808,CASEY'S GENERAL STORE #1373 / BONDURANT,302 2ND ST NE,BONDURANT,50035,POINT (-93.459291027 41.703315988),,POLK,1031100,AMERICAN VODKAS,434,LUXCO INC,36304,HAWKEYE VODKA,24,375,2.00,3.00,24,72.00,9.00,2.37
INV-65783600004,2023-12-29T00:00:00.000,5808,CASEY'S GENERAL STORE #1373 / BONDURANT,302 2ND ST NE,BONDURANT,50035,POINT (-93.459291027 41.703315988),,POLK,1031100,AMERICAN VODKAS,301,FIFTH GENERATION INC,38176,TITOS HANDMADE VODKA,12,750,10.00,15.00,12,180.00,9.00,2.37
INV-65783600005,2023-12-29T00:00:00.000,5808,CASEY'S GENERAL STORE #1373 / BONDURANT,302 2ND ST NE,BONDURANT,50035,POINT (-93.459291027 41.703315988),,POLK,1031100,AMERICAN VODKAS,301,FIFTH GENERATION INC,38178,TITOS HANDMADE VODKA,6,1750,19.00,28.50,6,171.00,10.50,2.77
INV-65783600006,2023-12-29T00:00:00.000,5808,CASEY'S GENERAL STORE #1373 / BONDURANT,302 2ND ST NE,BONDURANT,50035,POINT (-93.459291027 41.703315988),,POLK,1052100,IMPORTED BRANDIES,420,MOET HENNESSY USA,48105,HENNESSY VS,12,375,11.49,17.24,12,206.88,4.50,1.18
INV-65783600007,2023-12-29T00:00:00.000,5808,CASEY'S GENERAL STORE #1373 / BONDURANT,302 2ND ST NE,BONDURANT,50035,POINT (-93.459291027 41.703315988),,POLK,1081600,WHISKEY LIQUEUR,421,SAZERAC COMPANY  INC,65013,FIREBALL CINNAMON WHISKEY MINI SLEEVE,12,50,4.30,6.45,12,77.40,0.60,0.15
INV-65783600008,2023-12-29T00:00:00.000,5808,CASEY'S GENERAL STORE #1373 / BONDURANT,302 2ND ST NE,BONDURANT,50035,POINT (-93.459291027 41.703315988),,POLK,1022200,100% AGAVE TEQUILA,065,JIM BEAM BRANDS,88548,HORNITOS PLATA,12,750,15.00,22.50,12,270.00,9.00,2.37
INV-65783700001,2023-12-29T00:00:00.000,2621,HY-VEE FOOD STORE #3 / SIOUX CITY,3301 GORDON DR,SIOUX CITY,51105,POINT (-96.362866022 42.488984001),,WOODBURY,1011300,SINGLE BARREL BOURBON WHISKIES,606,SAVAGE & COOKE / SANTA CROCE LLC,973539,SAVAGE & COOKE CUSTOM SINGLE BARREL BOURBON BUY THE BARREL,6,750,27.00,40.50,90,3645.00,67.50,17.83
INV-65783800001,2023-12-29T00:00:00.000,2621,HY-VEE FOOD STORE #3 / SIOUX CITY,3301 GORDON DR,SIOUX CITY,51105,POINT (-96.362866022 42.488984001),,WOODBURY,1081600,WHISKEY LIQUEUR,421,SAZERAC COMPANY  INC,100413,FIREBALL CINNAMON WHISKEY PARTY BUCKET,1,50,51.60,77.40,2,154.80,0.10,0.02
INV-65783800002,2023-12-29T00:00:00.000,2621,HY-VEE FOOD STORE #3 / SIOUX CITY,3301 GORDON DR,SIOUX CITY,51105,POINT (-96.362866022 42.488984001),,WOODBURY,1701100,TEMPORARY & SPECIALTY PACKAGES,421,SAZERAC COMPANY  INC,100938,FIREBALL VALENTINE PACK,1,50,51.60,77.40,2,154.80,0.10,0.02
INV-65783800003,2023-12-29T00:00:00.000,2621,HY-VEE FOOD STORE #3 / SIOUX CITY,3301 GORDON DR,SIOUX CITY,51105,POINT (-96.362866022 42.488984001),,WOODBURY,1081200,CREAM LIQUEURS,205,E & J GALLO WINERY,101968,RUMCHATA COCONUT MINI,12,50,8.87,13.31,2,26.62,0.10,0.02
INV-65783800004,2023-12-29T00:00:00.000,2621,HY-VEE FOOD STORE #3 / SIOUX CITY,3301 GORDON DR,SIOUX CITY,51105,POINT (-96.362866022 42.488984001),,WOODBURY,1012100,CANADIAN WHISKIES,260,DIAGEO AMERICAS,10776,CROWN ROYAL PEACH,24,375,8.49,12.74,24,305.76,9.00,2.37
INV-65783800005,2023-12-29T00:00:00.000,2621,HY-VEE FOOD STORE #3 / SIOUX CITY,3301 GORDON DR,SIOUX CITY,51105,POINT (-96.362866022 42.488984001),,WOODBURY,1012100,CANADIAN WHISKIES,260,DIAGEO AMERICAS,10805,CROWN ROYAL REGAL APPLE,24,375,8.49,12.74,24,305.76,9.00,2.37
INV-65783800006,2023-12-29T00:00:00.000,2621,HY-VEE FOOD STORE #3 / SIOUX CITY,3301 GORDON DR,SIOUX CITY,51105,POINT (-96.362866022 42.488984001),,WOODBURY,1012100,CANADIAN WHISKIES,260,DIAGEO AMERICAS,11290,CROWN ROYAL MINI,10,50,9.95,14.93,10,149.30,0.50,0.13
INV-65783800007,2023-12-29T00:00:00.000,2621,HY-VEE FOOD STORE #3 / SIOUX CITY,3301 GORDON DR,SIOUX CITY,51105,POINT (-96.362866022 42.488984001),,WOODBURY,1012100,CANADIAN WHISKIES,260,DIAGEO AMERICAS,11294,CROWN ROYAL,24,375,8.49,12.74,24,305.76,9.00,2.37
INV-65783800008,2023-12-29T00:00:00.000,2621,HY-VEE FOOD STORE #3 / SIOUX CITY,3301 GORDON DR,SIOUX CITY,51105,POINT (-96.362866022 42.488984001),,WOODBURY,1011200,STRAIGHT BOURBON WHISKIES,065,JIM BEAM BRANDS,19062,JIM BEAM,48,100,1.40,2.10,48,100.80,4.80,1.26
INV-65783800009,2023-12-29T00:00:00.000,2621,HY-VEE FOOD STORE #3 / SIOUX CITY,3301 GORDON DR,SIOUX CITY,51105,POINT (-96.362866022 42.488984001),,WOODBURY,1011200,STRAIGHT BOURBON WHISKIES,065,JIM BEAM BRANDS,27408,JIM BEAM HONEY MINI,12,50,7.00,10.50,12,126.00,0.60,0.15
INV-65783800010,2023-12-29T00:00:00.000,2621,HY-VEE FOOD STORE #3 / SIOUX CITY,3301 GORDON DR,SIOUX CITY,51105,POINT (-96.362866022 42.488984001),,WOODBURY,1011200,STRAIGHT BOURBON WHISKIES,065,JIM BEAM BRANDS,28275,JIM BEAM PEACH MINI,12,50,7.00,10.50,24,252.00,1.20,0.31
INV-65783800011,2023-12-29T00:00:00.000,2621,HY-VEE FOOD STORE #3 / SIOUX CITY,3301 GORDON DR,SIOUX CITY,51105,POINT (-96.362866022 42.488984001),,WOODBURY,1031100,AMERICAN VODKAS,260,DIAGEO AMERICAS,37994,SMIRNOFF 80PRF,24,375,4.99,7.49,24,179.76,9.00,2.37
INV-65783800012,2023-12-29T00:00:00.000,2621,HY-VEE FOOD STORE #3 / SIOUX CITY,3301 GORDON DR,SIOUX CITY,51105,POINT (-96.362866022 42.488984001),,WOODBURY,1031200,AMERICAN FLAVORED VODKA,380,PHILLIPS BEVERAGE,41705,UV RED CHERRY,12,1000,7.50,11.25,12,135.00,12.00,3.17
INV-65783800013,2023-12-29T00:00:00.000,2621,HY-VEE FOOD STORE #3 / SIOUX CITY,3301 GORDON DR,SIOUX CITY,51105,POINT (-96.362866022 42.488984001),,WOODBURY,1081600,WHISKEY LIQUEUR,421,SAZERAC COMPANY  INC,64858,FIREBALL CINNAMON WHISKEY MINI DISPENSER,1,50,25.80,38.70,1,38.70,0.05,0.01
INV-65783800014,2023-12-29T00:00:00.000,2621,HY-VEE FOOD STORE #3 / SIOUX CITY,3301 GORDON DR,SIOUX CITY,51105,POINT (-96.362866022 42.488984001),,WOODBURY,1081600,WHISKEY LIQUEUR,421,SAZERAC COMPANY  INC,64863,FIREBALL CINNAMON WHISKEY,48,200,2.50,3.75,48,180.00,9.60,2.53
INV-65783800015,2023-12-29T00:00:00.000,2621,HY-VEE FOOD STORE #3 / SIOUX CITY,3301 GORDON DR,SIOUX CITY,51105,POINT (-96.362866022 42.488984001),,WOODBURY,1081600,WHISKEY LIQUEUR,421,SAZERAC COMPANY  INC,64870,FIREBALL CINNAMON WHISKEY,48,100,1.00,1.50,48,72.00,4.80,1.26
INV-65783800016,2023-12-29T00:00:00.000,2621,HY-VEE FOOD STORE #3 / SIOUX CITY,3301 GORDON DR,SIOUX CITY,51105,POINT (-96.362866022 42.488984001),,WOODBURY,1081600,WHISKEY LIQUEUR,421,SAZERAC COMPANY  INC,65013,FIREBALL CINNAMON WHISKEY MINI SLEEVE,12,50,4.30,6.45,24,154.80,1.20,0.31
INV-65783800017,2023-12-29T00:00:00.000,2621,HY-VEE FOOD STORE #3 / SIOUX CITY,3301 GORDON DR,SIOUX CITY,51105,POINT (-96.362866022 42.488984001),,WOODBURY,1081200,CREAM LIQUEURS,205,E & J GALLO WINERY,73051,RUMCHATA MINI,12,50,8.87,13.31,2,26.62,0.10,0.02
INV-65783800018,2023-12-29T00:00:00.000,2621,HY-VEE FOOD STORE #3 / SIOUX CITY,3301 GORDON DR,SIOUX CITY,51105,POINT (-96.362866022 42.488984001),,WOODBURY,1011100,BLENDED WHISKIES,342,DV SPIRITS LLC,73559,DIRTY MONKEY MINI,12,50,9.30,13.95,3,41.85,0.15,0.03
INV-65783800019,2023-12-29T00:00:00.000,2621,HY-VEE FOOD STORE #3 / SIOUX CITY,3301 GORDON DR,SIOUX CITY,51105,POINT (-96.362866022 42.488984001),,WOODBURY,1081300,AMERICAN CORDIALS & LIQUEURS,772,INTERCONTINENTAL PACKAGING COMPANY/PRESTIGE BEVERAGE GROUP,75208,KINKY PINK MINI,6,50,4.84,7.26,6,43.56,0.30,0.07
INV-65783800020,2023-12-29T00:00:00.000,2621,HY-VEE FOOD STORE #3 / SIOUX CITY,3301 GORDON DR,SIOUX CITY,51105,POINT (-96.362866022 42.488984001),,WOODBURY,1081300,AMERICAN CORDIALS & LIQUEURS,772,INTERCONTINENTAL PACKAGING COMPANY/PRESTIGE BEVERAGE GROUP,75218,KINKY GREEN MINI,6,50,4.84,7.26,6,43.56,0.30,0.07
INV-65783800021,2023-12-29T00:00:00.000,2621,HY-VEE FOOD STORE #3 / SIOUX CITY,3301 GORDON DR,SIOUX CITY,51105,POINT (-96.362866022 42.488984001),,WOODBURY,1031200,AMERICAN FLAVORED VODKA,118,AMERICAN SPIRITS EXCHANGE,76500,THE ORIGINAL PICKLE SHOT DILL PICKLE VODKA MINI,1,50,48.00,72.00,1,72.00,0.05,0.01
INV-65783800022,2023-12-29T00:00:00.000,2621,HY-VEE FOOD STORE #3 / SIOUX CITY,3301 GORDON DR,SIOUX CITY,51105,POINT (-96.362866022 42.488984001),,WOODBURY,1031200,AMERICAN FLAVORED VODKA,118,AMERICAN SPIRITS EXCHANGE,76842,THE ORIGINAL PICKLE SHOT SPICY PICKLE VODKA MINI,1,50,48.00,72.00,1,72.00,0.05,0.01
INV-65783800023,2023-12-29T00:00:00.000,2621,HY-VEE FOOD STORE #3 / SIOUX CITY,3301 GORDON DR,SIOUX CITY,51105,POINT (-96.362866022 42.488984001),,WOODBURY,1011100,BLENDED WHISKIES,370,PERNOD RICARD USA,78297,SKREWBALL PEANUT BUTTER WHISKEY CAN,48,100,1.49,2.24,48,107.52,4.80,1.26
INV-65783800024,2023-12-29T00:00:00.000,2621,HY-VEE FOOD STORE #3 / SIOUX CITY,3301 GORDON DR,SIOUX CITY,51105,POINT (-96.362866022 42.488984001),,WOODBURY,1701100,TEMPORARY & SPECIALTY PACKAGES,065,JIM BEAM BRANDS,80250,JIM BEAM BOURBON CREAM,12,750,10.00,15.00,12,180.00,9.00,2.37
INV-65783900001,2023-12-29T00:00:00.000,2621,HY-VEE FOOD STORE #3 / SIOUX CITY,3301 GORDON DR,SIOUX CITY,51105,POINT (-96.362866022 42.488984001),,WOODBURY,1701100,TEMPORARY & SPECIALTY PACKAGES,395,PROXIMO,101664,BUSHMILLS W/GOLF FLASK,6,750,15.00,22.50,6,135.00,4.50,1.18
INV-65783900002,2023-12-29T00:00:00.000,2621,HY-VEE FOOD STORE #3 / SIOUX CITY,3301 GORDON DR,SIOUX CITY,51105,POINT (-96.362866022 42.488984001),,WOODBURY,1701100,TEMPORARY & SPECIALTY PACKAGES,395,PROXIMO,102212,PROPER NO. TWELVE W/50ML APPLE,12,800,14.00,21.00,12,252.00,9.60,2.53
INV-65783900003,2023-12-29T00:00:00.000,2621,HY-VEE FOOD STORE #3 / SIOUX CITY,3301 GORDON DR,SIOUX CITY,51105,POINT (-96.362866022 42.488984001),,WOODBURY,1701100,TEMPORARY & SPECIALTY PACKAGES,395,PROXIMO,4001,JOSE CUERVO ESPECIAL REPOSADO W/1L CLASSIC MARGARITA MIX,6,750,12.00,18.00,6,108.00,4.50,1.18
INV-65783900004,2023-12-29T00:00:00.000,2621,HY-VEE FOOD STORE #3 / SIOUX CITY,3301 GORDON DR,SIOUX CITY,51105,POINT (-96.362866022 42.488984001),,WOODBURY,1062400,SPICED RUM,240,WILLIAM GRANT & SONS INC,45888,SAILOR JERRY SPICED NAVY RUM,6,1750,19.25,28.88,1,28.88,1.75,0.46
INV-65783900005,2023-12-29T00:00:00.000,2621,HY-VEE FOOD STORE #3 / SIOUX CITY,3301 GORDON DR,SIOUX CITY,51105,POINT (-96.362866022 42.488984001),,WOODBURY,1081200,CREAM LIQUEURS,260,DIAGEO AMERICAS,68011,BAILEYS STRAWBERRIES & CREAM,12,750,16.49,24.74,12,296.88,9.00,2.37
INV-65783900006,2023-12-29T00:00:00.000,2621,HY-VEE FOOD STORE #3 / SIOUX CITY,3301 GORDON DR,SIOUX CITY,51105,POINT (-96.362866022 42.488984001),,WOODBURY,1081600,WHISKEY LIQUEUR,285,CHARLES JACQUIN ET CIE,78245,SWEET REVENGE,12,750,11.07,16.61,12,199.32,9.00,2.37
INV-65784000001,2023-12-29T00:00:00.000,2621,HY-VEE FOOD STORE #3 / SIOUX CITY,3301 GORDON DR,SIOUX CITY,51105,POINT (-96.362866022 42.488984001),,WOODBURY,1011700,CORN WHISKIES,525,CATS EYE DISTILLERY,16300,CM OBTAINIUM LIGHT WHISKEY BOTTLED IN BOND,6,750,17.50,26.25,1,26.25,0.75,0.19
INV-65784100001,2023-12-29T00:00:00.000,2621,HY-VEE FOOD STORE #3 / SIOUX CITY,3301 GORDON DR,SIOUX CITY,51105,POINT (-96.362866022 42.488984001),,WOODBURY,1012200,SCOTCH WHISKIES,421,SAZERAC COMPANY  INC,10008,SCORESBY RARE SCOTCH,6,1750,11.00,16.50,6,99.00,10.50,2.77
INV-65784100003,2023-12-29T00:00:00.000,2621,HY-VEE FOOD STORE #3 / SIOUX CITY,3301 GORDON DR,SIOUX CITY,51105,POINT (-96.362866022 42.488984001),,WOODBURY,1012100,CANADIAN WHISKIES,260,DIAGEO AMERICAS,10802,CROWN ROYAL PEACH,12,750,17.49,26.24,24,629.76,18.00,4.75
INV-65784100004,2023-12-29T00:00:00.000,2621,HY-VEE FOOD STORE #3 / SIOUX CITY,3301 GORDON DR,SIOUX CITY,51105,POINT (-96.362866022 42.488984001),,WOODBURY,1012100,CANADIAN WHISKIES,260,DIAGEO AMERICAS,10807,CROWN ROYAL REGAL APPLE,12,750,17.49,26.24,24,629.76,18.00,4.75
INV-65784100005,2023-12-29T00:00:00.000,2621,HY-VEE FOOD STORE #3 / SIOUX CITY,3301 GORDON DR,SIOUX CITY,51105,POINT (-96.362866022 42.488984001),,WOODBURY,1012100,CANADIAN WHISKIES,260,DIAGEO AMERICAS,10808,CROWN ROYAL REGAL APPLE,12,1000,20.49,30.74,12,368.88,12.00,3.17
INV-65784100006,2023-12-29T00:00:00.000,2621,HY-VEE FOOD STORE #3 / SIOUX CITY,3301 GORDON DR,SIOUX CITY,51105,POINT (-96.362866022 42.488984001),,WOODBURY,1012100,CANADIAN WHISKIES,260,DIAGEO AMERICAS,11296,CROWN ROYAL,12,750,17.49,26.24,12,314.88,9.00,2.37
INV-65784100007,2023-12-29T00:00:00.000,2621,HY-VEE FOOD STORE #3 / SIOUX CITY,3301 GORDON DR,SIOUX CITY,51105,POINT (-96.362866022 42.488984001),,WOODBURY,1012100,CANADIAN WHISKIES,260,DIAGEO AMERICAS,11297,CROWN ROYAL,12,1000,20.49,30.74,24,737.76,24.00,6.34
INV-65784100008,2023-12-29T00:00:00.000,2621,HY-VEE FOOD STORE #3 / SIOUX CITY,3301 GORDON DR,SIOUX CITY,51105,POINT (-96.362866022 42.488984001),,WOODBURY,1012100,CANADIAN WHISKIES,259,HEAVEN HILL BRANDS,11777,BLACK VELVET,12,1000,7.00,10.50,12,126.00,12.00,3.17
INV-65784100009,2023-12-29T00:00:00.000,2621,HY-VEE FOOD STORE #3 / SIOUX CITY,3301 GORDON DR,SIOUX CITY,51105,POINT (-96.362866022 42.488984001),,WOODBURY,1012100,CANADIAN WHISKIES,259,HEAVEN HILL BRANDS,11788,BLACK VELVET,6,1750,11.00,16.50,24,396.00,42.00,11.09
INV-65784100010,2023-12-29T00:00:00.000,2621,HY-VEE FOOD STORE #3 / SIOUX CITY,3301 GORDON DR,SIOUX CITY,51105,POINT (-96.362866022 42.488984001),,WOODBURY,1012100,CANADIAN WHISKIES,421,SAZERAC COMPANY  INC,12872,RICH & RARE PEACH,12,750,5.50,8.25,12,99.00,9.00,2.37
INV-65784100012,2023-12-29T00:00:00.000,2621,HY-VEE FOOD STORE #3 / SIOUX CITY,3301 GORDON DR,SIOUX CITY,51105,POINT (-96.362866022 42.488984001),,WOODBURY,1012100,CANADIAN WHISKIES,395,PROXIMO,14210,PENDLETON MIDNIGHT,12,750,19.80,29.70,12,356.40,9.00,2.37
INV-65784100013,2023-12-29T00:00:00.000,2621,HY-VEE FOOD STORE #3 / SIOUX CITY,3301 GORDON DR,SIOUX CITY,51105,POINT (-96.362866022 42.488984001),,WOODBURY,1012100,CANADIAN WHISKIES,380,PHILLIPS BEVERAGE,14487,REVEL STOKE LEI''D PINEAPPLE,12,750,9.50,14.25,12,171.00,9.00,2.37
INV-65784100014,2023-12-29T00:00:00.000,2621,HY-VEE FOOD STORE #3 / SIOUX CITY,3301 GORDON DR,SIOUX CITY,51105,POINT (-96.362866022 42.488984001),,WOODBURY,1012100,CANADIAN WHISKIES,380,PHILLIPS BEVERAGE,14490,REVEL STOKE ROOT OF EVIL ROOT BEER,12,750,9.50,14.25,1,14.25,0.75,0.19
INV-65784100015,2023-12-29T00:00:00.000,2621,HY-VEE FOOD STORE #3 / SIOUX CITY,3301 GORDON DR,SIOUX CITY,51105,POINT (-96.362866022 42.488984001),,WOODBURY,1012100,CANADIAN WHISKIES,380,PHILLIPS BEVERAGE,14519,REVEL STOKE NUTCRUSHER PEANUT BUTTER WHISKY,12,750,9.50,14.25,12,171.00,9.00,2.37
INV-65784100016,2023-12-29T00:00:00.000,2621,HY-VEE FOOD STORE #3 / SIOUX CITY,3301 GORDON DR,SIOUX CITY,51105,POINT (-96.362866022 42.488984001),,WOODBURY,1012100,CANADIAN WHISKIES,772,INTERCONTINENTAL PACKAGING COMPANY/PRESTIGE BEVERAGE GROUP,15248,WINDSOR CANADIAN PET,6,1750,10.00,15.00,12,180.00,21.00,5.54
INV-65784100017,2023-12-29T00:00:00.000,2621,HY-VEE FOOD STORE #3 / SIOUX CITY,3301 GORDON DR,SIOUX CITY,51105,POINT (-96.362866022 42.488984001),,WOODBURY,1012400,IRISH WHISKIES,370,PERNOD RICARD USA,15628,JAMESON,6,1750,35.48,53.22,6,319.32,10.50,2.77
INV-65784100018,2023-12-29T00:00:00.000,2621,HY-VEE FOOD STORE #3 / SIOUX CITY,3301 GORDON DR,SIOUX CITY,51105,POINT (-96.362866022 42.488984001),,WOODBURY,1012400,IRISH WHISKIES,370,PERNOD RICARD USA,15644,JAMESON,24,375,9.49,14.24,5,71.20,1.87,0.49
INV-65784100019,2023-12-29T00:00:00.000,2621,HY-VEE FOOD STORE #3 / SIOUX CITY,3301 GORDON DR,SIOUX CITY,51105,POINT (-96.362866022 42.488984001),,WOODBURY,1011200,STRAIGHT BOURBON WHISKIES,035,BACARDI USA INC,16562,ANGELS ENVY BOURBON PORT FINISHED,6,750,25.99,38.99,6,233.94,4.50,1.18
INV-65784100021,2023-12-29T00:00:00.000,2621,HY-VEE FOOD STORE #3 / SIOUX CITY,3301 GORDON DR,SIOUX CITY,51105,POINT (-96.362866022 42.488984001),,WOODBURY,1011200,STRAIGHT BOURBON WHISKIES,065,JIM BEAM BRANDS,19067,JIM BEAM,12,1000,13.00,19.50,12,234.00,12.00,3.17
INV-65784100022,2023-12-29T00:00:00.000,2621,HY-VEE FOOD STORE #3 / SIOUX CITY,3301 GORDON DR,SIOUX CITY,51105,POINT (-96.362866022 42.488984001),,WOODBURY,1011200,STRAIGHT BOURBON WHISKIES,065,JIM BEAM BRANDS,19475,MAKERS MARK REPLICA,12,375,9.33,14.00,5,70.00,1.87,0.49
INV-65784100024,2023-12-29T00:00:00.000,2621,HY-VEE FOOD STORE #3 / SIOUX CITY,3301 GORDON DR,SIOUX CITY,51105,POINT (-96.362866022 42.488984001),,WOODBURY,1011200,STRAIGHT BOURBON WHISKIES,065,JIM BEAM BRANDS,19498,MAKERS MARK 101,6,750,20.00,30.00,6,180.00,4.50,1.18
INV-65784100025,2023-12-29T00:00:00.000,2621,HY-VEE FOOD STORE #3 / SIOUX CITY,3301 GORDON DR,SIOUX CITY,51105,POINT (-96.362866022 42.488984001),,WOODBURY,1011200,STRAIGHT BOURBON WHISKIES,065,JIM BEAM BRANDS,20248,OLD CROW,6,1750,10.50,15.75,12,189.00,21.00,5.54
INV-65784100028,2023-12-29T00:00:00.000,2621,HY-VEE FOOD STORE #3 / SIOUX CITY,3301 GORDON DR,SIOUX CITY,51105,POINT (-96.362866022 42.488984001),,WOODBURY,1011100,BLENDED WHISKIES,065,JIM BEAM BRANDS,22788,BEAMS 8 STAR BL WHISKEY,6,1750,8.00,12.00,6,72.00,10.50,2.77
INV-65784100029,2023-12-29T00:00:00.000,2621,HY-VEE FOOD STORE #3 / SIOUX CITY,3301 GORDON DR,SIOUX CITY,51105,POINT (-96.362866022 42.488984001),,WOODBURY,1011100,BLENDED WHISKIES,297,LAIRD & COMPANY,23826,FIVE STAR,12,750,4.13,6.20,12,74.40,9.00,2.37
INV-65784100030,2023-12-29T00:00:00.000,2621,HY-VEE FOOD STORE #3 / SIOUX CITY,3301 GORDON DR,SIOUX CITY,51105,POINT (-96.362866022 42.488984001),,WOODBURY,1011100,BLENDED WHISKIES,297,LAIRD & COMPANY,23828,FIVE STAR,6,1750,8.39,12.59,24,302.16,42.00,11.09
INV-65784100031,2023-12-29T00:00:00.000,2621,HY-VEE FOOD STORE #3 / SIOUX CITY,3301 GORDON DR,SIOUX CITY,51105,POINT (-96.362866022 42.488984001),,WOODBURY,1011600,STRAIGHT RYE WHISKIES,434,LUXCO INC,25068,EZRA BROOKS RYE 99,6,750,13.50,20.25,6,121.50,4.50,1.18
INV-65784100032,2023-12-29T00:00:00.000,2621,HY-VEE FOOD STORE #3 / SIOUX CITY,3301 GORDON DR,SIOUX CITY,51105,POINT (-96.362866022 42.488984001),,WOODBURY,1011400,TENNESSEE WHISKIES,085,BROWN FORMAN CORP.,26824,JACK DANIELS OLD #7 BLACK LABEL SQUARE,24,375,8.25,12.38,5,61.90,1.87,0.49
INV-65784100033,2023-12-29T00:00:00.000,2621,HY-VEE FOOD STORE #3 / SIOUX CITY,3301 GORDON DR,SIOUX CITY,51105,POINT (-96.362866022 42.488984001),,WOODBURY,1011400,TENNESSEE WHISKIES,085,BROWN FORMAN CORP.,26826,JACK DANIELS OLD #7 BLACK LABEL,12,750,15.91,23.87,12,286.44,9.00,2.37
INV-65784100034,2023-12-29T00:00:00.000,2621,HY-VEE FOOD STORE #3 / SIOUX CITY,3301 GORDON DR,SIOUX CITY,51105,POINT (-96.362866022 42.488984001),,WOODBURY,1011600,STRAIGHT RYE WHISKIES,255,INFINIUM SPIRITS,27125,TEMPLETON RYE 6YR,6,750,18.67,28.01,6,204.78,4.50,1.18
INV-65784100035,2023-12-29T00:00:00.000,2621,HY-VEE FOOD STORE #3 / SIOUX CITY,3301 GORDON DR,SIOUX CITY,51105,POINT (-96.362866022 42.488984001),,WOODBURY,1011200,STRAIGHT BOURBON WHISKIES,065,JIM BEAM BRANDS,27410,JIM BEAM HONEY,12,750,11.00,16.50,12,198.00,9.00,2.37
INV-65784100036,2023-12-29T00:00:00.000,2621,HY-VEE FOOD STORE #3 / SIOUX CITY,3301 GORDON DR,SIOUX CITY,51105,POINT (-96.362866022 42.488984001),,WOODBURY,1011100,BLENDED WHISKIES,492,WESTERN SPIRITS BEVERAGE,27433,BIRD DOG PEACH,6,750,11.50,17.25,6,103.50,4.50,1.18
INV-65784100037,2023-12-29T00:00:00.000,2621,HY-VEE FOOD STORE #3 / SIOUX CITY,3301 GORDON DR,SIOUX CITY,51105,POINT (-96.362866022 42.488984001),,WOODBURY,1011200,STRAIGHT BOURBON WHISKIES,065,JIM BEAM BRANDS,28043,JIM BEAM VANILLA,12,750,11.00,16.50,12,198.00,9.00,2.37
INV-65784100038,2023-12-29T00:00:00.000,2621,HY-VEE FOOD STORE #3 / SIOUX CITY,3301 GORDON DR,SIOUX CITY,51105,POINT (-96.362866022 42.488984001),,WOODBURY,1042100,IMPORTED DRY GINS,370,PERNOD RICARD USA,28087,BEEFEATER GIN,12,1000,14.99,22.49,12,269.88,12.00,3.17
INV-65784100039,2023-12-29T00:00:00.000,2621,HY-VEE FOOD STORE #3 / SIOUX CITY,3301 GORDON DR,SIOUX CITY,51105,POINT (-96.362866022 42.488984001),,WOODBURY,1042100,IMPORTED DRY GINS,240,WILLIAM GRANT & SONS INC,28627,HENDRICKS GIN,6,1000,21.67,32.51,6,195.06,6.00,1.58
INV-65784100040,2023-12-29T00:00:00.000,2621,HY-VEE FOOD STORE #3 / SIOUX CITY,3301 GORDON DR,SIOUX CITY,51105,POINT (-96.362866022 42.488984001),,WOODBURY,1041100,AMERICAN DRY GINS,260,DIAGEO AMERICAS,29119,AVIATION AMERICAN GIN,6,750,14.50,21.75,6,130.50,4.50,1.18
INV-65784100041,2023-12-29T00:00:00.000,2621,HY-VEE FOOD STORE #3 / SIOUX CITY,3301 GORDON DR,SIOUX CITY,51105,POINT (-96.362866022 42.488984001),,WOODBURY,1041300,AMERICAN SLOE GINS,434,LUXCO INC,33717,PARAMOUNT SLOE GIN,12,1000,5.69,8.54,6,51.24,6.00,1.58
INV-65784100042,2023-12-29T00:00:00.000,2621,HY-VEE FOOD STORE #3 / SIOUX CITY,3301 GORDON DR,SIOUX CITY,51105,POINT (-96.362866022 42.488984001),,WOODBURY,1032100,IMPORTED VODKAS,370,PERNOD RICARD USA,34006,ABSOLUT SWEDISH VODKA 80PRF,12,750,9.99,14.99,12,179.88,9.00,2.37
INV-65784100043,2023-12-29T00:00:00.000,2621,HY-VEE FOOD STORE #3 / SIOUX CITY,3301 GORDON DR,SIOUX CITY,51105,POINT (-96.362866022 42.488984001),,WOODBURY,1032100,IMPORTED VODKAS,370,PERNOD RICARD USA,34007,ABSOLUT SWEDISH VODKA 80PRF,12,1000,14.99,22.49,12,269.88,12.00,3.17
INV-65784100044,2023-12-29T00:00:00.000,2621,HY-VEE FOOD STORE #3 / SIOUX CITY,3301 GORDON DR,SIOUX CITY,51105,POINT (-96.362866022 42.488984001),,WOODBURY,1031100,AMERICAN VODKAS,065,JIM BEAM BRANDS,34578,PINNACLE,6,1750,10.00,15.00,12,180.00,21.00,5.54
INV-65784100045,2023-12-29T00:00:00.000,2621,HY-VEE FOOD STORE #3 / SIOUX CITY,3301 GORDON DR,SIOUX CITY,51105,POINT (-96.362866022 42.488984001),,WOODBURY,1031100,AMERICAN VODKAS,065,JIM BEAM BRANDS,34579,PINNACLE,12,750,6.50,9.75,12,117.00,9.00,2.37
INV-65784100046,2023-12-29T00:00:00.000,2621,HY-VEE FOOD STORE #3 / SIOUX CITY,3301 GORDON DR,SIOUX CITY,51105,POINT (-96.362866022 42.488984001),,WOODBURY,1031100,AMERICAN VODKAS,421,SAZERAC COMPANY  INC,35317,BARTON VODKA,12,1000,3.97,5.96,12,71.52,12.00,3.17
INV-65784100047,2023-12-29T00:00:00.000,2621,HY-VEE FOOD STORE #3 / SIOUX CITY,3301 GORDON DR,SIOUX CITY,51105,POINT (-96.362866022 42.488984001),,WOODBURY,1031100,AMERICAN VODKAS,259,HEAVEN HILL BRANDS,35416,BURNETTS VODKA 80PRF,12,750,4.50,6.75,12,81.00,9.00,2.37
INV-65784100048,2023-12-29T00:00:00.000,2621,HY-VEE FOOD STORE #3 / SIOUX CITY,3301 GORDON DR,SIOUX CITY,51105,POINT (-96.362866022 42.488984001),,WOODBURY,1032200,IMPORTED FLAVORED VODKA,065,JIM BEAM BRANDS,35628,PINNACLE WHIPPED,6,1750,10.00,15.00,6,90.00,10.50,2.77
INV-65784100049,2023-12-29T00:00:00.000,2621,HY-VEE FOOD STORE #3 / SIOUX CITY,3301 GORDON DR,SIOUX CITY,51105,POINT (-96.362866022 42.488984001),,WOODBURY,1031100,AMERICAN VODKAS,297,LAIRD & COMPANY,35918,FIVE O'CLOCK VODKA,6,1750,7.72,11.58,6,69.48,10.50,2.77
INV-65784100050,2023-12-29T00:00:00.000,2621,HY-VEE FOOD STORE #3 / SIOUX CITY,3301 GORDON DR,SIOUX CITY,51105,POINT (-96.362866022 42.488984001),,WOODBURY,1031100,AMERICAN VODKAS,434,LUXCO INC,36306,HAWKEYE VODKA,12,750,3.50,5.25,12,63.00,9.00,2.37
INV-65784100051,2023-12-29T00:00:00.000,2621,HY-VEE FOOD STORE #3 / SIOUX CITY,3301 GORDON DR,SIOUX CITY,51105,POINT (-96.362866022 42.488984001),,WOODBURY,1031100,AMERICAN VODKAS,434,LUXCO INC,36308,HAWKEYE VODKA,6,1750,7.50,11.25,12,135.00,21.00,5.54
INV-65784100052,2023-12-29T00:00:00.000,2621,HY-VEE FOOD STORE #3 / SIOUX CITY,3301 GORDON DR,SIOUX CITY,51105,POINT (-96.362866022 42.488984001),,WOODBURY,1031100,AMERICAN VODKAS,777,"BLUE OX SPIRITS, INC.",36875,BLUE OX VODKA,6,1750,7.63,11.45,6,68.70,10.50,2.77
INV-65784100053,2023-12-29T00:00:00.000,2621,HY-VEE FOOD STORE #3 / SIOUX CITY,3301 GORDON DR,SIOUX CITY,51105,POINT (-96.362866022 42.488984001),,WOODBURY,1031100,AMERICAN VODKAS,205,E & J GALLO WINERY,36969,NEW AMSTERDAM 80PRF,12,750,8.00,12.00,12,144.00,9.00,2.37
INV-65784100054,2023-12-29T00:00:00.000,2621,HY-VEE FOOD STORE #3 / SIOUX CITY,3301 GORDON DR,SIOUX CITY,51105,POINT (-96.362866022 42.488984001),,WOODBURY,1031100,AMERICAN VODKAS,421,SAZERAC COMPANY  INC,36976,NIKOLAI VODKA,12,750,3.30,4.95,12,59.40,9.00,2.37
INV-65784100055,2023-12-29T00:00:00.000,2621,HY-VEE FOOD STORE #3 / SIOUX CITY,3301 GORDON DR,SIOUX CITY,51105,POINT (-96.362866022 42.488984001),,WOODBURY,1031100,AMERICAN VODKAS,380,PHILLIPS BEVERAGE,37663,ROW VODKA,12,750,6.30,9.45,12,113.40,9.00,2.37
INV-65784100056,2023-12-29T00:00:00.000,2621,HY-VEE FOOD STORE #3 / SIOUX CITY,3301 GORDON DR,SIOUX CITY,51105,POINT (-96.362866022 42.488984001),,WOODBURY,1031100,AMERICAN VODKAS,619,CAMPARI AMERICA,37988,SKYY VODKA,6,1750,15.00,22.50,6,135.00,10.50,2.77
INV-65784100057,2023-12-29T00:00:00.000,2621,HY-VEE FOOD STORE #3 / SIOUX CITY,3301 GORDON DR,SIOUX CITY,51105,POINT (-96.362866022 42.488984001),,WOODBURY,1031100,AMERICAN VODKAS,260,DIAGEO AMERICAS,37996,SMIRNOFF 80PRF,12,750,8.25,12.38,12,148.56,9.00,2.37
INV-65784100058,2023-12-29T00:00:00.000,2621,HY-VEE FOOD STORE #3 / SIOUX CITY,3301 GORDON DR,SIOUX CITY,51105,POINT (-96.362866022 42.488984001),,WOODBURY,1031100,AMERICAN VODKAS,421,SAZERAC COMPANY  INC,38088,PLATINUM 7X VODKA,6,1750,9.44,14.16,6,84.96,10.50,2.77
INV-65784100059,2023-12-29T00:00:00.000,2621,HY-VEE FOOD STORE #3 / SIOUX CITY,3301 GORDON DR,SIOUX CITY,51105,POINT (-96.362866022 42.488984001),,WOODBURY,1031100,AMERICAN VODKAS,301,FIFTH GENERATION INC,38176,TITOS HANDMADE VODKA,12,750,10.00,15.00,12,180.00,9.00,2.37
INV-65784100060,2023-12-29T00:00:00.000,2621,HY-VEE FOOD STORE #3 / SIOUX CITY,3301 GORDON DR,SIOUX CITY,51105,POINT (-96.362866022 42.488984001),,WOODBURY,1031100,AMERICAN VODKAS,301,FIFTH GENERATION INC,38177,TITOS HANDMADE VODKA,12,1000,13.17,19.76,36,711.36,36.00,9.51
INV-65784100061,2023-12-29T00:00:00.000,2621,HY-VEE FOOD STORE #3 / SIOUX CITY,3301 GORDON DR,SIOUX CITY,51105,POINT (-96.362866022 42.488984001),,WOODBURY,1071000,COCKTAILS/RTD,305,MHW LTD,3836,TWISTED SHOTZ SEXY PARTY PACK 2.0,1,2250,58.45,87.68,1,87.68,2.25,0.59
INV-65784100062,2023-12-29T00:00:00.000,2621,HY-VEE FOOD STORE #3 / SIOUX CITY,3301 GORDON DR,SIOUX CITY,51105,POINT (-96.362866022 42.488984001),,WOODBURY,1012300,SINGLE MALT SCOTCH,370,PERNOD RICARD USA,4084,ABERLOUR 12YR,6,750,30.48,45.72,1,45.72,0.75,0.19
INV-65784100063,2023-12-29T00:00:00.000,2621,HY-VEE FOOD STORE #3 / SIOUX CITY,3301 GORDON DR,SIOUX CITY,51105,POINT (-96.362866022 42.488984001),,WOODBURY,1031200,AMERICAN FLAVORED VODKA,259,HEAVEN HILL BRANDS,41670,BURNETTS BLUE RASPBERRY,12,750,4.50,6.75,12,81.00,9.00,2.37
INV-65784100064,2023-12-29T00:00:00.000,2621,HY-VEE FOOD STORE #3 / SIOUX CITY,3301 GORDON DR,SIOUX CITY,51105,POINT (-96.362866022 42.488984001),,WOODBURY,1062500,FLAVORED RUM,370,PERNOD RICARD USA,42699,MALIBU MANGO,12,750,8.99,13.49,12,161.88,9.00,2.37
INV-65784100065,2023-12-29T00:00:00.000,2621,HY-VEE FOOD STORE #3 / SIOUX CITY,3301 GORDON DR,SIOUX CITY,51105,POINT (-96.362866022 42.488984001),,WOODBURY,1062400,SPICED RUM,259,HEAVEN HILL BRANDS,43028,ADMIRAL NELSON SPICED,6,1750,12.00,18.00,12,216.00,21.00,5.54
INV-65784100066,2023-12-29T00:00:00.000,2621,HY-VEE FOOD STORE #3 / SIOUX CITY,3301 GORDON DR,SIOUX CITY,51105,POINT (-96.362866022 42.488984001),,WOODBURY,1062200,WHITE RUM,035,BACARDI USA INC,43128,BACARDI SUPERIOR,6,1750,15.50,23.25,6,139.50,10.50,2.77
INV-65784100067,2023-12-29T00:00:00.000,2621,HY-VEE FOOD STORE #3 / SIOUX CITY,3301 GORDON DR,SIOUX CITY,51105,POINT (-96.362866022 42.488984001),,WOODBURY,1062400,SPICED RUM,260,DIAGEO AMERICAS,43336,CAPTAIN MORGAN ORIGINAL SPICED,12,750,9.49,14.24,24,341.76,18.00,4.75
INV-65784100068,2023-12-29T00:00:00.000,2621,HY-VEE FOOD STORE #3 / SIOUX CITY,3301 GORDON DR,SIOUX CITY,51105,POINT (-96.362866022 42.488984001),,WOODBURY,1062400,SPICED RUM,260,DIAGEO AMERICAS,43337,CAPTAIN MORGAN ORIGINAL SPICED,12,1000,12.99,19.49,12,233.88,12.00,3.17
INV-65784100069,2023-12-29T00:00:00.000,2621,HY-VEE FOOD STORE #3 / SIOUX CITY,3301 GORDON DR,SIOUX CITY,51105,POINT (-96.362866022 42.488984001),,WOODBURY,1062300,AGED DARK RUM,065,JIM BEAM BRANDS,44442,CRUZAN BLACKSTRAP,6,750,8.20,12.30,6,73.80,4.50,1.18
INV-65784100070,2023-12-29T00:00:00.000,2621,HY-VEE FOOD STORE #3 / SIOUX CITY,3301 GORDON DR,SIOUX CITY,51105,POINT (-96.362866022 42.488984001),,WOODBURY,1062500,FLAVORED RUM,065,JIM BEAM BRANDS,44520,CRUZAN VANILLA,12,750,7.00,10.50,12,126.00,9.00,2.37
INV-65784100071,2023-12-29T00:00:00.000,2621,HY-VEE FOOD STORE #3 / SIOUX CITY,3301 GORDON DR,SIOUX CITY,51105,POINT (-96.362866022 42.488984001),,WOODBURY,1062400,SPICED RUM,434,LUXCO INC,44657,LADY BLIGH SPICED RUM,12,1000,6.75,10.13,12,121.56,12.00,3.17
INV-65784100072,2023-12-29T00:00:00.000,2621,HY-VEE FOOD STORE #3 / SIOUX CITY,3301 GORDON DR,SIOUX CITY,51105,POINT (-96.362866022 42.488984001),,WOODBURY,1062200,WHITE RUM,434,LUXCO INC,45277,PARAMOUNT WHITE RUM,12,1000,4.75,7.13,12,85.56,12.00,3.17
INV-65784100073,2023-12-29T00:00:00.000,2621,HY-VEE FOOD STORE #3 / SIOUX CITY,3301 GORDON DR,SIOUX CITY,51105,POINT (-96.362866022 42.488984001),,WOODBURY,1012200,SCOTCH WHISKIES,260,DIAGEO AMERICAS,4616,BUCHANAN SPECIAL RESERVE 18YR,6,750,39.99,59.99,2,119.98,1.50,0.39
INV-65784100074,2023-12-29T00:00:00.000,2621,HY-VEE FOOD STORE #3 / SIOUX CITY,3301 GORDON DR,SIOUX CITY,51105,POINT (-96.362866022 42.488984001),,WOODBURY,1012200,SCOTCH WHISKIES,260,DIAGEO AMERICAS,4626,BUCHANAN DELUXE 12YR,12,750,21.49,32.24,4,128.96,3.00,0.79
INV-65784100075,2023-12-29T00:00:00.000,2621,HY-VEE FOOD STORE #3 / SIOUX CITY,3301 GORDON DR,SIOUX CITY,51105,POINT (-96.362866022 42.488984001),,WOODBURY,1052100,IMPORTED BRANDIES,420,MOET HENNESSY USA,48106,HENNESSY VS,12,750,19.99,29.99,12,359.88,9.00,2.37
INV-65784100076,2023-12-29T00:00:00.000,2621,HY-VEE FOOD STORE #3 / SIOUX CITY,3301 GORDON DR,SIOUX CITY,51105,POINT (-96.362866022 42.488984001),,WOODBURY,1052100,IMPORTED BRANDIES,389,REMY COINTREAU USA INC,49084,REMY MARTIN 1738 ACCORD ROYAL,12,375,15.30,22.95,2,45.90,0.75,0.19
INV-65784100077,2023-12-29T00:00:00.000,2621,HY-VEE FOOD STORE #3 / SIOUX CITY,3301 GORDON DR,SIOUX CITY,51105,POINT (-96.362866022 42.488984001),,WOODBURY,1052100,IMPORTED BRANDIES,389,REMY COINTREAU USA INC,49086,REMY MARTIN 1738 ACCORD ROYAL,6,750,32.48,48.72,6,292.32,4.50,1.18
INV-65784100078,2023-12-29T00:00:00.000,2621,HY-VEE FOOD STORE #3 / SIOUX CITY,3301 GORDON DR,SIOUX CITY,51105,POINT (-96.362866022 42.488984001),,WOODBURY,1012200,SCOTCH WHISKIES,421,SAZERAC COMPANY  INC,4993,GLENFARCLAS 12YR,6,750,37.50,56.25,1,56.25,0.75,0.19
INV-65784100079,2023-12-29T00:00:00.000,2621,HY-VEE FOOD STORE #3 / SIOUX CITY,3301 GORDON DR,SIOUX CITY,51105,POINT (-96.362866022 42.488984001),,WOODBURY,1012200,SCOTCH WHISKIES,240,WILLIAM GRANT & SONS INC,5002,GLENFIDDICH 21YR,3,750,150.00,225.00,2,450.00,1.50,0.39
INV-65784100080,2023-12-29T00:00:00.000,2621,HY-VEE FOOD STORE #3 / SIOUX CITY,3301 GORDON DR,SIOUX CITY,51105,POINT (-96.362866022 42.488984001),,WOODBURY,1012300,SINGLE MALT SCOTCH,370,PERNOD RICARD USA,5036,GLENLIVET 12YR,12,750,27.98,41.97,1,41.97,0.75,0.19
INV-65784100081,2023-12-29T00:00:00.000,2621,HY-VEE FOOD STORE #3 / SIOUX CITY,3301 GORDON DR,SIOUX CITY,51105,POINT (-96.362866022 42.488984001),,WOODBURY,1051100,AMERICAN BRANDIES,259,HEAVEN HILL BRANDS,52314,CHRISTIAN BROS BRANDY,24,375,3.50,5.25,4,19.52,1.50,0.39
INV-65784100082,2023-12-29T00:00:00.000,2621,HY-VEE FOOD STORE #3 / SIOUX CITY,3301 GORDON DR,SIOUX CITY,51105,POINT (-96.362866022 42.488984001),,WOODBURY,1051100,AMERICAN BRANDIES,085,BROWN FORMAN CORP.,52806,KORBEL BRANDY,12,750,6.66,9.99,12,119.88,9.00,2.37
INV-65784100083,2023-12-29T00:00:00.000,2621,HY-VEE FOOD STORE #3 / SIOUX CITY,3301 GORDON DR,SIOUX CITY,51105,POINT (-96.362866022 42.488984001),,WOODBURY,1012300,SINGLE MALT SCOTCH,065,JIM BEAM BRANDS,5446,LAPHROAIG 10YR,12,750,29.50,44.25,1,44.25,0.75,0.19
INV-65784100084,2023-12-29T00:00:00.000,2621,HY-VEE FOOD STORE #3 / SIOUX CITY,3301 GORDON DR,SIOUX CITY,51105,POINT (-96.362866022 42.488984001),,WOODBURY,1012300,SINGLE MALT SCOTCH,266,EDRINGTON GROUP USA LLC,5486,MACALLAN 12YR,12,750,50.04,75.06,2,150.12,1.50,0.39
INV-65784100085,2023-12-29T00:00:00.000,2621,HY-VEE FOOD STORE #3 / SIOUX CITY,3301 GORDON DR,SIOUX CITY,51105,POINT (-96.362866022 42.488984001),,WOODBURY,1051100,AMERICAN BRANDIES,421,SAZERAC COMPANY  INC,55066,MR BOSTON BLACKBERRY BRANDY,12,750,5.00,7.50,12,90.00,9.00,2.37
INV-65784100086,2023-12-29T00:00:00.000,2621,HY-VEE FOOD STORE #3 / SIOUX CITY,3301 GORDON DR,SIOUX CITY,51105,POINT (-96.362866022 42.488984001),,WOODBURY,1012300,SINGLE MALT SCOTCH,260,DIAGEO AMERICAS,5696,OBAN SINGLE MALT SCOTCH 14YR,12,750,47.49,71.24,2,142.48,1.50,0.39
INV-65784100087,2023-12-29T00:00:00.000,2621,HY-VEE FOOD STORE #3 / SIOUX CITY,3301 GORDON DR,SIOUX CITY,51105,POINT (-96.362866022 42.488984001),,WOODBURY,1071000,COCKTAILS/RTD,908,BUZZBALLZ LLC / SOUTHERN CHAMPION,57210,BUZZBALLZ BIGGIES TEQUILA RITA,3,1750,10.00,15.00,6,90.00,10.50,2.77
INV-65784100088,2023-12-29T00:00:00.000,2621,HY-VEE FOOD STORE #3 / SIOUX CITY,3301 GORDON DR,SIOUX CITY,51105,POINT (-96.362866022 42.488984001),,WOODBURY,1071000,COCKTAILS/RTD,908,BUZZBALLZ LLC / SOUTHERN CHAMPION,57578,BUZZBALLZ BIGGIES STRAWBERRY RITA,3,1750,10.00,15.00,6,90.00,10.50,2.77
INV-65784100089,2023-12-29T00:00:00.000,2621,HY-VEE FOOD STORE #3 / SIOUX CITY,3301 GORDON DR,SIOUX CITY,51105,POINT (-96.362866022 42.488984001),,WOODBURY,1012300,SINGLE MALT SCOTCH,370,PERNOD RICARD USA,5842,GLENLIVET 14YR,6,750,38.48,57.72,1,57.72,0.75,0.19
INV-65784100090,2023-12-29T00:00:00.000,2621,HY-VEE FOOD STORE #3 / SIOUX CITY,3301 GORDON DR,SIOUX CITY,51105,POINT (-96.362866022 42.488984001),,WOODBURY,1071000,COCKTAILS/RTD,395,PROXIMO,58838,JOSE CUERVO AUTHENTIC LIME MARGARITA,6,1750,8.74,13.11,6,78.66,10.50,2.77
INV-65784100091,2023-12-29T00:00:00.000,2621,HY-VEE FOOD STORE #3 / SIOUX CITY,3301 GORDON DR,SIOUX CITY,51105,POINT (-96.362866022 42.488984001),,WOODBURY,1071000,COCKTAILS/RTD,395,PROXIMO,58854,JOSE CUERVO AUTHENTIC DOUBLE STRENGTH MARGARITA,6,1750,10.04,15.06,6,90.36,10.50,2.77
INV-65784100092,2023-12-29T00:00:00.000,2621,HY-VEE FOOD STORE #3 / SIOUX CITY,3301 GORDON DR,SIOUX CITY,51105,POINT (-96.362866022 42.488984001),,WOODBURY,1071000,COCKTAILS/RTD,395,PROXIMO,58868,JOSE CUERVO AUTHENTIC STRAWBERRY LIME MARGARITA,6,1750,8.74,13.11,6,78.66,10.50,2.77
INV-65784100093,2023-12-29T00:00:00.000,2621,HY-VEE FOOD STORE #3 / SIOUX CITY,3301 GORDON DR,SIOUX CITY,51105,POINT (-96.362866022 42.488984001),,WOODBURY,1071000,COCKTAILS/RTD,395,PROXIMO,58872,JOSE CUERVO AUTHENTIC LIGHT LIME MARGARITA,6,1750,8.74,13.11,6,78.66,10.50,2.77
INV-65784100094,2023-12-29T00:00:00.000,2621,HY-VEE FOOD STORE #3 / SIOUX CITY,3301 GORDON DR,SIOUX CITY,51105,POINT (-96.362866022 42.488984001),,WOODBURY,1071000,COCKTAILS/RTD,395,PROXIMO,58925,JOSE CUERVO AUTHENTIC LIGHT STRAWBERRY,6,1750,8.74,13.11,6,78.66,10.50,2.77
INV-65784100095,2023-12-29T00:00:00.000,2621,HY-VEE FOOD STORE #3 / SIOUX CITY,3301 GORDON DR,SIOUX CITY,51105,POINT (-96.362866022 42.488984001),,WOODBURY,1071000,COCKTAILS/RTD,380,PHILLIPS BEVERAGE,63959,UV BLUE RASPBERRY LEMONADE PET,6,1750,6.39,9.59,6,57.54,10.50,2.77
INV-65784100096,2023-12-29T00:00:00.000,2621,HY-VEE FOOD STORE #3 / SIOUX CITY,3301 GORDON DR,SIOUX CITY,51105,POINT (-96.362866022 42.488984001),,WOODBURY,1082100,IMPORTED CORDIALS & LIQUEURS,259,HEAVEN HILL BRANDS,64645,DOMAINE DE CANTON,6,750,17.50,26.25,6,157.50,4.50,1.18
INV-65784100097,2023-12-29T00:00:00.000,2621,HY-VEE FOOD STORE #3 / SIOUX CITY,3301 GORDON DR,SIOUX CITY,51105,POINT (-96.362866022 42.488984001),,WOODBURY,1081300,AMERICAN CORDIALS & LIQUEURS,305,MHW LTD,65047,DORDA SEA SALT CARAMEL LIQUEUR,6,750,11.00,16.50,6,99.00,4.50,1.18
INV-65784100098,2023-12-29T00:00:00.000,2621,HY-VEE FOOD STORE #3 / SIOUX CITY,3301 GORDON DR,SIOUX CITY,51105,POINT (-96.362866022 42.488984001),,WOODBURY,1082100,IMPORTED CORDIALS & LIQUEURS,259,HEAVEN HILL BRANDS,65195,HPNOTIQ,6,750,12.00,18.00,6,108.00,4.50,1.18
INV-65784100100,2023-12-29T00:00:00.000,2621,HY-VEE FOOD STORE #3 / SIOUX CITY,3301 GORDON DR,SIOUX CITY,51105,POINT (-96.362866022 42.488984001),,WOODBURY,1011100,BLENDED WHISKIES,368,PARK STREET IMPORTS,66725,SHANKYS WHIP BLACK SPIRITS,6,750,14.54,21.81,12,261.72,9.00,2.37
INV-65784100101,2023-12-29T00:00:00.000,2621,HY-VEE FOOD STORE #3 / SIOUX CITY,3301 GORDON DR,SIOUX CITY,51105,POINT (-96.362866022 42.488984001),,WOODBURY,1082100,IMPORTED CORDIALS & LIQUEURS,035,BACARDI USA INC,66836,ST GERMAIN,6,750,20.00,30.00,6,180.00,4.50,1.18
INV-65784100102,2023-12-29T00:00:00.000,2621,HY-VEE FOOD STORE #3 / SIOUX CITY,3301 GORDON DR,SIOUX CITY,51105,POINT (-96.362866022 42.488984001),,WOODBURY,1082100,IMPORTED CORDIALS & LIQUEURS,065,JIM BEAM BRANDS,67006,MIDORI MELON LIQUEUR,12,750,11.49,17.24,12,206.88,9.00,2.37
INV-65784100103,2023-12-29T00:00:00.000,2621,HY-VEE FOOD STORE #3 / SIOUX CITY,3301 GORDON DR,SIOUX CITY,51105,POINT (-96.362866022 42.488984001),,WOODBURY,1071000,COCKTAILS/RTD,305,MHW LTD,67042,TWISTED SHOTZ MIAMI VICE,1,1800,55.24,82.86,1,82.86,1.80,0.47
INV-65784100104,2023-12-29T00:00:00.000,2621,HY-VEE FOOD STORE #3 / SIOUX CITY,3301 GORDON DR,SIOUX CITY,51105,POINT (-96.362866022 42.488984001),,WOODBURY,1071000,COCKTAILS/RTD,305,MHW LTD,67043,TWISTED SHOTZ PORN STAR,1,1800,55.26,82.89,1,82.89,1.80,0.47
INV-65784100106,2023-12-29T00:00:00.000,2621,HY-VEE FOOD STORE #3 / SIOUX CITY,3301 GORDON DR,SIOUX CITY,51105,POINT (-96.362866022 42.488984001),,WOODBURY,1081100,COFFEE LIQUEURS,370,PERNOD RICARD USA,67524,KAHLUA COFFEE,24,375,8.99,13.49,6,80.94,2.25,0.59
INV-65784100107,2023-12-29T00:00:00.000,2621,HY-VEE FOOD STORE #3 / SIOUX CITY,3301 GORDON DR,SIOUX CITY,51105,POINT (-96.362866022 42.488984001),,WOODBURY,1081100,COFFEE LIQUEURS,380,PHILLIPS BEVERAGE,67556,KAMORA COFFEE LIQUEUR,12,750,7.67,11.51,12,138.12,9.00,2.37
INV-65784100108,2023-12-29T00:00:00.000,2621,HY-VEE FOOD STORE #3 / SIOUX CITY,3301 GORDON DR,SIOUX CITY,51105,POINT (-96.362866022 42.488984001),,WOODBURY,1081200,CREAM LIQUEURS,260,DIAGEO AMERICAS,68031,BAILEYS ORIGINAL IRISH CREAM MINI,4,1000,29.80,44.70,2,89.40,2.00,0.52
INV-65784100110,2023-12-29T00:00:00.000,2621,HY-VEE FOOD STORE #3 / SIOUX CITY,3301 GORDON DR,SIOUX CITY,51105,POINT (-96.362866022 42.488984001),,WOODBURY,1081200,CREAM LIQUEURS,260,DIAGEO AMERICAS,68037,BAILEYS ORIGINAL IRISH CREAM,12,1000,20.99,31.49,12,377.88,12.00,3.17
INV-65784100112,2023-12-29T00:00:00.000,2621,HY-VEE FOOD STORE #3 / SIOUX CITY,3301 GORDON DR,SIOUX CITY,51105,POINT (-96.362866022 42.488984001),,WOODBURY,1081200,CREAM LIQUEURS,205,E & J GALLO WINERY,73055,RUMCHATA,12,750,14.00,21.00,12,252.00,9.00,2.37
INV-65784100113,2023-12-29T00:00:00.000,2621,HY-VEE FOOD STORE #3 / SIOUX CITY,3301 GORDON DR,SIOUX CITY,51105,POINT (-96.362866022 42.488984001),,WOODBURY,1092100,IMPORTED DISTILLED SPIRITS SPECIALTY,100,AIKO IMPORTERS INC,73254,DAMSO WATERMELON SOJU,20,375,3.05,4.58,20,91.60,7.50,1.98
INV-65784100115,2023-12-29T00:00:00.000,2621,HY-VEE FOOD STORE #3 / SIOUX CITY,3301 GORDON DR,SIOUX CITY,51105,POINT (-96.362866022 42.488984001),,WOODBURY,1092100,IMPORTED DISTILLED SPIRITS SPECIALTY,100,AIKO IMPORTERS INC,73257,DAMSO STRAWBERRY SOJU,20,375,3.05,4.58,20,91.60,7.50,1.98
INV-65784100116,2023-12-29T00:00:00.000,2621,HY-VEE FOOD STORE #3 / SIOUX CITY,3301 GORDON DR,SIOUX CITY,51105,POINT (-96.362866022 42.488984001),,WOODBURY,1011400,TENNESSEE WHISKIES,085,BROWN FORMAN CORP.,74805,JACK DANIELS TENNESSEE APPLE,24,375,8.25,12.38,5,61.90,1.87,0.49
INV-65784100117,2023-12-29T00:00:00.000,2621,HY-VEE FOOD STORE #3 / SIOUX CITY,3301 GORDON DR,SIOUX CITY,51105,POINT (-96.362866022 42.488984001),,WOODBURY,1031200,AMERICAN FLAVORED VODKA,772,INTERCONTINENTAL PACKAGING COMPANY/PRESTIGE BEVERAGE GROUP,75210,KINKY PINK,6,750,10.00,15.00,6,90.00,4.50,1.18
INV-65784100118,2023-12-29T00:00:00.000,2621,HY-VEE FOOD STORE #3 / SIOUX CITY,3301 GORDON DR,SIOUX CITY,51105,POINT (-96.362866022 42.488984001),,WOODBURY,1081300,AMERICAN CORDIALS & LIQUEURS,434,LUXCO INC,76488,PARAMOUNT AMARETTO,6,1750,8.75,13.13,6,78.78,10.50,2.77
INV-65784100119,2023-12-29T00:00:00.000,2621,HY-VEE FOOD STORE #3 / SIOUX CITY,3301 GORDON DR,SIOUX CITY,51105,POINT (-96.362866022 42.488984001),,WOODBURY,1031200,AMERICAN FLAVORED VODKA,260,DIAGEO AMERICAS,77740,SMIRNOFF RASPBERRY,12,750,8.25,12.38,12,148.56,9.00,2.37
INV-65784100120,2023-12-29T00:00:00.000,2621,HY-VEE FOOD STORE #3 / SIOUX CITY,3301 GORDON DR,SIOUX CITY,51105,POINT (-96.362866022 42.488984001),,WOODBURY,1031200,AMERICAN FLAVORED VODKA,260,DIAGEO AMERICAS,77847,SMIRNOFF VANILLA,12,750,8.25,12.38,12,148.56,9.00,2.37
INV-65784100122,2023-12-29T00:00:00.000,2621,HY-VEE FOOD STORE #3 / SIOUX CITY,3301 GORDON DR,SIOUX CITY,51105,POINT (-96.362866022 42.488984001),,WOODBURY,1071000,COCKTAILS/RTD,421,SAZERAC COMPANY  INC,80058,CHI-CHI'S ORANGE CREAM,6,1750,6.50,9.75,6,58.50,10.50,2.77
INV-65784100123,2023-12-29T00:00:00.000,2621,HY-VEE FOOD STORE #3 / SIOUX CITY,3301 GORDON DR,SIOUX CITY,51105,POINT (-96.362866022 42.488984001),,WOODBURY,1081200,CREAM LIQUEURS,380,PHILLIPS BEVERAGE,80069,CASHEL IRISH CREAM,12,750,7.08,10.62,12,127.44,9.00,2.37
INV-65784100124,2023-12-29T00:00:00.000,2621,HY-VEE FOOD STORE #3 / SIOUX CITY,3301 GORDON DR,SIOUX CITY,51105,POINT (-96.362866022 42.488984001),,WOODBURY,1081200,CREAM LIQUEURS,306,MISSISSIPPI RIVER DISTILLING COMPANY LLC,80239,IOWISH CREAM SALTED CARAMEL,6,750,12.50,18.75,6,112.50,4.50,1.18
INV-65784100125,2023-12-29T00:00:00.000,2621,HY-VEE FOOD STORE #3 / SIOUX CITY,3301 GORDON DR,SIOUX CITY,51105,POINT (-96.362866022 42.488984001),,WOODBURY,1081400,AMERICAN SCHNAPPS,434,LUXCO INC,81196,PARAMOUNT PEPPERMINT SCHNAPPS PET,12,750,4.25,6.38,12,76.56,9.00,2.37
INV-65784100126,2023-12-29T00:00:00.000,2621,HY-VEE FOOD STORE #3 / SIOUX CITY,3301 GORDON DR,SIOUX CITY,51105,POINT (-96.362866022 42.488984001),,WOODBURY,1081400,AMERICAN SCHNAPPS,065,JIM BEAM BRANDS,82847,DEKUYPER LUSCIOUS PEACHTREE,12,1000,7.87,11.81,12,141.72,12.00,3.17
INV-65784100127,2023-12-29T00:00:00.000,2621,HY-VEE FOOD STORE #3 / SIOUX CITY,3301 GORDON DR,SIOUX CITY,51105,POINT (-96.362866022 42.488984001),,WOODBURY,1081400,AMERICAN SCHNAPPS,065,JIM BEAM BRANDS,82867,DEKUYPER WATERMELON PUCKER,12,1000,7.87,11.81,12,141.72,12.00,3.17
INV-65784100128,2023-12-29T00:00:00.000,2621,HY-VEE FOOD STORE #3 / SIOUX CITY,3301 GORDON DR,SIOUX CITY,51105,POINT (-96.362866022 42.488984001),,WOODBURY,1081400,AMERICAN SCHNAPPS,421,SAZERAC COMPANY  INC,84145,99 GRAPES PET MINI,1,50,51.60,77.40,1,77.40,0.05,0.01
INV-65784100129,2023-12-29T00:00:00.000,2621,HY-VEE FOOD STORE #3 / SIOUX CITY,3301 GORDON DR,SIOUX CITY,51105,POINT (-96.362866022 42.488984001),,WOODBURY,1081400,AMERICAN SCHNAPPS,421,SAZERAC COMPANY  INC,84207,99 ROOT BEER MINI,1,50,51.60,77.40,1,77.40,0.05,0.01
INV-65784100130,2023-12-29T00:00:00.000,2621,HY-VEE FOOD STORE #3 / SIOUX CITY,3301 GORDON DR,SIOUX CITY,51105,POINT (-96.362866022 42.488984001),,WOODBURY,1081300,AMERICAN CORDIALS & LIQUEURS,065,JIM BEAM BRANDS,85526,DEKUYPER BLUE CURACAO,12,750,5.25,7.88,12,94.56,9.00,2.37
INV-65784100131,2023-12-29T00:00:00.000,2621,HY-VEE FOOD STORE #3 / SIOUX CITY,3301 GORDON DR,SIOUX CITY,51105,POINT (-96.362866022 42.488984001),,WOODBURY,1012100,CANADIAN WHISKIES,259,HEAVEN HILL BRANDS,86019,BLACK VELVET PEACH CANADIAN WHISKEY,6,1750,11.00,16.50,12,198.00,21.00,5.54
INV-65784100132,2023-12-29T00:00:00.000,2621,HY-VEE FOOD STORE #3 / SIOUX CITY,3301 GORDON DR,SIOUX CITY,51105,POINT (-96.362866022 42.488984001),,WOODBURY,1081500,TRIPLE SEC,065,JIM BEAM BRANDS,86112,DEKUYPER TRIPLE SEC,12,1000,2.33,3.50,12,42.00,12.00,3.17
INV-65784100133,2023-12-29T00:00:00.000,2621,HY-VEE FOOD STORE #3 / SIOUX CITY,3301 GORDON DR,SIOUX CITY,51105,POINT (-96.362866022 42.488984001),,WOODBURY,1091100,AMERICAN DISTILLED SPIRITS SPECIALTY,370,PERNOD RICARD USA,86439,SKREWBALL PEANUT BUTTER WHISKEY,12,750,14.99,22.49,12,269.88,9.00,2.37
INV-65784100134,2023-12-29T00:00:00.000,2621,HY-VEE FOOD STORE #3 / SIOUX CITY,3301 GORDON DR,SIOUX CITY,51105,POINT (-96.362866022 42.488984001),,WOODBURY,1012100,CANADIAN WHISKIES,259,HEAVEN HILL BRANDS,86455,BLACK VELVET APPLE,12,750,5.50,8.25,12,99.00,9.00,2.37
INV-65784100135,2023-12-29T00:00:00.000,2621,HY-VEE FOOD STORE #3 / SIOUX CITY,3301 GORDON DR,SIOUX CITY,51105,POINT (-96.362866022 42.488984001),,WOODBURY,1011400,TENNESSEE WHISKIES,085,BROWN FORMAN CORP.,86670,JACK DANIELS TENNESSEE HONEY,12,750,15.91,23.87,12,286.44,9.00,2.37
INV-65784100136,2023-12-29T00:00:00.000,2621,HY-VEE FOOD STORE #3 / SIOUX CITY,3301 GORDON DR,SIOUX CITY,51105,POINT (-96.362866022 42.488984001),,WOODBURY,1011400,TENNESSEE WHISKIES,085,BROWN FORMAN CORP.,86698,JACK DANIELS TENNESSEE FIRE,24,375,8.25,12.38,5,61.90,1.87,0.49
INV-65784100137,2023-12-29T00:00:00.000,2621,HY-VEE FOOD STORE #3 / SIOUX CITY,3301 GORDON DR,SIOUX CITY,51105,POINT (-96.362866022 42.488984001),,WOODBURY,1081600,WHISKEY LIQUEUR,421,SAZERAC COMPANY  INC,86886,SOUTHERN COMFORT,12,750,10.33,15.50,12,186.00,9.00,2.37
INV-65784100138,2023-12-29T00:00:00.000,2621,HY-VEE FOOD STORE #3 / SIOUX CITY,3301 GORDON DR,SIOUX CITY,51105,POINT (-96.362866022 42.488984001),,WOODBURY,1081600,WHISKEY LIQUEUR,421,SAZERAC COMPANY  INC,86887,SOUTHERN COMFORT,12,1000,12.97,19.46,12,233.52,12.00,3.17
INV-65784100139,2023-12-29T00:00:00.000,2621,HY-VEE FOOD STORE #3 / SIOUX CITY,3301 GORDON DR,SIOUX CITY,51105,POINT (-96.362866022 42.488984001),,WOODBURY,1011100,BLENDED WHISKIES,370,PERNOD RICARD USA,87050,SKREWBALL PEANUT BUTTER WHISKEY,6,1000,18.98,28.47,6,170.82,6.00,1.58
INV-65784100140,2023-12-29T00:00:00.000,2621,HY-VEE FOOD STORE #3 / SIOUX CITY,3301 GORDON DR,SIOUX CITY,51105,POINT (-96.362866022 42.488984001),,WOODBURY,1022200,100% AGAVE TEQUILA,260,DIAGEO AMERICAS,87280,CASAMIGOS BLANCO,6,750,28.49,42.74,6,256.44,4.50,1.18
INV-65784100141,2023-12-29T00:00:00.000,2621,HY-VEE FOOD STORE #3 / SIOUX CITY,3301 GORDON DR,SIOUX CITY,51105,POINT (-96.362866022 42.488984001),,WOODBURY,1022100,MIXTO TEQUILA,395,PROXIMO,87409,JOSE CUERVO ESPECIAL SILVER,12,1000,15.00,22.50,12,261.00,12.00,3.17
INV-65784100142,2023-12-29T00:00:00.000,2621,HY-VEE FOOD STORE #3 / SIOUX CITY,3301 GORDON DR,SIOUX CITY,51105,POINT (-96.362866022 42.488984001),,WOODBURY,1022200,100% AGAVE TEQUILA,395,PROXIMO,87510,1800 SILVER,12,750,16.50,24.75,12,297.00,9.00,2.37
INV-65784100144,2023-12-29T00:00:00.000,2621,HY-VEE FOOD STORE #3 / SIOUX CITY,3301 GORDON DR,SIOUX CITY,51105,POINT (-96.362866022 42.488984001),,WOODBURY,1022200,100% AGAVE TEQUILA,240,WILLIAM GRANT & SONS INC,88116,MILAGRO SILVER,6,750,17.00,25.50,6,153.00,4.50,1.18
INV-65784100145,2023-12-29T00:00:00.000,2621,HY-VEE FOOD STORE #3 / SIOUX CITY,3301 GORDON DR,SIOUX CITY,51105,POINT (-96.362866022 42.488984001),,WOODBURY,1022200,100% AGAVE TEQUILA,260,DIAGEO AMERICAS,88163,DON JULIO REPOSADO PRIMAVERA,6,750,44.99,67.49,2,134.98,1.50,0.39
INV-65784100146,2023-12-29T00:00:00.000,2621,HY-VEE FOOD STORE #3 / SIOUX CITY,3301 GORDON DR,SIOUX CITY,51105,POINT (-96.362866022 42.488984001),,WOODBURY,1022200,100% AGAVE TEQUILA,305,MHW LTD,88356,PROSPERO BLANCO TEQUILA,6,750,18.50,27.75,6,166.50,4.50,1.18
INV-65784100147,2023-12-29T00:00:00.000,2621,HY-VEE FOOD STORE #3 / SIOUX CITY,3301 GORDON DR,SIOUX CITY,51105,POINT (-96.362866022 42.488984001),,WOODBURY,1022100,MIXTO TEQUILA,065,JIM BEAM BRANDS,88556,SAUZA BLANCO SILVER,12,750,10.50,15.75,12,189.00,9.00,2.37
INV-65784100148,2023-12-29T00:00:00.000,2621,HY-VEE FOOD STORE #3 / SIOUX CITY,3301 GORDON DR,SIOUX CITY,51105,POINT (-96.362866022 42.488984001),,WOODBURY,1022200,100% AGAVE TEQUILA,260,DIAGEO AMERICAS,89177,CASAMIGOS REPOSADO,6,750,29.99,44.99,6,269.94,4.50,1.18
INV-65784100149,2023-12-29T00:00:00.000,2621,HY-VEE FOOD STORE #3 / SIOUX CITY,3301 GORDON DR,SIOUX CITY,51105,POINT (-96.362866022 42.488984001),,WOODBURY,1022200,100% AGAVE TEQUILA,395,PROXIMO,89206,1800 REPOSADO,12,750,17.50,26.25,12,315.00,9.00,2.37
INV-65784100151,2023-12-29T00:00:00.000,2621,HY-VEE FOOD STORE #3 / SIOUX CITY,3301 GORDON DR,SIOUX CITY,51105,POINT (-96.362866022 42.488984001),,WOODBURY,1022200,100% AGAVE TEQUILA,240,WILLIAM GRANT & SONS INC,89583,MILAGRO REPOSADO,6,750,17.50,26.25,6,157.50,4.50,1.18
INV-65784200001,2023-12-29T00:00:00.000,4197,FAREWAY STORES #014 / SERGEANT BLUFF,700  1ST ST,SERGEANT BLUFF,51054,POINT (-96.352803966 42.400147981),,WOODBURY,1012100,CANADIAN WHISKIES,260,DIAGEO AMERICAS,10788,CROWN ROYAL VANILLA MINI,10,50,9.95,14.93,1,14.93,0.05,0.01
INV-65784200002,2023-12-29T00:00:00.000,4197,FAREWAY STORES #014 / SERGEANT BLUFF,700  1ST ST,SERGEANT BLUFF,51054,POINT (-96.352803966 42.400147981),,WOODBURY,1012100,CANADIAN WHISKIES,260,DIAGEO AMERICAS,11290,CROWN ROYAL MINI,10,50,9.95,14.93,1,14.93,0.05,0.01
INV-65784200003,2023-12-29T00:00:00.000,4197,FAREWAY STORES #014 / SERGEANT BLUFF,700  1ST ST,SERGEANT BLUFF,51054,POINT (-96.352803966 42.400147981),,WOODBURY,1012100,CANADIAN WHISKIES,260,DIAGEO AMERICAS,11296,CROWN ROYAL,12,750,17.49,26.24,12,314.88,9.00,2.37
INV-65784200004,2023-12-29T00:00:00.000,4197,FAREWAY STORES #014 / SERGEANT BLUFF,700  1ST ST,SERGEANT BLUFF,51054,POINT (-96.352803966 42.400147981),,WOODBURY,1012100,CANADIAN WHISKIES,260,DIAGEO AMERICAS,11298,CROWN ROYAL,6,1750,33.99,50.99,6,305.94,10.50,2.77
INV-65784200005,2023-12-29T00:00:00.000,4197,FAREWAY STORES #014 / SERGEANT BLUFF,700  1ST ST,SERGEANT BLUFF,51054,POINT (-96.352803966 42.400147981),,WOODBURY,1012100,CANADIAN WHISKIES,259,HEAVEN HILL BRANDS,11776,BLACK VELVET,12,750,5.50,8.25,12,99.00,9.00,2.37
INV-65784200006,2023-12-29T00:00:00.000,4197,FAREWAY STORES #014 / SERGEANT BLUFF,700  1ST ST,SERGEANT BLUFF,51054,POINT (-96.352803966 42.400147981),,WOODBURY,1012100,CANADIAN WHISKIES,259,HEAVEN HILL BRANDS,11786,BLACK VELVET PET,12,750,5.50,8.25,36,297.00,27.00,7.13
INV-65784200007,2023-12-29T00:00:00.000,4197,FAREWAY STORES #014 / SERGEANT BLUFF,700  1ST ST,SERGEANT BLUFF,51054,POINT (-96.352803966 42.400147981),,WOODBURY,1012100,CANADIAN WHISKIES,772,INTERCONTINENTAL PACKAGING COMPANY/PRESTIGE BEVERAGE GROUP,15248,WINDSOR CANADIAN PET,6,1750,10.00,15.00,6,90.00,10.50,2.77
INV-65784200008,2023-12-29T00:00:00.000,4197,FAREWAY STORES #014 / SERGEANT BLUFF,700  1ST ST,SERGEANT BLUFF,51054,POINT (-96.352803966 42.400147981),,WOODBURY,1011200,STRAIGHT BOURBON WHISKIES,434,LUXCO INC,21206,REBEL KSBW,12,750,9.50,14.25,12,171.00,9.00,2.37
INV-65784200009,2023-12-29T00:00:00.000,4197,FAREWAY STORES #014 / SERGEANT BLUFF,700  1ST ST,SERGEANT BLUFF,51054,POINT (-96.352803966 42.400147981),,WOODBURY,1011100,BLENDED WHISKIES,297,LAIRD & COMPANY,23828,FIVE STAR,6,1750,8.39,12.59,6,75.54,10.50,2.77
INV-65784200010,2023-12-29T00:00:00.000,4197,FAREWAY STORES #014 / SERGEANT BLUFF,700  1ST ST,SERGEANT BLUFF,51054,POINT (-96.352803966 42.400147981),,WOODBURY,1011400,TENNESSEE WHISKIES,085,BROWN FORMAN CORP.,26821,JACK DANIELS OLD #7 BLACK LABEL MINI,12,50,11.50,17.25,1,17.25,0.05,0.01
INV-65784200011,2023-12-29T00:00:00.000,4197,FAREWAY STORES #014 / SERGEANT BLUFF,700  1ST ST,SERGEANT BLUFF,51054,POINT (-96.352803966 42.400147981),,WOODBURY,1011400,TENNESSEE WHISKIES,085,BROWN FORMAN CORP.,26828,JACK DANIELS OLD #7 BLACK LABEL,6,1750,33.28,49.92,6,299.52,10.50,2.77
INV-65784200012,2023-12-29T00:00:00.000,4197,FAREWAY STORES #014 / SERGEANT BLUFF,700  1ST ST,SERGEANT BLUFF,51054,POINT (-96.352803966 42.400147981),,WOODBURY,1011100,BLENDED WHISKIES,492,WESTERN SPIRITS BEVERAGE,26844,BIRD DOG PEACH PET,6,750,11.50,17.25,6,103.50,4.50,1.18
INV-65784200013,2023-12-29T00:00:00.000,4197,FAREWAY STORES #014 / SERGEANT BLUFF,700  1ST ST,SERGEANT BLUFF,51054,POINT (-96.352803966 42.400147981),,WOODBURY,1042100,IMPORTED DRY GINS,035,BACARDI USA INC,28236,BOMBAY SAPPHIRE GIN,12,750,14.49,21.74,4,86.96,3.00,0.79
INV-65784200014,2023-12-29T00:00:00.000,4197,FAREWAY STORES #014 / SERGEANT BLUFF,700  1ST ST,SERGEANT BLUFF,51054,POINT (-96.352803966 42.400147981),,WOODBURY,1041200,FLAVORED GIN,342,DV SPIRITS LLC,28477,EMPRESS 1908 GIN,6,750,20.00,30.00,4,120.00,3.00,0.79
INV-65784200015,2023-12-29T00:00:00.000,4197,FAREWAY STORES #014 / SERGEANT BLUFF,700  1ST ST,SERGEANT BLUFF,51054,POINT (-96.352803966 42.400147981),,WOODBURY,1031100,AMERICAN VODKAS,297,LAIRD & COMPANY,35918,FIVE O'CLOCK VODKA,6,1750,7.72,11.58,6,69.48,10.50,2.77
INV-65784200016,2023-12-29T00:00:00.000,4197,FAREWAY STORES #014 / SERGEANT BLUFF,700  1ST ST,SERGEANT BLUFF,51054,POINT (-96.352803966 42.400147981),,WOODBURY,1031100,AMERICAN VODKAS,205,E & J GALLO WINERY,36969,NEW AMSTERDAM 80PRF,12,750,8.00,12.00,12,144.00,9.00,2.37
INV-65784200017,2023-12-29T00:00:00.000,4197,FAREWAY STORES #014 / SERGEANT BLUFF,700  1ST ST,SERGEANT BLUFF,51054,POINT (-96.352803966 42.400147981),,WOODBURY,1031100,AMERICAN VODKAS,566,"FOUNDRY DISTILLING COMPANY, LLC",37095,BUTCHERS BLOCK VODKA,12,750,8.43,12.65,6,75.90,4.50,1.18
INV-65784200018,2023-12-29T00:00:00.000,4197,FAREWAY STORES #014 / SERGEANT BLUFF,700  1ST ST,SERGEANT BLUFF,51054,POINT (-96.352803966 42.400147981),,WOODBURY,1031100,AMERICAN VODKAS,380,PHILLIPS BEVERAGE,37338,UV VODKA PET,6,1750,11.50,17.25,6,103.50,10.50,2.77
INV-65784200019,2023-12-29T00:00:00.000,4197,FAREWAY STORES #014 / SERGEANT BLUFF,700  1ST ST,SERGEANT BLUFF,51054,POINT (-96.352803966 42.400147981),,WOODBURY,1031100,AMERICAN VODKAS,260,DIAGEO AMERICAS,37996,SMIRNOFF 80PRF,12,750,8.25,12.38,12,148.56,9.00,2.37
INV-65784200020,2023-12-29T00:00:00.000,4197,FAREWAY STORES #014 / SERGEANT BLUFF,700  1ST ST,SERGEANT BLUFF,51054,POINT (-96.352803966 42.400147981),,WOODBURY,1031100,AMERICAN VODKAS,301,FIFTH GENERATION INC,38176,TITOS HANDMADE VODKA,12,750,10.00,15.00,12,180.00,9.00,2.37
INV-65784200021,2023-12-29T00:00:00.000,4197,FAREWAY STORES #014 / SERGEANT BLUFF,700  1ST ST,SERGEANT BLUFF,51054,POINT (-96.352803966 42.400147981),,WOODBURY,1031200,AMERICAN FLAVORED VODKA,380,PHILLIPS BEVERAGE,41692,UV BLUE RASPBERRY,6,1750,11.50,17.25,6,103.50,10.50,2.77
INV-65784200022,2023-12-29T00:00:00.000,4197,FAREWAY STORES #014 / SERGEANT BLUFF,700  1ST ST,SERGEANT BLUFF,51054,POINT (-96.352803966 42.400147981),,WOODBURY,1062400,SPICED RUM,260,DIAGEO AMERICAS,43336,CAPTAIN MORGAN ORIGINAL SPICED,12,750,9.49,14.24,12,170.88,9.00,2.37
INV-65784200023,2023-12-29T00:00:00.000,4197,FAREWAY STORES #014 / SERGEANT BLUFF,700  1ST ST,SERGEANT BLUFF,51054,POINT (-96.352803966 42.400147981),,WOODBURY,1012300,SINGLE MALT SCOTCH,370,PERNOD RICARD USA,5036,GLENLIVET 12YR,12,750,27.98,41.97,2,83.94,1.50,0.39
INV-65784200024,2023-12-29T00:00:00.000,4197,FAREWAY STORES #014 / SERGEANT BLUFF,700  1ST ST,SERGEANT BLUFF,51054,POINT (-96.352803966 42.400147981),,WOODBURY,1051100,AMERICAN BRANDIES,205,E & J GALLO WINERY,52598,E & J VS,6,1750,14.00,21.00,6,126.00,10.50,2.77
INV-65784200025,2023-12-29T00:00:00.000,4197,FAREWAY STORES #014 / SERGEANT BLUFF,700  1ST ST,SERGEANT BLUFF,51054,POINT (-96.352803966 42.400147981),,WOODBURY,1012200,SCOTCH WHISKIES,260,DIAGEO AMERICAS,5318,JOHNNIE WALKER DOUBLE BLACK,6,750,24.99,37.49,2,74.98,1.50,0.39
INV-65784200026,2023-12-29T00:00:00.000,4197,FAREWAY STORES #014 / SERGEANT BLUFF,700  1ST ST,SERGEANT BLUFF,51054,POINT (-96.352803966 42.400147981),,WOODBURY,1071000,COCKTAILS/RTD,421,SAZERAC COMPANY  INC,57129,CHI-CHI'S MEXICAN MUDSLIDE,6,1750,6.50,9.75,6,58.50,10.50,2.77
INV-65784200027,2023-12-29T00:00:00.000,4197,FAREWAY STORES #014 / SERGEANT BLUFF,700  1ST ST,SERGEANT BLUFF,51054,POINT (-96.352803966 42.400147981),,WOODBURY,1081600,WHISKEY LIQUEUR,421,SAZERAC COMPANY  INC,64858,FIREBALL CINNAMON WHISKEY MINI DISPENSER,1,50,25.80,38.70,1,38.70,0.05,0.01
INV-65784200028,2023-12-29T00:00:00.000,4197,FAREWAY STORES #014 / SERGEANT BLUFF,700  1ST ST,SERGEANT BLUFF,51054,POINT (-96.352803966 42.400147981),,WOODBURY,1081600,WHISKEY LIQUEUR,421,SAZERAC COMPANY  INC,64904,FIREBALL CINNAMON WHISKEY PET,6,1750,16.00,24.00,6,144.00,10.50,2.77
INV-65784200029,2023-12-29T00:00:00.000,4197,FAREWAY STORES #014 / SERGEANT BLUFF,700  1ST ST,SERGEANT BLUFF,51054,POINT (-96.352803966 42.400147981),,WOODBURY,1082100,IMPORTED CORDIALS & LIQUEURS,192,"MAST-JAGERMEISTER US, INC",65256,JAGERMEISTER LIQUEUR,12,750,14.35,21.53,4,86.12,3.00,0.79
INV-65784200030,2023-12-29T00:00:00.000,4197,FAREWAY STORES #014 / SERGEANT BLUFF,700  1ST ST,SERGEANT BLUFF,51054,POINT (-96.352803966 42.400147981),,WOODBURY,1082100,IMPORTED CORDIALS & LIQUEURS,368,PARK STREET IMPORTS,65426,LICOR 43,12,750,14.50,21.75,12,261.00,9.00,2.37
INV-65784200031,2023-12-29T00:00:00.000,4197,FAREWAY STORES #014 / SERGEANT BLUFF,700  1ST ST,SERGEANT BLUFF,51054,POINT (-96.352803966 42.400147981),,WOODBURY,1081100,COFFEE LIQUEURS,370,PERNOD RICARD USA,67526,KAHLUA COFFEE,12,750,14.99,22.49,12,269.88,9.00,2.37
INV-65784200032,2023-12-29T00:00:00.000,4197,FAREWAY STORES #014 / SERGEANT BLUFF,700  1ST ST,SERGEANT BLUFF,51054,POINT (-96.352803966 42.400147981),,WOODBURY,1082200,IMPORTED SCHNAPPS,421,SAZERAC COMPANY  INC,69636,DR MCGILLICUDDYS CHERRY,12,750,8.89,13.34,12,155.88,9.00,2.37
INV-65784200033,2023-12-29T00:00:00.000,4197,FAREWAY STORES #014 / SERGEANT BLUFF,700  1ST ST,SERGEANT BLUFF,51054,POINT (-96.352803966 42.400147981),,WOODBURY,1081200,CREAM LIQUEURS,205,E & J GALLO WINERY,73055,RUMCHATA,12,750,14.00,21.00,12,252.00,9.00,2.37
INV-65784200034,2023-12-29T00:00:00.000,4197,FAREWAY STORES #014 / SERGEANT BLUFF,700  1ST ST,SERGEANT BLUFF,51054,POINT (-96.352803966 42.400147981),,WOODBURY,1032200,IMPORTED FLAVORED VODKA,260,DIAGEO AMERICAS,75165,KETEL ONE BOTANICAL CUCUMBER & MINT,12,750,11.33,17.00,4,68.00,3.00,0.79
INV-65784200035,2023-12-29T00:00:00.000,4197,FAREWAY STORES #014 / SERGEANT BLUFF,700  1ST ST,SERGEANT BLUFF,51054,POINT (-96.352803966 42.400147981),,WOODBURY,1081300,AMERICAN CORDIALS & LIQUEURS,772,INTERCONTINENTAL PACKAGING COMPANY/PRESTIGE BEVERAGE GROUP,75224,KINKY RED MINI,6,50,4.84,7.26,1,7.26,0.05,0.01
INV-65784200036,2023-12-29T00:00:00.000,4197,FAREWAY STORES #014 / SERGEANT BLUFF,700  1ST ST,SERGEANT BLUFF,51054,POINT (-96.352803966 42.400147981),,WOODBURY,1081200,CREAM LIQUEURS,306,MISSISSIPPI RIVER DISTILLING COMPANY LLC,80236,IOWISH CREAM LIQUEUR,6,750,12.50,18.75,4,75.00,3.00,0.79
INV-65784200037,2023-12-29T00:00:00.000,4197,FAREWAY STORES #014 / SERGEANT BLUFF,700  1ST ST,SERGEANT BLUFF,51054,POINT (-96.352803966 42.400147981),,WOODBURY,1081200,CREAM LIQUEURS,306,MISSISSIPPI RIVER DISTILLING COMPANY LLC,80239,IOWISH CREAM SALTED CARAMEL,6,750,12.50,18.75,4,75.00,3.00,0.79
INV-65784200038,2023-12-29T00:00:00.000,4197,FAREWAY STORES #014 / SERGEANT BLUFF,700  1ST ST,SERGEANT BLUFF,51054,POINT (-96.352803966 42.400147981),,WOODBURY,1081200,CREAM LIQUEURS,421,SAZERAC COMPANY  INC,80456,RYANS CREAM LIQUEUR,12,750,6.70,10.05,12,120.60,9.00,2.37
INV-65784200039,2023-12-29T00:00:00.000,4197,FAREWAY STORES #014 / SERGEANT BLUFF,700  1ST ST,SERGEANT BLUFF,51054,POINT (-96.352803966 42.400147981),,WOODBURY,1081400,AMERICAN SCHNAPPS,065,JIM BEAM BRANDS,82846,DEKUYPER LUSCIOUS PEACHTREE,12,750,6.75,10.13,4,40.52,3.00,0.79
INV-65784200040,2023-12-29T00:00:00.000,4197,FAREWAY STORES #014 / SERGEANT BLUFF,700  1ST ST,SERGEANT BLUFF,51054,POINT (-96.352803966 42.400147981),,WOODBURY,1012100,CANADIAN WHISKIES,259,HEAVEN HILL BRANDS,86019,BLACK VELVET PEACH CANADIAN WHISKEY,6,1750,11.00,16.50,6,99.00,10.50,2.77
INV-65784200041,2023-12-29T00:00:00.000,4197,FAREWAY STORES #014 / SERGEANT BLUFF,700  1ST ST,SERGEANT BLUFF,51054,POINT (-96.352803966 42.400147981),,WOODBURY,1011400,TENNESSEE WHISKIES,085,BROWN FORMAN CORP.,86692,JACK DANIELS TENNESSEE FIRE,12,750,15.91,23.87,12,286.44,9.00,2.37
INV-65784200042,2023-12-29T00:00:00.000,4197,FAREWAY STORES #014 / SERGEANT BLUFF,700  1ST ST,SERGEANT BLUFF,51054,POINT (-96.352803966 42.400147981),,WOODBURY,1091300,NEUTRAL GRAIN SPIRITS FLAVORED,346,OLE SMOKY DISTILLERY LLC,86843,OLE SMOKY SALTY CARAMEL WHISKEY,6,750,11.00,16.50,6,99.00,4.50,1.18
INV-65784200043,2023-12-29T00:00:00.000,4197,FAREWAY STORES #014 / SERGEANT BLUFF,700  1ST ST,SERGEANT BLUFF,51054,POINT (-96.352803966 42.400147981),,WOODBURY,1022200,100% AGAVE TEQUILA,260,DIAGEO AMERICAS,87485,DON JULIO BLANCO,6,750,30.99,46.49,6,278.94,4.50,1.18
INV-65784200044,2023-12-29T00:00:00.000,4197,FAREWAY STORES #014 / SERGEANT BLUFF,700  1ST ST,SERGEANT BLUFF,51054,POINT (-96.352803966 42.400147981),,WOODBURY,1022200,100% AGAVE TEQUILA,395,PROXIMO,87511,1800 SILVER,6,1000,19.00,28.50,6,171.00,6.00,1.58
INV-65784200045,2023-12-29T00:00:00.000,4197,FAREWAY STORES #014 / SERGEANT BLUFF,700  1ST ST,SERGEANT BLUFF,51054,POINT (-96.352803966 42.400147981),,WOODBURY,1022200,100% AGAVE TEQUILA,065,JIM BEAM BRANDS,88205,HORNITOS CRISTALINO,12,750,18.50,27.75,4,111.00,3.00,0.79
INV-65784200046,2023-12-29T00:00:00.000,4197,FAREWAY STORES #014 / SERGEANT BLUFF,700  1ST ST,SERGEANT BLUFF,51054,POINT (-96.352803966 42.400147981),,WOODBURY,1022200,100% AGAVE TEQUILA,035,BACARDI USA INC,88296,PATRON SILVER,12,750,28.00,42.00,12,504.00,9.00,2.37
INV-65784300001,2023-12-29T00:00:00.000,3447,SAM'S CLUB 6432 / SIOUX CITY,4201 S. YORK ST.,SIOUX CITY,51106,POINT (-96.371044999 42.432101011),,WOODBURY,1022200,100% AGAVE TEQUILA,421,SAZERAC COMPANY  INC,988063,MEMBERS MARK SILVER TEQUILA,6,1750,15.54,23.31,288,6713.28,504.00,133.14
INV-65784400001,2023-12-29T00:00:00.000,3447,SAM'S CLUB 6432 / SIOUX CITY,4201 S. YORK ST.,SIOUX CITY,51106,POINT (-96.371044999 42.432101011),,WOODBURY,1082100,IMPORTED CORDIALS & LIQUEURS,260,DIAGEO AMERICAS,67900,BAILEYS CHOCOLATE,12,750,16.49,24.74,48,1187.52,36.00,9.51
INV-65784500001,2023-12-29T00:00:00.000,3447,SAM'S CLUB 6432 / SIOUX CITY,4201 S. YORK ST.,SIOUX CITY,51106,POINT (-96.371044999 42.432101011),,WOODBURY,1012100,CANADIAN WHISKIES,065,JIM BEAM BRANDS,10627,CANADIAN CLUB WHISKY,12,1000,9.71,14.57,12,174.84,12.00,3.17
INV-65784500002,2023-12-29T00:00:00.000,3447,SAM'S CLUB 6432 / SIOUX CITY,4201 S. YORK ST.,SIOUX CITY,51106,POINT (-96.371044999 42.432101011),,WOODBURY,1012100,CANADIAN WHISKIES,260,DIAGEO AMERICAS,10808,CROWN ROYAL REGAL APPLE,12,1000,20.49,30.74,24,737.76,24.00,6.34
INV-65784500003,2023-12-29T00:00:00.000,3447,SAM'S CLUB 6432 / SIOUX CITY,4201 S. YORK ST.,SIOUX CITY,51106,POINT (-96.371044999 42.432101011),,WOODBURY,1012100,CANADIAN WHISKIES,260,DIAGEO AMERICAS,11297,CROWN ROYAL,12,1000,20.49,30.74,12,368.88,12.00,3.17
INV-65784500004,2023-12-29T00:00:00.000,3447,SAM'S CLUB 6432 / SIOUX CITY,4201 S. YORK ST.,SIOUX CITY,51106,POINT (-96.371044999 42.432101011),,WOODBURY,1012100,CANADIAN WHISKIES,259,HEAVEN HILL BRANDS,11777,BLACK VELVET,12,1000,7.00,10.50,24,252.00,24.00,6.34
INV-65784500006,2023-12-29T00:00:00.000,3447,SAM'S CLUB 6432 / SIOUX CITY,4201 S. YORK ST.,SIOUX CITY,51106,POINT (-96.371044999 42.432101011),,WOODBURY,1011200,STRAIGHT BOURBON WHISKIES,065,JIM BEAM BRANDS,19067,JIM BEAM,12,1000,13.00,19.50,12,234.00,12.00,3.17
INV-65784500007,2023-12-29T00:00:00.000,3447,SAM'S CLUB 6432 / SIOUX CITY,4201 S. YORK ST.,SIOUX CITY,51106,POINT (-96.371044999 42.432101011),,WOODBURY,1011200,STRAIGHT BOURBON WHISKIES,065,JIM BEAM BRANDS,20247,OLD CROW,12,1000,5.00,7.50,84,630.00,84.00,22.19
INV-65784500008,2023-12-29T00:00:00.000,3447,SAM'S CLUB 6432 / SIOUX CITY,4201 S. YORK ST.,SIOUX CITY,51106,POINT (-96.371044999 42.432101011),,WOODBURY,1011200,STRAIGHT BOURBON WHISKIES,085,BROWN FORMAN CORP.,22215,WOODFORD RESERVE,12,750,23.50,35.25,12,423.00,9.00,2.37
INV-65784500009,2023-12-29T00:00:00.000,3447,SAM'S CLUB 6432 / SIOUX CITY,4201 S. YORK ST.,SIOUX CITY,51106,POINT (-96.371044999 42.432101011),,WOODBURY,1011600,STRAIGHT RYE WHISKIES,255,INFINIUM SPIRITS,27125,TEMPLETON RYE 6YR,6,750,18.67,28.01,6,204.78,4.50,1.18
INV-65784500010,2023-12-29T00:00:00.000,3447,SAM'S CLUB 6432 / SIOUX CITY,4201 S. YORK ST.,SIOUX CITY,51106,POINT (-96.371044999 42.432101011),,WOODBURY,1032100,IMPORTED VODKAS,035,BACARDI USA INC,34422,GREY GOOSE,6,1000,19.00,28.50,12,342.00,12.00,3.17
INV-65784500011,2023-12-29T00:00:00.000,3447,SAM'S CLUB 6432 / SIOUX CITY,4201 S. YORK ST.,SIOUX CITY,51106,POINT (-96.371044999 42.432101011),,WOODBURY,1031100,AMERICAN VODKAS,297,LAIRD & COMPANY,35917,FIVE O'CLOCK VODKA,12,1000,4.66,6.99,12,83.88,12.00,3.17
INV-65784500012,2023-12-29T00:00:00.000,3447,SAM'S CLUB 6432 / SIOUX CITY,4201 S. YORK ST.,SIOUX CITY,51106,POINT (-96.371044999 42.432101011),,WOODBURY,1031100,AMERICAN VODKAS,301,FIFTH GENERATION INC,38177,TITOS HANDMADE VODKA,12,1000,13.17,19.76,72,1422.72,72.00,19.02
INV-65784500013,2023-12-29T00:00:00.000,3447,SAM'S CLUB 6432 / SIOUX CITY,4201 S. YORK ST.,SIOUX CITY,51106,POINT (-96.371044999 42.432101011),,WOODBURY,1031200,AMERICAN FLAVORED VODKA,380,PHILLIPS BEVERAGE,41694,UV BLUE RASPBERRY,12,1000,7.50,11.25,12,135.00,12.00,3.17
INV-65784500014,2023-12-29T00:00:00.000,3447,SAM'S CLUB 6432 / SIOUX CITY,4201 S. YORK ST.,SIOUX CITY,51106,POINT (-96.371044999 42.432101011),,WOODBURY,1062200,WHITE RUM,035,BACARDI USA INC,43127,BACARDI SUPERIOR,12,1000,9.50,14.25,12,171.00,12.00,3.17
INV-65784500015,2023-12-29T00:00:00.000,3447,SAM'S CLUB 6432 / SIOUX CITY,4201 S. YORK ST.,SIOUX CITY,51106,POINT (-96.371044999 42.432101011),,WOODBURY,1062500,FLAVORED RUM,035,BACARDI USA INC,43137,BACARDI LIMON,12,1000,9.50,14.25,12,171.00,12.00,3.17
INV-65784500016,2023-12-29T00:00:00.000,3447,SAM'S CLUB 6432 / SIOUX CITY,4201 S. YORK ST.,SIOUX CITY,51106,POINT (-96.371044999 42.432101011),,WOODBURY,1052100,IMPORTED BRANDIES,420,MOET HENNESSY USA,48107,HENNESSY VS,12,1000,27.49,41.24,12,494.88,12.00,3.17
INV-65784500017,2023-12-29T00:00:00.000,3447,SAM'S CLUB 6432 / SIOUX CITY,4201 S. YORK ST.,SIOUX CITY,51106,POINT (-96.371044999 42.432101011),,WOODBURY,1051100,AMERICAN BRANDIES,205,E & J GALLO WINERY,52599,E & J VS ROUND,12,1000,7.80,11.70,24,280.80,24.00,6.34
INV-65784500019,2023-12-29T00:00:00.000,3447,SAM'S CLUB 6432 / SIOUX CITY,4201 S. YORK ST.,SIOUX CITY,51106,POINT (-96.371044999 42.432101011),,WOODBURY,1012200,SCOTCH WHISKIES,260,DIAGEO AMERICAS,5347,JOHNNIE WALKER RED,12,1000,17.49,26.24,12,314.88,12.00,3.17
INV-65784500020,2023-12-29T00:00:00.000,3447,SAM'S CLUB 6432 / SIOUX CITY,4201 S. YORK ST.,SIOUX CITY,51106,POINT (-96.371044999 42.432101011),,WOODBURY,1012300,SINGLE MALT SCOTCH,266,EDRINGTON GROUP USA LLC,5555,MACALLAN DOUBLE CASK 12YR,12,750,42.52,63.78,24,1530.72,18.00,4.75
INV-65784500022,2023-12-29T00:00:00.000,3447,SAM'S CLUB 6432 / SIOUX CITY,4201 S. YORK ST.,SIOUX CITY,51106,POINT (-96.371044999 42.432101011),,WOODBURY,1062300,AGED DARK RUM,482,"SOVEREIGN BRANDS, LLC",64529,BUMBU RUM,6,750,18.50,27.75,6,166.50,4.50,1.18
INV-65784500023,2023-12-29T00:00:00.000,3447,SAM'S CLUB 6432 / SIOUX CITY,4201 S. YORK ST.,SIOUX CITY,51106,POINT (-96.371044999 42.432101011),,WOODBURY,1082100,IMPORTED CORDIALS & LIQUEURS,192,"MAST-JAGERMEISTER US, INC",65257,JAGERMEISTER LIQUEUR,12,1000,17.42,26.13,24,627.12,24.00,6.34
INV-65784500024,2023-12-29T00:00:00.000,3447,SAM'S CLUB 6432 / SIOUX CITY,4201 S. YORK ST.,SIOUX CITY,51106,POINT (-96.371044999 42.432101011),,WOODBURY,1081600,WHISKEY LIQUEUR,421,SAZERAC COMPANY  INC,67267,YUKON JACK,12,1000,11.75,17.63,12,211.56,12.00,3.17
INV-65784500025,2023-12-29T00:00:00.000,3447,SAM'S CLUB 6432 / SIOUX CITY,4201 S. YORK ST.,SIOUX CITY,51106,POINT (-96.371044999 42.432101011),,WOODBURY,1082200,IMPORTED SCHNAPPS,421,SAZERAC COMPANY  INC,69637,DR MCGILLICUDDYS CHERRY,12,1000,11.25,16.88,12,198.00,12.00,3.17
INV-65784500026,2023-12-29T00:00:00.000,3447,SAM'S CLUB 6432 / SIOUX CITY,4201 S. YORK ST.,SIOUX CITY,51106,POINT (-96.371044999 42.432101011),,WOODBURY,1082200,IMPORTED SCHNAPPS,260,DIAGEO AMERICAS,69947,RUMPLE MINZE PEPPERMINT SCHNAPPS LIQUEUR,12,1000,16.99,25.49,12,305.88,12.00,3.17
INV-65784500027,2023-12-29T00:00:00.000,3447,SAM'S CLUB 6432 / SIOUX CITY,4201 S. YORK ST.,SIOUX CITY,51106,POINT (-96.371044999 42.432101011),,WOODBURY,1092100,IMPORTED DISTILLED SPIRITS SPECIALTY,434,LUXCO INC,75087,JUAREZ GOLD DSS,12,1000,5.09,7.64,24,183.36,24.00,6.34
INV-65784500028,2023-12-29T00:00:00.000,3447,SAM'S CLUB 6432 / SIOUX CITY,4201 S. YORK ST.,SIOUX CITY,51106,POINT (-96.371044999 42.432101011),,WOODBURY,1081300,AMERICAN CORDIALS & LIQUEURS,434,LUXCO INC,76487,PARAMOUNT AMARETTO,12,1000,4.30,6.45,12,77.40,12.00,3.17
INV-65784500029,2023-12-29T00:00:00.000,3447,SAM'S CLUB 6432 / SIOUX CITY,4201 S. YORK ST.,SIOUX CITY,51106,POINT (-96.371044999 42.432101011),,WOODBURY,1022200,100% AGAVE TEQUILA,065,JIM BEAM BRANDS,88547,HORNITOS PLATA,12,1000,15.00,22.50,12,270.00,12.00,3.17
INV-65784500030,2023-12-29T00:00:00.000,3447,SAM'S CLUB 6432 / SIOUX CITY,4201 S. YORK ST.,SIOUX CITY,51106,POINT (-96.371044999 42.432101011),,WOODBURY,1022200,100% AGAVE TEQUILA,472,"TEQUILAS PREMIUM, INC",88741,CLASE AZUL REPOSADO,6,750,96.67,145.01,1,145.01,0.75,0.19
INV-65784600001,2023-12-29T00:00:00.000,3722,WAL-MART 1361 / SIOUX CITY,3400 SINGING HILLS BLVD,SIOUX CITY,51106,POINT (-96.363522995 42.433568012),,WOODBURY,1081600,WHISKEY LIQUEUR,421,SAZERAC COMPANY  INC,100423,FIREBALL CINNAMON WHISKEY 100ML CARRIER,8,100,6.00,9.00,16,144.00,1.60,0.42
INV-65784600002,2023-12-29T00:00:00.000,3722,WAL-MART 1361 / SIOUX CITY,3400 SINGING HILLS BLVD,SIOUX CITY,51106,POINT (-96.363522995 42.433568012),,WOODBURY,1012100,CANADIAN WHISKIES,260,DIAGEO AMERICAS,10790,CROWN ROYAL VANILLA,24,375,8.49,12.74,24,305.76,9.00,2.37
INV-65784600003,2023-12-29T00:00:00.000,3722,WAL-MART 1361 / SIOUX CITY,3400 SINGING HILLS BLVD,SIOUX CITY,51106,POINT (-96.363522995 42.433568012),,WOODBURY,1012100,CANADIAN WHISKIES,260,DIAGEO AMERICAS,10805,CROWN ROYAL REGAL APPLE,24,375,8.49,12.74,24,305.76,9.00,2.37
INV-65784600004,2023-12-29T00:00:00.000,3722,WAL-MART 1361 / SIOUX CITY,3400 SINGING HILLS BLVD,SIOUX CITY,51106,POINT (-96.363522995 42.433568012),,WOODBURY,1012100,CANADIAN WHISKIES,260,DIAGEO AMERICAS,11296,CROWN ROYAL,12,750,17.49,26.24,12,314.88,9.00,2.37
INV-65784600005,2023-12-29T00:00:00.000,3722,WAL-MART 1361 / SIOUX CITY,3400 SINGING HILLS BLVD,SIOUX CITY,51106,POINT (-96.363522995 42.433568012),,WOODBURY,1012100,CANADIAN WHISKIES,421,SAZERAC COMPANY  INC,11348,SEAGRAMS VO CANADIAN WHISKEY PET,6,1750,11.49,17.24,6,103.44,10.50,2.77
INV-65784600006,2023-12-29T00:00:00.000,3722,WAL-MART 1361 / SIOUX CITY,3400 SINGING HILLS BLVD,SIOUX CITY,51106,POINT (-96.363522995 42.433568012),,WOODBURY,1012100,CANADIAN WHISKIES,259,HEAVEN HILL BRANDS,11788,BLACK VELVET,6,1750,11.00,16.50,12,198.00,21.00,5.54
INV-65784600007,2023-12-29T00:00:00.000,3722,WAL-MART 1361 / SIOUX CITY,3400 SINGING HILLS BLVD,SIOUX CITY,51106,POINT (-96.363522995 42.433568012),,WOODBURY,1012100,CANADIAN WHISKIES,421,SAZERAC COMPANY  INC,11910,CALIBER CANADIAN WHISKEY,12,750,4.22,6.33,12,75.96,9.00,2.37
INV-65784600008,2023-12-29T00:00:00.000,3722,WAL-MART 1361 / SIOUX CITY,3400 SINGING HILLS BLVD,SIOUX CITY,51106,POINT (-96.363522995 42.433568012),,WOODBURY,1012100,CANADIAN WHISKIES,421,SAZERAC COMPANY  INC,11912,CALIBER CANADIAN WHISKEY,6,1750,8.72,13.08,12,156.96,21.00,5.54
INV-65784600009,2023-12-29T00:00:00.000,3722,WAL-MART 1361 / SIOUX CITY,3400 SINGING HILLS BLVD,SIOUX CITY,51106,POINT (-96.363522995 42.433568012),,WOODBURY,1062400,SPICED RUM,260,DIAGEO AMERICAS,1799,CAPTAIN MORGAN ORIGINAL SPICED BARREL,6,1750,18.99,28.49,12,341.88,21.00,5.54
INV-65784600012,2023-12-29T00:00:00.000,3722,WAL-MART 1361 / SIOUX CITY,3400 SINGING HILLS BLVD,SIOUX CITY,51106,POINT (-96.363522995 42.433568012),,WOODBURY,1011200,STRAIGHT BOURBON WHISKIES,619,CAMPARI AMERICA,22156,WILD TURKEY 101,12,750,15.00,22.50,12,270.00,9.00,2.37
INV-65784600013,2023-12-29T00:00:00.000,3722,WAL-MART 1361 / SIOUX CITY,3400 SINGING HILLS BLVD,SIOUX CITY,51106,POINT (-96.363522995 42.433568012),,WOODBURY,1011200,STRAIGHT BOURBON WHISKIES,085,BROWN FORMAN CORP.,22215,WOODFORD RESERVE,12,750,23.50,35.25,12,423.00,9.00,2.37
INV-65784600014,2023-12-29T00:00:00.000,3722,WAL-MART 1361 / SIOUX CITY,3400 SINGING HILLS BLVD,SIOUX CITY,51106,POINT (-96.363522995 42.433568012),,WOODBURY,1011400,TENNESSEE WHISKIES,085,BROWN FORMAN CORP.,26828,JACK DANIELS OLD #7 BLACK LABEL,6,1750,33.28,49.92,12,599.04,21.00,5.54
INV-65784600015,2023-12-29T00:00:00.000,3722,WAL-MART 1361 / SIOUX CITY,3400 SINGING HILLS BLVD,SIOUX CITY,51106,POINT (-96.363522995 42.433568012),,WOODBURY,1011200,STRAIGHT BOURBON WHISKIES,065,JIM BEAM BRANDS,28043,JIM BEAM VANILLA,12,750,11.00,16.50,12,198.00,9.00,2.37
INV-65784600016,2023-12-29T00:00:00.000,3722,WAL-MART 1361 / SIOUX CITY,3400 SINGING HILLS BLVD,SIOUX CITY,51106,POINT (-96.363522995 42.433568012),,WOODBURY,1041100,AMERICAN DRY GINS,434,LUXCO INC,31658,PARAMOUNT GIN,6,1750,7.75,11.63,6,69.78,10.50,2.77
INV-65784600017,2023-12-29T00:00:00.000,3722,WAL-MART 1361 / SIOUX CITY,3400 SINGING HILLS BLVD,SIOUX CITY,51106,POINT (-96.363522995 42.433568012),,WOODBURY,1032100,IMPORTED VODKAS,305,MHW LTD,34244,CHOPIN VODKA,6,750,14.84,22.26,6,133.56,4.50,1.18
INV-65784600018,2023-12-29T00:00:00.000,3722,WAL-MART 1361 / SIOUX CITY,3400 SINGING HILLS BLVD,SIOUX CITY,51106,POINT (-96.363522995 42.433568012),,WOODBURY,1031100,AMERICAN VODKAS,115,CONSTELLATION BRANDS INC,34821,SVEDKA 80PRF,6,1750,13.40,20.10,6,120.60,10.50,2.77
INV-65784600019,2023-12-29T00:00:00.000,3722,WAL-MART 1361 / SIOUX CITY,3400 SINGING HILLS BLVD,SIOUX CITY,51106,POINT (-96.363522995 42.433568012),,WOODBURY,1031100,AMERICAN VODKAS,297,LAIRD & COMPANY,35916,FIVE O'CLOCK VODKA,12,750,3.79,5.69,12,68.28,9.00,2.37
INV-65784600020,2023-12-29T00:00:00.000,3722,WAL-MART 1361 / SIOUX CITY,3400 SINGING HILLS BLVD,SIOUX CITY,51106,POINT (-96.363522995 42.433568012),,WOODBURY,1031100,AMERICAN VODKAS,297,LAIRD & COMPANY,35918,FIVE O'CLOCK VODKA,6,1750,7.72,11.58,6,69.48,10.50,2.77
INV-65784600021,2023-12-29T00:00:00.000,3722,WAL-MART 1361 / SIOUX CITY,3400 SINGING HILLS BLVD,SIOUX CITY,51106,POINT (-96.363522995 42.433568012),,WOODBURY,1031100,AMERICAN VODKAS,434,LUXCO INC,36306,HAWKEYE VODKA,12,750,3.50,5.25,24,126.00,18.00,4.75
INV-65784600022,2023-12-29T00:00:00.000,3722,WAL-MART 1361 / SIOUX CITY,3400 SINGING HILLS BLVD,SIOUX CITY,51106,POINT (-96.363522995 42.433568012),,WOODBURY,1031100,AMERICAN VODKAS,434,LUXCO INC,36308,HAWKEYE VODKA,6,1750,7.50,11.25,6,67.50,10.50,2.77
INV-65784600023,2023-12-29T00:00:00.000,3722,WAL-MART 1361 / SIOUX CITY,3400 SINGING HILLS BLVD,SIOUX CITY,51106,POINT (-96.363522995 42.433568012),,WOODBURY,1031100,AMERICAN VODKAS,421,SAZERAC COMPANY  INC,36650,CALIBER VODKA,6,1750,6.92,10.38,12,124.56,21.00,5.54
INV-65784600024,2023-12-29T00:00:00.000,3722,WAL-MART 1361 / SIOUX CITY,3400 SINGING HILLS BLVD,SIOUX CITY,51106,POINT (-96.363522995 42.433568012),,WOODBURY,1031100,AMERICAN VODKAS,380,PHILLIPS BEVERAGE,37338,UV VODKA PET,6,1750,11.50,17.25,6,103.50,10.50,2.77
INV-65784600025,2023-12-29T00:00:00.000,3722,WAL-MART 1361 / SIOUX CITY,3400 SINGING HILLS BLVD,SIOUX CITY,51106,POINT (-96.363522995 42.433568012),,WOODBURY,1031100,AMERICAN VODKAS,421,SAZERAC COMPANY  INC,38088,PLATINUM 7X VODKA,6,1750,9.44,14.16,6,84.96,10.50,2.77
INV-65784600026,2023-12-29T00:00:00.000,3722,WAL-MART 1361 / SIOUX CITY,3400 SINGING HILLS BLVD,SIOUX CITY,51106,POINT (-96.363522995 42.433568012),,WOODBURY,1031100,AMERICAN VODKAS,301,FIFTH GENERATION INC,38176,TITOS HANDMADE VODKA,12,750,10.00,15.00,24,360.00,18.00,4.75
INV-65784600027,2023-12-29T00:00:00.000,3722,WAL-MART 1361 / SIOUX CITY,3400 SINGING HILLS BLVD,SIOUX CITY,51106,POINT (-96.363522995 42.433568012),,WOODBURY,1031100,AMERICAN VODKAS,301,FIFTH GENERATION INC,38177,TITOS HANDMADE VODKA,12,1000,13.17,19.76,12,237.12,12.00,3.17
INV-65784600028,2023-12-29T00:00:00.000,3722,WAL-MART 1361 / SIOUX CITY,3400 SINGING HILLS BLVD,SIOUX CITY,51106,POINT (-96.363522995 42.433568012),,WOODBURY,1031100,AMERICAN VODKAS,301,FIFTH GENERATION INC,38178,TITOS HANDMADE VODKA,6,1750,19.00,28.50,36,1026.00,63.00,16.64
INV-65784600029,2023-12-29T00:00:00.000,3722,WAL-MART 1361 / SIOUX CITY,3400 SINGING HILLS BLVD,SIOUX CITY,51106,POINT (-96.363522995 42.433568012),,WOODBURY,1031100,AMERICAN VODKAS,301,FIFTH GENERATION INC,38179,TITOS HANDMADE VODKA,24,200,3.49,5.24,24,125.76,4.80,1.26
INV-65784600030,2023-12-29T00:00:00.000,3722,WAL-MART 1361 / SIOUX CITY,3400 SINGING HILLS BLVD,SIOUX CITY,51106,POINT (-96.363522995 42.433568012),,WOODBURY,1031200,AMERICAN FLAVORED VODKA,305,MHW LTD,38814,WHITE CLAW BLACK CHERRY VODKA,12,750,9.50,14.25,12,171.00,9.00,2.37
INV-65784600031,2023-12-29T00:00:00.000,3722,WAL-MART 1361 / SIOUX CITY,3400 SINGING HILLS BLVD,SIOUX CITY,51106,POINT (-96.363522995 42.433568012),,WOODBURY,1031200,AMERICAN FLAVORED VODKA,065,JIM BEAM BRANDS,38841,TRULY WILD BERRY,12,750,8.50,12.75,12,153.00,9.00,2.37
INV-65784600032,2023-12-29T00:00:00.000,3722,WAL-MART 1361 / SIOUX CITY,3400 SINGING HILLS BLVD,SIOUX CITY,51106,POINT (-96.363522995 42.433568012),,WOODBURY,1031200,AMERICAN FLAVORED VODKA,205,E & J GALLO WINERY,40594,NEW AMSTERDAM PEACH,12,750,8.00,12.00,12,144.00,9.00,2.37
INV-65784600033,2023-12-29T00:00:00.000,3722,WAL-MART 1361 / SIOUX CITY,3400 SINGING HILLS BLVD,SIOUX CITY,51106,POINT (-96.363522995 42.433568012),,WOODBURY,1031200,AMERICAN FLAVORED VODKA,380,PHILLIPS BEVERAGE,41692,UV BLUE RASPBERRY,6,1750,11.50,17.25,6,103.50,10.50,2.77
INV-65784600034,2023-12-29T00:00:00.000,3722,WAL-MART 1361 / SIOUX CITY,3400 SINGING HILLS BLVD,SIOUX CITY,51106,POINT (-96.363522995 42.433568012),,WOODBURY,1091200,NEUTRAL GRAIN SPIRITS,434,LUXCO INC,41846,EVERCLEAR 151,12,750,9.00,13.50,12,162.00,9.00,2.37
INV-65784600035,2023-12-29T00:00:00.000,3722,WAL-MART 1361 / SIOUX CITY,3400 SINGING HILLS BLVD,SIOUX CITY,51106,POINT (-96.363522995 42.433568012),,WOODBURY,1062500,FLAVORED RUM,370,PERNOD RICARD USA,42716,MALIBU COCONUT,12,750,8.99,13.49,12,161.88,9.00,2.37
INV-65784600036,2023-12-29T00:00:00.000,3722,WAL-MART 1361 / SIOUX CITY,3400 SINGING HILLS BLVD,SIOUX CITY,51106,POINT (-96.363522995 42.433568012),,WOODBURY,1062500,FLAVORED RUM,370,PERNOD RICARD USA,42717,MALIBU COCONUT,12,1000,11.99,17.99,12,215.88,12.00,3.17
INV-65784600037,2023-12-29T00:00:00.000,3722,WAL-MART 1361 / SIOUX CITY,3400 SINGING HILLS BLVD,SIOUX CITY,51106,POINT (-96.363522995 42.433568012),,WOODBURY,1062400,SPICED RUM,259,HEAVEN HILL BRANDS,43024,ADMIRAL NELSON SPICED,24,375,3.25,4.88,24,117.12,9.00,2.37
INV-65784600038,2023-12-29T00:00:00.000,3722,WAL-MART 1361 / SIOUX CITY,3400 SINGING HILLS BLVD,SIOUX CITY,51106,POINT (-96.363522995 42.433568012),,WOODBURY,1062400,SPICED RUM,259,HEAVEN HILL BRANDS,43028,ADMIRAL NELSON SPICED,6,1750,12.00,18.00,6,108.00,10.50,2.77
INV-65784600039,2023-12-29T00:00:00.000,3722,WAL-MART 1361 / SIOUX CITY,3400 SINGING HILLS BLVD,SIOUX CITY,51106,POINT (-96.363522995 42.433568012),,WOODBURY,1062200,WHITE RUM,035,BACARDI USA INC,43124,BACARDI SUPERIOR,24,375,5.00,7.50,24,180.00,9.00,2.37
INV-65784600040,2023-12-29T00:00:00.000,3722,WAL-MART 1361 / SIOUX CITY,3400 SINGING HILLS BLVD,SIOUX CITY,51106,POINT (-96.363522995 42.433568012),,WOODBURY,1062200,WHITE RUM,035,BACARDI USA INC,43127,BACARDI SUPERIOR,12,1000,9.50,14.25,12,171.00,12.00,3.17
INV-65784600042,2023-12-29T00:00:00.000,3722,WAL-MART 1361 / SIOUX CITY,3400 SINGING HILLS BLVD,SIOUX CITY,51106,POINT (-96.363522995 42.433568012),,WOODBURY,1062500,FLAVORED RUM,260,DIAGEO AMERICAS,43299,CAPTAIN MORGAN COCONUT,12,750,8.26,12.39,12,148.68,9.00,2.37
INV-65784600044,2023-12-29T00:00:00.000,3722,WAL-MART 1361 / SIOUX CITY,3400 SINGING HILLS BLVD,SIOUX CITY,51106,POINT (-96.363522995 42.433568012),,WOODBURY,1062400,SPICED RUM,260,DIAGEO AMERICAS,43337,CAPTAIN MORGAN ORIGINAL SPICED,12,1000,12.99,19.49,12,233.88,12.00,3.17
INV-65784600045,2023-12-29T00:00:00.000,3722,WAL-MART 1361 / SIOUX CITY,3400 SINGING HILLS BLVD,SIOUX CITY,51106,POINT (-96.363522995 42.433568012),,WOODBURY,1012200,SCOTCH WHISKIES,260,DIAGEO AMERICAS,4626,BUCHANAN DELUXE 12YR,12,750,21.49,32.24,12,386.88,9.00,2.37
INV-65784600046,2023-12-29T00:00:00.000,3722,WAL-MART 1361 / SIOUX CITY,3400 SINGING HILLS BLVD,SIOUX CITY,51106,POINT (-96.363522995 42.433568012),,WOODBURY,1082100,IMPORTED CORDIALS & LIQUEURS,035,BACARDI USA INC,47863,D'USSE VSOP,12,375,16.99,25.49,12,305.88,4.50,1.18
INV-65784600047,2023-12-29T00:00:00.000,3722,WAL-MART 1361 / SIOUX CITY,3400 SINGING HILLS BLVD,SIOUX CITY,51106,POINT (-96.363522995 42.433568012),,WOODBURY,1012200,SCOTCH WHISKIES,035,BACARDI USA INC,4866,DEWARS WHITE LABEL SCOTCH,12,750,13.50,20.25,12,243.00,9.00,2.37
INV-65784600048,2023-12-29T00:00:00.000,3722,WAL-MART 1361 / SIOUX CITY,3400 SINGING HILLS BLVD,SIOUX CITY,51106,POINT (-96.363522995 42.433568012),,WOODBURY,1012300,SINGLE MALT SCOTCH,065,JIM BEAM BRANDS,5404,LAPHROAIG SELECT,6,750,27.00,40.50,6,243.00,4.50,1.18
INV-65784600049,2023-12-29T00:00:00.000,3722,WAL-MART 1361 / SIOUX CITY,3400 SINGING HILLS BLVD,SIOUX CITY,51106,POINT (-96.363522995 42.433568012),,WOODBURY,1071000,COCKTAILS/RTD,395,PROXIMO,58872,JOSE CUERVO AUTHENTIC LIGHT LIME MARGARITA,6,1750,8.74,13.11,6,78.66,10.50,2.77
INV-65784600050,2023-12-29T00:00:00.000,3722,WAL-MART 1361 / SIOUX CITY,3400 SINGING HILLS BLVD,SIOUX CITY,51106,POINT (-96.363522995 42.433568012),,WOODBURY,1071000,COCKTAILS/RTD,370,PERNOD RICARD USA,62061,KAHLUA FROZEN MUDSLIDE,6,1750,7.99,11.99,12,143.88,21.00,5.54
INV-65784600051,2023-12-29T00:00:00.000,3722,WAL-MART 1361 / SIOUX CITY,3400 SINGING HILLS BLVD,SIOUX CITY,51106,POINT (-96.363522995 42.433568012),,WOODBURY,1071000,COCKTAILS/RTD,902,"ZING ZANG, LLC",63851,ZING ZANG BLOODY MARY RTS,6,1750,8.31,12.47,6,74.82,10.50,2.77
INV-65784600052,2023-12-29T00:00:00.000,3722,WAL-MART 1361 / SIOUX CITY,3400 SINGING HILLS BLVD,SIOUX CITY,51106,POINT (-96.363522995 42.433568012),,WOODBURY,1081600,WHISKEY LIQUEUR,421,SAZERAC COMPANY  INC,64865,FIREBALL CINNAMON WHISKEY PET,12,750,9.00,13.50,12,162.00,9.00,2.37
INV-65784600053,2023-12-29T00:00:00.000,3722,WAL-MART 1361 / SIOUX CITY,3400 SINGING HILLS BLVD,SIOUX CITY,51106,POINT (-96.363522995 42.433568012),,WOODBURY,1081600,WHISKEY LIQUEUR,421,SAZERAC COMPANY  INC,64904,FIREBALL CINNAMON WHISKEY PET,6,1750,16.00,24.00,6,144.00,10.50,2.77
INV-65784600054,2023-12-29T00:00:00.000,3722,WAL-MART 1361 / SIOUX CITY,3400 SINGING HILLS BLVD,SIOUX CITY,51106,POINT (-96.363522995 42.433568012),,WOODBURY,1012400,IRISH WHISKIES,370,PERNOD RICARD USA,65487,JAMESON ORANGE,6,750,14.99,22.49,6,134.94,4.50,1.18
INV-65784600058,2023-12-29T00:00:00.000,3722,WAL-MART 1361 / SIOUX CITY,3400 SINGING HILLS BLVD,SIOUX CITY,51106,POINT (-96.363522995 42.433568012),,WOODBURY,1082200,IMPORTED SCHNAPPS,421,SAZERAC COMPANY  INC,69611,DR MCGILLICUDDYS APPLE PIE,12,750,8.89,13.34,12,155.88,9.00,2.37
INV-65784600059,2023-12-29T00:00:00.000,3722,WAL-MART 1361 / SIOUX CITY,3400 SINGING HILLS BLVD,SIOUX CITY,51106,POINT (-96.363522995 42.433568012),,WOODBURY,1082200,IMPORTED SCHNAPPS,421,SAZERAC COMPANY  INC,69637,DR MCGILLICUDDYS CHERRY,12,1000,11.25,16.88,12,198.00,12.00,3.17
INV-65784600060,2023-12-29T00:00:00.000,3722,WAL-MART 1361 / SIOUX CITY,3400 SINGING HILLS BLVD,SIOUX CITY,51106,POINT (-96.363522995 42.433568012),,WOODBURY,1082200,IMPORTED SCHNAPPS,260,DIAGEO AMERICAS,69946,RUMPLE MINZE PEPPERMINT SCHNAPPS LIQUEUR,12,750,13.99,20.99,8,167.92,6.00,1.58
INV-65784600061,2023-12-29T00:00:00.000,3722,WAL-MART 1361 / SIOUX CITY,3400 SINGING HILLS BLVD,SIOUX CITY,51106,POINT (-96.363522995 42.433568012),,WOODBURY,1081300,AMERICAN CORDIALS & LIQUEURS,259,HEAVEN HILL BRANDS,72722,CHRISTIAN BROS HONEY,12,750,6.50,9.75,12,108.00,9.00,2.37
INV-65784600062,2023-12-29T00:00:00.000,3722,WAL-MART 1361 / SIOUX CITY,3400 SINGING HILLS BLVD,SIOUX CITY,51106,POINT (-96.363522995 42.433568012),,WOODBURY,1081200,CREAM LIQUEURS,205,E & J GALLO WINERY,73052,RUMCHATA,12,375,8.00,12.00,12,144.00,4.50,1.18
INV-65784600063,2023-12-29T00:00:00.000,3722,WAL-MART 1361 / SIOUX CITY,3400 SINGING HILLS BLVD,SIOUX CITY,51106,POINT (-96.363522995 42.433568012),,WOODBURY,1081200,CREAM LIQUEURS,205,E & J GALLO WINERY,73055,RUMCHATA,12,750,14.00,21.00,12,252.00,9.00,2.37
INV-65784600064,2023-12-29T00:00:00.000,3722,WAL-MART 1361 / SIOUX CITY,3400 SINGING HILLS BLVD,SIOUX CITY,51106,POINT (-96.363522995 42.433568012),,WOODBURY,1081300,AMERICAN CORDIALS & LIQUEURS,421,SAZERAC COMPANY  INC,73986,DI AMORE AMARETTO,12,750,6.25,9.38,12,112.56,9.00,2.37
INV-65784600065,2023-12-29T00:00:00.000,3722,WAL-MART 1361 / SIOUX CITY,3400 SINGING HILLS BLVD,SIOUX CITY,51106,POINT (-96.363522995 42.433568012),,WOODBURY,1011400,TENNESSEE WHISKIES,085,BROWN FORMAN CORP.,74801,JACK DANIELS TENNESSEE APPLE,12,750,15.91,23.87,12,286.44,9.00,2.37
INV-65784600066,2023-12-29T00:00:00.000,3722,WAL-MART 1361 / SIOUX CITY,3400 SINGING HILLS BLVD,SIOUX CITY,51106,POINT (-96.363522995 42.433568012),,WOODBURY,1031200,AMERICAN FLAVORED VODKA,772,INTERCONTINENTAL PACKAGING COMPANY/PRESTIGE BEVERAGE GROUP,75198,KINKY BLUE,6,750,10.00,15.00,6,90.00,4.50,1.18
INV-65784600067,2023-12-29T00:00:00.000,3722,WAL-MART 1361 / SIOUX CITY,3400 SINGING HILLS BLVD,SIOUX CITY,51106,POINT (-96.363522995 42.433568012),,WOODBURY,1031200,AMERICAN FLAVORED VODKA,772,INTERCONTINENTAL PACKAGING COMPANY/PRESTIGE BEVERAGE GROUP,75264,KINKY FRUIT PUNCH,6,750,10.00,15.00,6,90.00,4.50,1.18
INV-65784600069,2023-12-29T00:00:00.000,3722,WAL-MART 1361 / SIOUX CITY,3400 SINGING HILLS BLVD,SIOUX CITY,51106,POINT (-96.363522995 42.433568012),,WOODBURY,1092100,IMPORTED DISTILLED SPIRITS SPECIALTY,421,SAZERAC COMPANY  INC,77487,TORTILLA GOLD DSS,12,1000,4.90,7.35,12,88.20,12.00,3.17
INV-65784600070,2023-12-29T00:00:00.000,3722,WAL-MART 1361 / SIOUX CITY,3400 SINGING HILLS BLVD,SIOUX CITY,51106,POINT (-96.363522995 42.433568012),,WOODBURY,1031200,AMERICAN FLAVORED VODKA,260,DIAGEO AMERICAS,77683,SMIRNOFF KISSED CARAMEL,12,750,8.25,12.38,12,148.56,9.00,2.37
INV-65784600071,2023-12-29T00:00:00.000,3722,WAL-MART 1361 / SIOUX CITY,3400 SINGING HILLS BLVD,SIOUX CITY,51106,POINT (-96.363522995 42.433568012),,WOODBURY,1031200,AMERICAN FLAVORED VODKA,260,DIAGEO AMERICAS,77847,SMIRNOFF VANILLA,12,750,8.25,12.38,12,148.56,9.00,2.37
INV-65784600072,2023-12-29T00:00:00.000,3722,WAL-MART 1361 / SIOUX CITY,3400 SINGING HILLS BLVD,SIOUX CITY,51106,POINT (-96.363522995 42.433568012),,WOODBURY,1031200,AMERICAN FLAVORED VODKA,260,DIAGEO AMERICAS,77956,"SMIRNOFF RED, WHITE & BERRY",12,750,8.25,12.38,12,148.56,9.00,2.37
INV-65784600073,2023-12-29T00:00:00.000,3722,WAL-MART 1361 / SIOUX CITY,3400 SINGING HILLS BLVD,SIOUX CITY,51106,POINT (-96.363522995 42.433568012),,WOODBURY,1081200,CREAM LIQUEURS,421,SAZERAC COMPANY  INC,80456,RYANS CREAM LIQUEUR,12,750,6.70,10.05,12,120.60,9.00,2.37
INV-65784600074,2023-12-29T00:00:00.000,3722,WAL-MART 1361 / SIOUX CITY,3400 SINGING HILLS BLVD,SIOUX CITY,51106,POINT (-96.363522995 42.433568012),,WOODBURY,1012100,CANADIAN WHISKIES,259,HEAVEN HILL BRANDS,86456,BLACK VELVET APPLE,6,1750,11.00,16.50,6,99.00,10.50,2.77
INV-65784600075,2023-12-29T00:00:00.000,3722,WAL-MART 1361 / SIOUX CITY,3400 SINGING HILLS BLVD,SIOUX CITY,51106,POINT (-96.363522995 42.433568012),,WOODBURY,1081500,TRIPLE SEC,421,SAZERAC COMPANY  INC,86487,MR BOSTON TRIPLE SEC,12,1000,2.13,3.20,12,38.40,12.00,3.17
INV-65784600076,2023-12-29T00:00:00.000,3722,WAL-MART 1361 / SIOUX CITY,3400 SINGING HILLS BLVD,SIOUX CITY,51106,POINT (-96.363522995 42.433568012),,WOODBURY,1091300,NEUTRAL GRAIN SPIRITS FLAVORED,346,OLE SMOKY DISTILLERY LLC,86843,OLE SMOKY SALTY CARAMEL WHISKEY,6,750,11.00,16.50,6,99.00,4.50,1.18
INV-65784600077,2023-12-29T00:00:00.000,3722,WAL-MART 1361 / SIOUX CITY,3400 SINGING HILLS BLVD,SIOUX CITY,51106,POINT (-96.363522995 42.433568012),,WOODBURY,1011400,TENNESSEE WHISKIES,346,OLE SMOKY DISTILLERY LLC,86987,OLE SMOKY SALTY WATERMELON WHISKEY,6,750,11.00,16.50,6,99.00,4.50,1.18
INV-65784600078,2023-12-29T00:00:00.000,3722,WAL-MART 1361 / SIOUX CITY,3400 SINGING HILLS BLVD,SIOUX CITY,51106,POINT (-96.363522995 42.433568012),,WOODBURY,1022200,100% AGAVE TEQUILA,421,SAZERAC COMPANY  INC,87380,CORAZON DE AGAVE BLANCO,6,750,11.75,17.63,6,105.78,4.50,1.18
INV-65784600079,2023-12-29T00:00:00.000,3722,WAL-MART 1361 / SIOUX CITY,3400 SINGING HILLS BLVD,SIOUX CITY,51106,POINT (-96.363522995 42.433568012),,WOODBURY,1022200,100% AGAVE TEQUILA,260,DIAGEO AMERICAS,87485,DON JULIO BLANCO,6,750,30.99,46.49,6,278.94,4.50,1.18
INV-65784700001,2023-12-29T00:00:00.000,2594,HY-VEE FOOD STORE / SIOUX CITY,4500 SERGEANT ROAD,SIOUX CITY,51106,POINT (-96.347773986 42.445884004),,WOODBURY,1081600,WHISKEY LIQUEUR,421,SAZERAC COMPANY  INC,100413,FIREBALL CINNAMON WHISKEY PARTY BUCKET,1,50,51.60,77.40,1,77.40,0.05,0.01
INV-65784700002,2023-12-29T00:00:00.000,2594,HY-VEE FOOD STORE / SIOUX CITY,4500 SERGEANT ROAD,SIOUX CITY,51106,POINT (-96.347773986 42.445884004),,WOODBURY,1012100,CANADIAN WHISKIES,260,DIAGEO AMERICAS,10777,CROWN ROYAL PEACH,12,1000,20.49,30.74,12,368.88,12.00,3.17
INV-65784700003,2023-12-29T00:00:00.000,2594,HY-VEE FOOD STORE / SIOUX CITY,4500 SERGEANT ROAD,SIOUX CITY,51106,POINT (-96.347773986 42.445884004),,WOODBURY,1012100,CANADIAN WHISKIES,260,DIAGEO AMERICAS,10791,CROWN ROYAL VANILLA,12,750,17.49,26.24,12,314.88,9.00,2.37
INV-65784700004,2023-12-29T00:00:00.000,2594,HY-VEE FOOD STORE / SIOUX CITY,4500 SERGEANT ROAD,SIOUX CITY,51106,POINT (-96.347773986 42.445884004),,WOODBURY,1012100,CANADIAN WHISKIES,260,DIAGEO AMERICAS,10792,CROWN ROYAL VANILLA,12,1000,20.49,30.74,12,368.88,12.00,3.17
INV-65784700005,2023-12-29T00:00:00.000,2594,HY-VEE FOOD STORE / SIOUX CITY,4500 SERGEANT ROAD,SIOUX CITY,51106,POINT (-96.347773986 42.445884004),,WOODBURY,1012100,CANADIAN WHISKIES,260,DIAGEO AMERICAS,10808,CROWN ROYAL REGAL APPLE,12,1000,20.49,30.74,12,368.88,12.00,3.17
INV-65784700006,2023-12-29T00:00:00.000,2594,HY-VEE FOOD STORE / SIOUX CITY,4500 SERGEANT ROAD,SIOUX CITY,51106,POINT (-96.347773986 42.445884004),,WOODBURY,1012100,CANADIAN WHISKIES,260,DIAGEO AMERICAS,11296,CROWN ROYAL,12,750,17.49,26.24,12,314.88,9.00,2.37
INV-65784700007,2023-12-29T00:00:00.000,2594,HY-VEE FOOD STORE / SIOUX CITY,4500 SERGEANT ROAD,SIOUX CITY,51106,POINT (-96.347773986 42.445884004),,WOODBURY,1012100,CANADIAN WHISKIES,395,PROXIMO,14210,PENDLETON MIDNIGHT,12,750,19.80,29.70,3,89.10,2.25,0.59
INV-65784700008,2023-12-29T00:00:00.000,2594,HY-VEE FOOD STORE / SIOUX CITY,4500 SERGEANT ROAD,SIOUX CITY,51106,POINT (-96.347773986 42.445884004),,WOODBURY,1012400,IRISH WHISKIES,370,PERNOD RICARD USA,15621,JAMESON MINI,12,50,13.20,19.80,1,19.80,0.05,0.01
INV-65784700009,2023-12-29T00:00:00.000,2594,HY-VEE FOOD STORE / SIOUX CITY,4500 SERGEANT ROAD,SIOUX CITY,51106,POINT (-96.347773986 42.445884004),,WOODBURY,1011500,BOTTLED IN BOND BOURBON,065,JIM BEAM BRANDS,16416,OLD GRAND-DAD 100PRF BOND BOURBON 4YR,12,750,13.50,20.25,2,40.50,1.50,0.39
INV-65784700010,2023-12-29T00:00:00.000,2594,HY-VEE FOOD STORE / SIOUX CITY,4500 SERGEANT ROAD,SIOUX CITY,51106,POINT (-96.347773986 42.445884004),,WOODBURY,1062400,SPICED RUM,260,DIAGEO AMERICAS,1799,CAPTAIN MORGAN ORIGINAL SPICED BARREL,6,1750,18.99,28.49,6,170.94,10.50,2.77
INV-65784700011,2023-12-29T00:00:00.000,2594,HY-VEE FOOD STORE / SIOUX CITY,4500 SERGEANT ROAD,SIOUX CITY,51106,POINT (-96.347773986 42.445884004),,WOODBURY,1011200,STRAIGHT BOURBON WHISKIES,259,HEAVEN HILL BRANDS,18095,EVAN WILLIAMS 1783 SMALL BATCH,6,750,12.50,18.75,6,99.00,4.50,1.18
INV-65784700012,2023-12-29T00:00:00.000,2594,HY-VEE FOOD STORE / SIOUX CITY,4500 SERGEANT ROAD,SIOUX CITY,51106,POINT (-96.347773986 42.445884004),,WOODBURY,1011200,STRAIGHT BOURBON WHISKIES,830,KIRIN BEER & SPIRITS OF AMERICA INC / FOUR ROSES DISTILLERY,18348,FOUR ROSES SMALL BATCH,6,750,18.50,27.75,4,111.00,3.00,0.79
INV-65784700013,2023-12-29T00:00:00.000,2594,HY-VEE FOOD STORE / SIOUX CITY,4500 SERGEANT ROAD,SIOUX CITY,51106,POINT (-96.347773986 42.445884004),,WOODBURY,1011200,STRAIGHT BOURBON WHISKIES,830,KIRIN BEER & SPIRITS OF AMERICA INC / FOUR ROSES DISTILLERY,18376,FOUR ROSES SMALL BATCH SELECT,6,750,30.00,45.00,6,270.00,4.50,1.18
INV-65784700014,2023-12-29T00:00:00.000,2594,HY-VEE FOOD STORE / SIOUX CITY,4500 SERGEANT ROAD,SIOUX CITY,51106,POINT (-96.347773986 42.445884004),,WOODBURY,1011200,STRAIGHT BOURBON WHISKIES,370,PERNOD RICARD USA,19006,JEFFERSONS RESERVE,6,750,29.97,44.96,3,134.88,2.25,0.59
INV-65784700015,2023-12-29T00:00:00.000,2594,HY-VEE FOOD STORE / SIOUX CITY,4500 SERGEANT ROAD,SIOUX CITY,51106,POINT (-96.347773986 42.445884004),,WOODBURY,1011200,STRAIGHT BOURBON WHISKIES,370,PERNOD RICARD USA,19009,JEFFERSONS VERY SMALL BATCH,6,750,22.39,33.59,6,201.54,4.50,1.18
INV-65784700016,2023-12-29T00:00:00.000,2594,HY-VEE FOOD STORE / SIOUX CITY,4500 SERGEANT ROAD,SIOUX CITY,51106,POINT (-96.347773986 42.445884004),,WOODBURY,1011200,STRAIGHT BOURBON WHISKIES,065,JIM BEAM BRANDS,19226,KNOB CREEK,6,750,21.00,31.50,2,63.00,1.50,0.39
INV-65784700017,2023-12-29T00:00:00.000,2594,HY-VEE FOOD STORE / SIOUX CITY,4500 SERGEANT ROAD,SIOUX CITY,51106,POINT (-96.347773986 42.445884004),,WOODBURY,1011200,STRAIGHT BOURBON WHISKIES,065,JIM BEAM BRANDS,27604,KNOB CREEK SMOKED MAPLE,6,750,21.00,31.50,3,94.50,2.25,0.59
INV-65784700018,2023-12-29T00:00:00.000,2594,HY-VEE FOOD STORE / SIOUX CITY,4500 SERGEANT ROAD,SIOUX CITY,51106,POINT (-96.347773986 42.445884004),,WOODBURY,1011100,BLENDED WHISKIES,395,PROXIMO,27605,TIN CUP,12,750,15.00,22.50,4,87.00,3.00,0.79
INV-65784700019,2023-12-29T00:00:00.000,2594,HY-VEE FOOD STORE / SIOUX CITY,4500 SERGEANT ROAD,SIOUX CITY,51106,POINT (-96.347773986 42.445884004),,WOODBURY,1011100,BLENDED WHISKIES,065,JIM BEAM BRANDS,27682,JIM BEAM KENTUCKY FIRE,12,750,11.00,16.50,6,99.00,4.50,1.18
INV-65784700020,2023-12-29T00:00:00.000,2594,HY-VEE FOOD STORE / SIOUX CITY,4500 SERGEANT ROAD,SIOUX CITY,51106,POINT (-96.347773986 42.445884004),,WOODBURY,1032100,IMPORTED VODKAS,370,PERNOD RICARD USA,34007,ABSOLUT SWEDISH VODKA 80PRF,12,1000,14.99,22.49,12,269.88,12.00,3.17
INV-65784700021,2023-12-29T00:00:00.000,2594,HY-VEE FOOD STORE / SIOUX CITY,4500 SERGEANT ROAD,SIOUX CITY,51106,POINT (-96.347773986 42.445884004),,WOODBURY,1032100,IMPORTED VODKAS,370,PERNOD RICARD USA,34008,ABSOLUT SWEDISH VODKA 80PRF,6,1750,19.99,29.99,6,179.94,10.50,2.77
INV-65784700022,2023-12-29T00:00:00.000,2594,HY-VEE FOOD STORE / SIOUX CITY,4500 SERGEANT ROAD,SIOUX CITY,51106,POINT (-96.347773986 42.445884004),,WOODBURY,1032200,IMPORTED FLAVORED VODKA,370,PERNOD RICARD USA,34076,ABSOLUT VANILIA,12,750,9.99,14.99,4,59.96,3.00,0.79
INV-65784700023,2023-12-29T00:00:00.000,2594,HY-VEE FOOD STORE / SIOUX CITY,4500 SERGEANT ROAD,SIOUX CITY,51106,POINT (-96.347773986 42.445884004),,WOODBURY,1032100,IMPORTED VODKAS,035,BACARDI USA INC,34422,GREY GOOSE,6,1000,19.00,28.50,6,171.00,6.00,1.58
INV-65784700024,2023-12-29T00:00:00.000,2594,HY-VEE FOOD STORE / SIOUX CITY,4500 SERGEANT ROAD,SIOUX CITY,51106,POINT (-96.347773986 42.445884004),,WOODBURY,1031100,AMERICAN VODKAS,115,CONSTELLATION BRANDS INC,34819,SVEDKA 80PRF,12,1000,8.00,12.00,12,144.00,12.00,3.17
INV-65784700025,2023-12-29T00:00:00.000,2594,HY-VEE FOOD STORE / SIOUX CITY,4500 SERGEANT ROAD,SIOUX CITY,51106,POINT (-96.347773986 42.445884004),,WOODBURY,1031100,AMERICAN VODKAS,421,SAZERAC COMPANY  INC,35317,BARTON VODKA,12,1000,3.97,5.96,12,71.52,12.00,3.17
INV-65784700026,2023-12-29T00:00:00.000,2594,HY-VEE FOOD STORE / SIOUX CITY,4500 SERGEANT ROAD,SIOUX CITY,51106,POINT (-96.347773986 42.445884004),,WOODBURY,1032200,IMPORTED FLAVORED VODKA,065,JIM BEAM BRANDS,35626,PINNACLE WHIPPED,12,750,6.50,9.75,4,39.00,3.00,0.79
INV-65784700027,2023-12-29T00:00:00.000,2594,HY-VEE FOOD STORE / SIOUX CITY,4500 SERGEANT ROAD,SIOUX CITY,51106,POINT (-96.347773986 42.445884004),,WOODBURY,1031100,AMERICAN VODKAS,434,LUXCO INC,36307,HAWKEYE VODKA,12,1000,4.35,6.53,12,78.36,12.00,3.17
INV-65784700028,2023-12-29T00:00:00.000,2594,HY-VEE FOOD STORE / SIOUX CITY,4500 SERGEANT ROAD,SIOUX CITY,51106,POINT (-96.347773986 42.445884004),,WOODBURY,1031100,AMERICAN VODKAS,777,"BLUE OX SPIRITS, INC.",36875,BLUE OX VODKA,6,1750,7.63,11.45,6,68.70,10.50,2.77
INV-65784700029,2023-12-29T00:00:00.000,2594,HY-VEE FOOD STORE / SIOUX CITY,4500 SERGEANT ROAD,SIOUX CITY,51106,POINT (-96.347773986 42.445884004),,WOODBURY,1031100,AMERICAN VODKAS,300,MCCORMICK DISTILLING CO.,36908,MCCORMICK 80PRF VODKA PET,6,1750,8.24,12.36,6,74.16,10.50,2.77
INV-65784700030,2023-12-29T00:00:00.000,2594,HY-VEE FOOD STORE / SIOUX CITY,4500 SERGEANT ROAD,SIOUX CITY,51106,POINT (-96.347773986 42.445884004),,WOODBURY,1032100,IMPORTED VODKAS,035,BACARDI USA INC,36964,GREY GOOSE MINI,8,50,20.00,30.00,2,60.00,0.10,0.02
INV-65784700031,2023-12-29T00:00:00.000,2594,HY-VEE FOOD STORE / SIOUX CITY,4500 SERGEANT ROAD,SIOUX CITY,51106,POINT (-96.347773986 42.445884004),,WOODBURY,1031100,AMERICAN VODKAS,619,CAMPARI AMERICA,37986,SKYY VODKA,12,750,8.00,12.00,4,48.00,3.00,0.79
INV-65784700032,2023-12-29T00:00:00.000,2594,HY-VEE FOOD STORE / SIOUX CITY,4500 SERGEANT ROAD,SIOUX CITY,51106,POINT (-96.347773986 42.445884004),,WOODBURY,1031100,AMERICAN VODKAS,421,SAZERAC COMPANY  INC,38088,PLATINUM 7X VODKA,6,1750,9.44,14.16,6,84.96,10.50,2.77
INV-65784700033,2023-12-29T00:00:00.000,2594,HY-VEE FOOD STORE / SIOUX CITY,4500 SERGEANT ROAD,SIOUX CITY,51106,POINT (-96.347773986 42.445884004),,WOODBURY,1031100,AMERICAN VODKAS,301,FIFTH GENERATION INC,38176,TITOS HANDMADE VODKA,12,750,10.00,15.00,60,900.00,45.00,11.88
INV-65784700034,2023-12-29T00:00:00.000,2594,HY-VEE FOOD STORE / SIOUX CITY,4500 SERGEANT ROAD,SIOUX CITY,51106,POINT (-96.347773986 42.445884004),,WOODBURY,1031200,AMERICAN FLAVORED VODKA,521,JEM BEVERAGE COMPANY / WESTERN SON,39827,WESTERN SON CUCUMBER,12,750,9.01,13.52,2,27.04,1.50,0.39
INV-65784700035,2023-12-29T00:00:00.000,2594,HY-VEE FOOD STORE / SIOUX CITY,4500 SERGEANT ROAD,SIOUX CITY,51106,POINT (-96.347773986 42.445884004),,WOODBURY,1031200,AMERICAN FLAVORED VODKA,259,HEAVEN HILL BRANDS,39922,DEEP EDDY PEACH,12,750,9.50,14.25,6,85.50,4.50,1.18
INV-65784700036,2023-12-29T00:00:00.000,2594,HY-VEE FOOD STORE / SIOUX CITY,4500 SERGEANT ROAD,SIOUX CITY,51106,POINT (-96.347773986 42.445884004),,WOODBURY,1031200,AMERICAN FLAVORED VODKA,259,HEAVEN HILL BRANDS,40053,DEEP EDDY LEMON,12,750,9.50,14.25,4,57.00,3.00,0.79
INV-65784700037,2023-12-29T00:00:00.000,2594,HY-VEE FOOD STORE / SIOUX CITY,4500 SERGEANT ROAD,SIOUX CITY,51106,POINT (-96.347773986 42.445884004),,WOODBURY,1031200,AMERICAN FLAVORED VODKA,259,HEAVEN HILL BRANDS,40327,DEEP EDDY RUBY RED GRAPEFRUIT,12,750,9.50,14.25,4,57.00,3.00,0.79
INV-65784700038,2023-12-29T00:00:00.000,2594,HY-VEE FOOD STORE / SIOUX CITY,4500 SERGEANT ROAD,SIOUX CITY,51106,POINT (-96.347773986 42.445884004),,WOODBURY,1031200,AMERICAN FLAVORED VODKA,380,PHILLIPS BEVERAGE,42079,UV CAKE,12,1000,7.50,11.25,4,45.00,4.00,1.05
INV-65784700039,2023-12-29T00:00:00.000,2594,HY-VEE FOOD STORE / SIOUX CITY,4500 SERGEANT ROAD,SIOUX CITY,51106,POINT (-96.347773986 42.445884004),,WOODBURY,1062400,SPICED RUM,260,DIAGEO AMERICAS,43331,CAPTAIN MORGAN ORIGINAL SPICED MINI,12,50,4.80,7.20,2,14.40,0.10,0.02
INV-65784700040,2023-12-29T00:00:00.000,2594,HY-VEE FOOD STORE / SIOUX CITY,4500 SERGEANT ROAD,SIOUX CITY,51106,POINT (-96.347773986 42.445884004),,WOODBURY,1062500,FLAVORED RUM,421,SAZERAC COMPANY  INC,43410,PARROT BAY COCONUT,12,750,6.50,9.75,3,29.25,2.25,0.59
INV-65784700041,2023-12-29T00:00:00.000,2594,HY-VEE FOOD STORE / SIOUX CITY,4500 SERGEANT ROAD,SIOUX CITY,51106,POINT (-96.347773986 42.445884004),,WOODBURY,1062300,AGED DARK RUM,482,"SOVEREIGN BRANDS, LLC",43735,BUMBU XO,6,750,19.99,29.99,2,64.48,1.50,0.39
INV-65784700042,2023-12-29T00:00:00.000,2594,HY-VEE FOOD STORE / SIOUX CITY,4500 SERGEANT ROAD,SIOUX CITY,51106,POINT (-96.347773986 42.445884004),,WOODBURY,1062500,FLAVORED RUM,065,JIM BEAM BRANDS,44520,CRUZAN VANILLA,12,750,7.00,10.50,4,42.00,3.00,0.79
INV-65784700043,2023-12-29T00:00:00.000,2594,HY-VEE FOOD STORE / SIOUX CITY,4500 SERGEANT ROAD,SIOUX CITY,51106,POINT (-96.347773986 42.445884004),,WOODBURY,1012200,SCOTCH WHISKIES,035,BACARDI USA INC,4867,DEWARS WHITE LABEL SCOTCH,12,1000,17.50,26.25,3,78.75,3.00,0.79
INV-65784700044,2023-12-29T00:00:00.000,2594,HY-VEE FOOD STORE / SIOUX CITY,4500 SERGEANT ROAD,SIOUX CITY,51106,POINT (-96.347773986 42.445884004),,WOODBURY,1052100,IMPORTED BRANDIES,255,INFINIUM SPIRITS,51739,TORRES 10 BRANDY,6,750,10.99,16.49,3,49.47,2.25,0.59
INV-65784700045,2023-12-29T00:00:00.000,2594,HY-VEE FOOD STORE / SIOUX CITY,4500 SERGEANT ROAD,SIOUX CITY,51106,POINT (-96.347773986 42.445884004),,WOODBURY,1051100,AMERICAN BRANDIES,205,E & J GALLO WINERY,52596,E & J VS,12,750,6.50,9.75,6,58.50,4.50,1.18
INV-65784700046,2023-12-29T00:00:00.000,2594,HY-VEE FOOD STORE / SIOUX CITY,4500 SERGEANT ROAD,SIOUX CITY,51106,POINT (-96.347773986 42.445884004),,WOODBURY,1071000,COCKTAILS/RTD,421,SAZERAC COMPANY  INC,57129,CHI-CHI'S MEXICAN MUDSLIDE,6,1750,6.50,9.75,6,58.50,10.50,2.77
INV-65784700047,2023-12-29T00:00:00.000,2594,HY-VEE FOOD STORE / SIOUX CITY,4500 SERGEANT ROAD,SIOUX CITY,51106,POINT (-96.347773986 42.445884004),,WOODBURY,1071000,COCKTAILS/RTD,421,SAZERAC COMPANY  INC,57174,CHI-CHI'S SKINNY MARGARITA,6,1750,6.50,9.75,6,58.50,10.50,2.77
INV-65784700048,2023-12-29T00:00:00.000,2594,HY-VEE FOOD STORE / SIOUX CITY,4500 SERGEANT ROAD,SIOUX CITY,51106,POINT (-96.347773986 42.445884004),,WOODBURY,1071000,COCKTAILS/RTD,395,PROXIMO,58838,JOSE CUERVO AUTHENTIC LIME MARGARITA,6,1750,8.74,13.11,6,78.66,10.50,2.77
INV-65784700049,2023-12-29T00:00:00.000,2594,HY-VEE FOOD STORE / SIOUX CITY,4500 SERGEANT ROAD,SIOUX CITY,51106,POINT (-96.347773986 42.445884004),,WOODBURY,1071000,COCKTAILS/RTD,395,PROXIMO,58860,JOSE CUERVO AUTHENTIC MANGO MARGARITA,6,1750,8.74,13.11,6,78.66,10.50,2.77
INV-65784700050,2023-12-29T00:00:00.000,2594,HY-VEE FOOD STORE / SIOUX CITY,4500 SERGEANT ROAD,SIOUX CITY,51106,POINT (-96.347773986 42.445884004),,WOODBURY,1071000,COCKTAILS/RTD,395,PROXIMO,58868,JOSE CUERVO AUTHENTIC STRAWBERRY LIME MARGARITA,6,1750,8.74,13.11,6,78.66,10.50,2.77
INV-65784700051,2023-12-29T00:00:00.000,2594,HY-VEE FOOD STORE / SIOUX CITY,4500 SERGEANT ROAD,SIOUX CITY,51106,POINT (-96.347773986 42.445884004),,WOODBURY,1082100,IMPORTED CORDIALS & LIQUEURS,619,CAMPARI AMERICA,64147,APEROL,6,750,15.00,22.50,4,90.00,3.00,0.79
INV-65784700052,2023-12-29T00:00:00.000,2594,HY-VEE FOOD STORE / SIOUX CITY,4500 SERGEANT ROAD,SIOUX CITY,51106,POINT (-96.347773986 42.445884004),,WOODBURY,1062300,AGED DARK RUM,482,"SOVEREIGN BRANDS, LLC",64529,BUMBU RUM,6,750,18.50,27.75,1,27.75,0.75,0.19
INV-65784700053,2023-12-29T00:00:00.000,2594,HY-VEE FOOD STORE / SIOUX CITY,4500 SERGEANT ROAD,SIOUX CITY,51106,POINT (-96.347773986 42.445884004),,WOODBURY,1082100,IMPORTED CORDIALS & LIQUEURS,368,PARK STREET IMPORTS,65426,LICOR 43,12,750,14.50,21.75,12,261.00,9.00,2.37
INV-65784700054,2023-12-29T00:00:00.000,2594,HY-VEE FOOD STORE / SIOUX CITY,4500 SERGEANT ROAD,SIOUX CITY,51106,POINT (-96.347773986 42.445884004),,WOODBURY,1012400,IRISH WHISKIES,370,PERNOD RICARD USA,65487,JAMESON ORANGE,6,750,14.99,22.49,3,67.47,2.25,0.59
INV-65784700055,2023-12-29T00:00:00.000,2594,HY-VEE FOOD STORE / SIOUX CITY,4500 SERGEANT ROAD,SIOUX CITY,51106,POINT (-96.347773986 42.445884004),,WOODBURY,1082100,IMPORTED CORDIALS & LIQUEURS,035,BACARDI USA INC,66836,ST GERMAIN,6,750,20.00,30.00,6,180.00,4.50,1.18
INV-65784700056,2023-12-29T00:00:00.000,2594,HY-VEE FOOD STORE / SIOUX CITY,4500 SERGEANT ROAD,SIOUX CITY,51106,POINT (-96.347773986 42.445884004),,WOODBURY,1071000,COCKTAILS/RTD,305,MHW LTD,67180,TWISTED SHOTZ ISLAND THUNDER,1,1800,55.26,82.89,1,82.89,1.80,0.47
INV-65784700057,2023-12-29T00:00:00.000,2594,HY-VEE FOOD STORE / SIOUX CITY,4500 SERGEANT ROAD,SIOUX CITY,51106,POINT (-96.347773986 42.445884004),,WOODBURY,1081100,COFFEE LIQUEURS,370,PERNOD RICARD USA,67526,KAHLUA COFFEE,12,750,14.99,22.49,12,269.88,9.00,2.37
INV-65784700058,2023-12-29T00:00:00.000,2594,HY-VEE FOOD STORE / SIOUX CITY,4500 SERGEANT ROAD,SIOUX CITY,51106,POINT (-96.347773986 42.445884004),,WOODBURY,1081100,COFFEE LIQUEURS,370,PERNOD RICARD USA,67527,KAHLUA COFFEE,12,1000,18.99,28.49,12,341.88,12.00,3.17
INV-65784700059,2023-12-29T00:00:00.000,2594,HY-VEE FOOD STORE / SIOUX CITY,4500 SERGEANT ROAD,SIOUX CITY,51106,POINT (-96.347773986 42.445884004),,WOODBURY,1081100,COFFEE LIQUEURS,370,PERNOD RICARD USA,67528,KAHLUA COFFEE,6,1750,29.48,44.22,6,265.32,10.50,2.77
INV-65784700060,2023-12-29T00:00:00.000,2594,HY-VEE FOOD STORE / SIOUX CITY,4500 SERGEANT ROAD,SIOUX CITY,51106,POINT (-96.347773986 42.445884004),,WOODBURY,1081200,CREAM LIQUEURS,260,DIAGEO AMERICAS,68036,BAILEYS ORIGINAL IRISH CREAM,12,750,16.49,24.74,12,296.88,9.00,2.37
INV-65784700061,2023-12-29T00:00:00.000,2594,HY-VEE FOOD STORE / SIOUX CITY,4500 SERGEANT ROAD,SIOUX CITY,51106,POINT (-96.347773986 42.445884004),,WOODBURY,1082100,IMPORTED CORDIALS & LIQUEURS,368,PARK STREET IMPORTS,68584,LICOR 43 HORCHATA LIQUEUR,12,750,14.50,21.75,4,87.00,3.00,0.79
INV-65784700062,2023-12-29T00:00:00.000,2594,HY-VEE FOOD STORE / SIOUX CITY,4500 SERGEANT ROAD,SIOUX CITY,51106,POINT (-96.347773986 42.445884004),,WOODBURY,1082200,IMPORTED SCHNAPPS,421,SAZERAC COMPANY  INC,69637,DR MCGILLICUDDYS CHERRY,12,1000,11.25,16.88,12,198.00,12.00,3.17
INV-65784700063,2023-12-29T00:00:00.000,2594,HY-VEE FOOD STORE / SIOUX CITY,4500 SERGEANT ROAD,SIOUX CITY,51106,POINT (-96.347773986 42.445884004),,WOODBURY,1081200,CREAM LIQUEURS,205,E & J GALLO WINERY,73051,RUMCHATA MINI,12,50,8.87,13.31,1,13.31,0.05,0.01
INV-65784700064,2023-12-29T00:00:00.000,2594,HY-VEE FOOD STORE / SIOUX CITY,4500 SERGEANT ROAD,SIOUX CITY,51106,POINT (-96.347773986 42.445884004),,WOODBURY,1081200,CREAM LIQUEURS,205,E & J GALLO WINERY,73053,RUMCHATA,6,1000,17.50,26.25,12,315.00,12.00,3.17
INV-65784700065,2023-12-29T00:00:00.000,2594,HY-VEE FOOD STORE / SIOUX CITY,4500 SERGEANT ROAD,SIOUX CITY,51106,POINT (-96.347773986 42.445884004),,WOODBURY,1081200,CREAM LIQUEURS,205,E & J GALLO WINERY,73055,RUMCHATA,12,750,14.00,21.00,12,252.00,9.00,2.37
INV-65784700066,2023-12-29T00:00:00.000,2594,HY-VEE FOOD STORE / SIOUX CITY,4500 SERGEANT ROAD,SIOUX CITY,51106,POINT (-96.347773986 42.445884004),,WOODBURY,1051100,AMERICAN BRANDIES,205,E & J GALLO WINERY,73755,E & J APPLE,12,750,6.50,9.75,6,58.50,4.50,1.18
INV-65784700067,2023-12-29T00:00:00.000,2594,HY-VEE FOOD STORE / SIOUX CITY,4500 SERGEANT ROAD,SIOUX CITY,51106,POINT (-96.347773986 42.445884004),,WOODBURY,1081300,AMERICAN CORDIALS & LIQUEURS,772,INTERCONTINENTAL PACKAGING COMPANY/PRESTIGE BEVERAGE GROUP,75195,KINKY ALOHA MINI,6,50,4.84,7.26,2,14.52,0.10,0.02
INV-65784700068,2023-12-29T00:00:00.000,2594,HY-VEE FOOD STORE / SIOUX CITY,4500 SERGEANT ROAD,SIOUX CITY,51106,POINT (-96.347773986 42.445884004),,WOODBURY,1031200,AMERICAN FLAVORED VODKA,772,INTERCONTINENTAL PACKAGING COMPANY/PRESTIGE BEVERAGE GROUP,75198,KINKY BLUE,6,750,10.00,15.00,6,90.00,4.50,1.18
INV-65784700069,2023-12-29T00:00:00.000,2594,HY-VEE FOOD STORE / SIOUX CITY,4500 SERGEANT ROAD,SIOUX CITY,51106,POINT (-96.347773986 42.445884004),,WOODBURY,1081300,AMERICAN CORDIALS & LIQUEURS,772,INTERCONTINENTAL PACKAGING COMPANY/PRESTIGE BEVERAGE GROUP,75208,KINKY PINK MINI,6,50,4.84,7.26,3,21.78,0.15,0.03
INV-65784700070,2023-12-29T00:00:00.000,2594,HY-VEE FOOD STORE / SIOUX CITY,4500 SERGEANT ROAD,SIOUX CITY,51106,POINT (-96.347773986 42.445884004),,WOODBURY,1081300,AMERICAN CORDIALS & LIQUEURS,772,INTERCONTINENTAL PACKAGING COMPANY/PRESTIGE BEVERAGE GROUP,75218,KINKY GREEN MINI,6,50,4.84,7.26,1,7.26,0.05,0.01
INV-65784700071,2023-12-29T00:00:00.000,2594,HY-VEE FOOD STORE / SIOUX CITY,4500 SERGEANT ROAD,SIOUX CITY,51106,POINT (-96.347773986 42.445884004),,WOODBURY,1081300,AMERICAN CORDIALS & LIQUEURS,772,INTERCONTINENTAL PACKAGING COMPANY/PRESTIGE BEVERAGE GROUP,75224,KINKY RED MINI,6,50,4.84,7.26,1,7.26,0.05,0.01
INV-65784700072,2023-12-29T00:00:00.000,2594,HY-VEE FOOD STORE / SIOUX CITY,4500 SERGEANT ROAD,SIOUX CITY,51106,POINT (-96.347773986 42.445884004),,WOODBURY,1031200,AMERICAN FLAVORED VODKA,118,AMERICAN SPIRITS EXCHANGE,76501,THE ORIGINAL PICKLE SHOT DILL PICKLE VODKA,12,750,8.34,12.51,12,150.12,9.00,2.37
INV-65784700073,2023-12-29T00:00:00.000,2594,HY-VEE FOOD STORE / SIOUX CITY,4500 SERGEANT ROAD,SIOUX CITY,51106,POINT (-96.347773986 42.445884004),,WOODBURY,1031200,AMERICAN FLAVORED VODKA,118,AMERICAN SPIRITS EXCHANGE,76842,THE ORIGINAL PICKLE SHOT SPICY PICKLE VODKA MINI,1,50,48.00,72.00,3,216.00,0.15,0.03
INV-65784700074,2023-12-29T00:00:00.000,2594,HY-VEE FOOD STORE / SIOUX CITY,4500 SERGEANT ROAD,SIOUX CITY,51106,POINT (-96.347773986 42.445884004),,WOODBURY,1031200,AMERICAN FLAVORED VODKA,118,AMERICAN SPIRITS EXCHANGE,76843,THE ORIGINAL PICKLE SHOT SPICY PICKLE VODKA,12,750,8.34,12.51,12,150.12,9.00,2.37
INV-65784700075,2023-12-29T00:00:00.000,2594,HY-VEE FOOD STORE / SIOUX CITY,4500 SERGEANT ROAD,SIOUX CITY,51106,POINT (-96.347773986 42.445884004),,WOODBURY,1091100,AMERICAN DISTILLED SPIRITS SPECIALTY,578,S&B FARMS DISTILLERY,77055,SIR WINSTON PEACH,6,750,13.01,19.52,3,58.56,2.25,0.59
INV-65784700076,2023-12-29T00:00:00.000,2594,HY-VEE FOOD STORE / SIOUX CITY,4500 SERGEANT ROAD,SIOUX CITY,51106,POINT (-96.347773986 42.445884004),,WOODBURY,1031200,AMERICAN FLAVORED VODKA,260,DIAGEO AMERICAS,78079,SMIRNOFF ZERO SUGAR INFUSION WATERMELON & MINT,12,750,8.25,12.38,2,24.76,1.50,0.39
INV-65784700077,2023-12-29T00:00:00.000,2594,HY-VEE FOOD STORE / SIOUX CITY,4500 SERGEANT ROAD,SIOUX CITY,51106,POINT (-96.347773986 42.445884004),,WOODBURY,1081300,AMERICAN CORDIALS & LIQUEURS,434,LUXCO INC,78866,PARAMOUNT CREME DE CACAO WHITE,12,750,5.25,7.88,6,47.28,4.50,1.18
INV-65784700078,2023-12-29T00:00:00.000,2594,HY-VEE FOOD STORE / SIOUX CITY,4500 SERGEANT ROAD,SIOUX CITY,51106,POINT (-96.347773986 42.445884004),,WOODBURY,1081200,CREAM LIQUEURS,380,PHILLIPS BEVERAGE,80069,CASHEL IRISH CREAM,12,750,7.08,10.62,12,127.44,9.00,2.37
INV-65784700079,2023-12-29T00:00:00.000,2594,HY-VEE FOOD STORE / SIOUX CITY,4500 SERGEANT ROAD,SIOUX CITY,51106,POINT (-96.347773986 42.445884004),,WOODBURY,1701100,TEMPORARY & SPECIALTY PACKAGES,259,HEAVEN HILL BRANDS,80145,FULTONS HARVEST PUMPKIN LIQUEUR,12,750,5.50,8.25,6,49.50,4.50,1.18
INV-65784700080,2023-12-29T00:00:00.000,2594,HY-VEE FOOD STORE / SIOUX CITY,4500 SERGEANT ROAD,SIOUX CITY,51106,POINT (-96.347773986 42.445884004),,WOODBURY,1081200,CREAM LIQUEURS,205,E & J GALLO WINERY,80485,TIPPY COW CHOCOLATE,6,750,10.00,15.00,6,99.00,4.50,1.18
INV-65784700081,2023-12-29T00:00:00.000,2594,HY-VEE FOOD STORE / SIOUX CITY,4500 SERGEANT ROAD,SIOUX CITY,51106,POINT (-96.347773986 42.445884004),,WOODBURY,1081400,AMERICAN SCHNAPPS,065,JIM BEAM BRANDS,80686,DEKUYPER BLUSTERY PEPPERMINT BURST,12,750,6.75,10.13,6,60.78,4.50,1.18
INV-65784700082,2023-12-29T00:00:00.000,2594,HY-VEE FOOD STORE / SIOUX CITY,4500 SERGEANT ROAD,SIOUX CITY,51106,POINT (-96.347773986 42.445884004),,WOODBURY,1081400,AMERICAN SCHNAPPS,065,JIM BEAM BRANDS,80687,DEKUYPER BLUSTERY PEPPERMINT BURST,12,1000,7.87,11.81,6,70.86,6.00,1.58
INV-65784700083,2023-12-29T00:00:00.000,2594,HY-VEE FOOD STORE / SIOUX CITY,4500 SERGEANT ROAD,SIOUX CITY,51106,POINT (-96.347773986 42.445884004),,WOODBURY,1081400,AMERICAN SCHNAPPS,434,LUXCO INC,81206,PARAMOUNT PEPPERMINT SCHNAPPS,12,750,4.25,6.38,6,38.28,4.50,1.18
INV-65784700084,2023-12-29T00:00:00.000,2594,HY-VEE FOOD STORE / SIOUX CITY,4500 SERGEANT ROAD,SIOUX CITY,51106,POINT (-96.347773986 42.445884004),,WOODBURY,1091100,AMERICAN DISTILLED SPIRITS SPECIALTY,370,PERNOD RICARD USA,86439,SKREWBALL PEANUT BUTTER WHISKEY,12,750,14.99,22.49,4,89.96,3.00,0.79
INV-65784700085,2023-12-29T00:00:00.000,2594,HY-VEE FOOD STORE / SIOUX CITY,4500 SERGEANT ROAD,SIOUX CITY,51106,POINT (-96.347773986 42.445884004),,WOODBURY,1011400,TENNESSEE WHISKIES,346,OLE SMOKY DISTILLERY LLC,86543,OLE SMOKY PEACH WHISKEY MINI,4,50,17.50,26.25,1,26.25,0.05,0.01
INV-65784700086,2023-12-29T00:00:00.000,2594,HY-VEE FOOD STORE / SIOUX CITY,4500 SERGEANT ROAD,SIOUX CITY,51106,POINT (-96.347773986 42.445884004),,WOODBURY,1081600,WHISKEY LIQUEUR,421,SAZERAC COMPANY  INC,86881,SOUTHERN COMFORT MINI,10,50,5.16,7.74,1,7.74,0.05,0.01
INV-65784700087,2023-12-29T00:00:00.000,2594,HY-VEE FOOD STORE / SIOUX CITY,4500 SERGEANT ROAD,SIOUX CITY,51106,POINT (-96.347773986 42.445884004),,WOODBURY,1081600,WHISKEY LIQUEUR,421,SAZERAC COMPANY  INC,86887,SOUTHERN COMFORT,12,1000,12.97,19.46,12,233.52,12.00,3.17
INV-65784700088,2023-12-29T00:00:00.000,2594,HY-VEE FOOD STORE / SIOUX CITY,4500 SERGEANT ROAD,SIOUX CITY,51106,POINT (-96.347773986 42.445884004),,WOODBURY,1022200,100% AGAVE TEQUILA,115,CONSTELLATION BRANDS INC,87270,CASA NOBLE REPOSADO,6,750,29.74,44.61,2,89.22,1.50,0.39
INV-65784700089,2023-12-29T00:00:00.000,2594,HY-VEE FOOD STORE / SIOUX CITY,4500 SERGEANT ROAD,SIOUX CITY,51106,POINT (-96.347773986 42.445884004),,WOODBURY,1022200,100% AGAVE TEQUILA,434,LUXCO INC,87305,DOS PRIMOS REPOSADO,6,750,27.50,41.25,2,82.50,1.50,0.39
INV-65784700090,2023-12-29T00:00:00.000,2594,HY-VEE FOOD STORE / SIOUX CITY,4500 SERGEANT ROAD,SIOUX CITY,51106,POINT (-96.347773986 42.445884004),,WOODBURY,1022200,100% AGAVE TEQUILA,205,E & J GALLO WINERY,87643,FAMILIA CAMARENA SILVER,12,750,14.50,21.75,2,43.50,1.50,0.39
INV-65784700091,2023-12-29T00:00:00.000,2594,HY-VEE FOOD STORE / SIOUX CITY,4500 SERGEANT ROAD,SIOUX CITY,51106,POINT (-96.347773986 42.445884004),,WOODBURY,1092100,IMPORTED DISTILLED SPIRITS SPECIALTY,115,CONSTELLATION BRANDS INC,88095,MI CAMPO BLANCO,12,750,13.50,20.25,12,243.00,9.00,2.37
INV-65784700092,2023-12-29T00:00:00.000,2594,HY-VEE FOOD STORE / SIOUX CITY,4500 SERGEANT ROAD,SIOUX CITY,51106,POINT (-96.347773986 42.445884004),,WOODBURY,1022200,100% AGAVE TEQUILA,035,BACARDI USA INC,88296,PATRON SILVER,12,750,28.00,42.00,12,504.00,9.00,2.37
INV-65784700093,2023-12-29T00:00:00.000,2594,HY-VEE FOOD STORE / SIOUX CITY,4500 SERGEANT ROAD,SIOUX CITY,51106,POINT (-96.347773986 42.445884004),,WOODBURY,1022200,100% AGAVE TEQUILA,260,DIAGEO AMERICAS,89177,CASAMIGOS REPOSADO,6,750,29.99,44.99,6,269.94,4.50,1.18
INV-65784800001,2023-12-29T00:00:00.000,4202,FAREWAY STORES #829 / SIOUX CITY,4267 SERGEANT ROAD,SIOUX CITY,51106,POINT (-96.353956981 42.450483992),,WOODBURY,1012400,IRISH WHISKIES,370,PERNOD RICARD USA,915859,HA REDBREAST PX EDITION,6,750,74.96,112.44,1,112.44,0.75,0.19
INV-65784900001,2023-12-29T00:00:00.000,4202,FAREWAY STORES #829 / SIOUX CITY,4267 SERGEANT ROAD,SIOUX CITY,51106,POINT (-96.353956981 42.450483992),,WOODBURY,1012100,CANADIAN WHISKIES,260,DIAGEO AMERICAS,11296,CROWN ROYAL,12,750,17.49,26.24,12,314.88,9.00,2.37
INV-65784900002,2023-12-29T00:00:00.000,4202,FAREWAY STORES #829 / SIOUX CITY,4267 SERGEANT ROAD,SIOUX CITY,51106,POINT (-96.353956981 42.450483992),,WOODBURY,1012100,CANADIAN WHISKIES,421,SAZERAC COMPANY  INC,12408,CANADIAN LTD WHISKY,6,1750,10.00,15.00,6,90.00,10.50,2.77
INV-65784900003,2023-12-29T00:00:00.000,4202,FAREWAY STORES #829 / SIOUX CITY,4267 SERGEANT ROAD,SIOUX CITY,51106,POINT (-96.353956981 42.450483992),,WOODBURY,1011200,STRAIGHT BOURBON WHISKIES,125,CEDAR RIDGE VINEYARDS LL,17206,CEDAR RIDGE BOURBON,6,750,18.67,28.01,6,168.06,4.50,1.18
INV-65784900004,2023-12-29T00:00:00.000,4202,FAREWAY STORES #829 / SIOUX CITY,4267 SERGEANT ROAD,SIOUX CITY,51106,POINT (-96.353956981 42.450483992),,WOODBURY,1011200,STRAIGHT BOURBON WHISKIES,421,SAZERAC COMPANY  INC,21595,TEN HIGH PET,12,750,4.10,6.15,12,73.80,9.00,2.37
INV-65784900005,2023-12-29T00:00:00.000,4202,FAREWAY STORES #829 / SIOUX CITY,4267 SERGEANT ROAD,SIOUX CITY,51106,POINT (-96.353956981 42.450483992),,WOODBURY,1032100,IMPORTED VODKAS,370,PERNOD RICARD USA,34008,ABSOLUT SWEDISH VODKA 80PRF,6,1750,19.99,29.99,6,179.94,10.50,2.77
INV-65784900006,2023-12-29T00:00:00.000,4202,FAREWAY STORES #829 / SIOUX CITY,4267 SERGEANT ROAD,SIOUX CITY,51106,POINT (-96.353956981 42.450483992),,WOODBURY,1031100,AMERICAN VODKAS,434,LUXCO INC,36305,HAWKEYE VODKA PET,12,750,3.50,5.25,12,63.00,9.00,2.37
INV-65784900007,2023-12-29T00:00:00.000,4202,FAREWAY STORES #829 / SIOUX CITY,4267 SERGEANT ROAD,SIOUX CITY,51106,POINT (-96.353956981 42.450483992),,WOODBURY,1031100,AMERICAN VODKAS,434,LUXCO INC,36308,HAWKEYE VODKA,6,1750,7.50,11.25,6,67.50,10.50,2.77
INV-65784900008,2023-12-29T00:00:00.000,4202,FAREWAY STORES #829 / SIOUX CITY,4267 SERGEANT ROAD,SIOUX CITY,51106,POINT (-96.353956981 42.450483992),,WOODBURY,1031100,AMERICAN VODKAS,421,SAZERAC COMPANY  INC,36978,NIKOLAI VODKA,6,1750,7.06,10.59,18,190.62,31.50,8.32
INV-65784900009,2023-12-29T00:00:00.000,4202,FAREWAY STORES #829 / SIOUX CITY,4267 SERGEANT ROAD,SIOUX CITY,51106,POINT (-96.353956981 42.450483992),,WOODBURY,1031100,AMERICAN VODKAS,380,PHILLIPS BEVERAGE,37338,UV VODKA PET,6,1750,11.50,17.25,6,103.50,10.50,2.77
INV-65784900010,2023-12-29T00:00:00.000,4202,FAREWAY STORES #829 / SIOUX CITY,4267 SERGEANT ROAD,SIOUX CITY,51106,POINT (-96.353956981 42.450483992),,WOODBURY,1062500,FLAVORED RUM,370,PERNOD RICARD USA,42718,MALIBU COCONUT,6,1750,19.49,29.24,6,175.44,10.50,2.77
INV-65784900011,2023-12-29T00:00:00.000,4202,FAREWAY STORES #829 / SIOUX CITY,4267 SERGEANT ROAD,SIOUX CITY,51106,POINT (-96.353956981 42.450483992),,WOODBURY,1012200,SCOTCH WHISKIES,035,BACARDI USA INC,4866,DEWARS WHITE LABEL SCOTCH,12,750,13.50,20.25,12,243.00,9.00,2.37
INV-65784900012,2023-12-29T00:00:00.000,4202,FAREWAY STORES #829 / SIOUX CITY,4267 SERGEANT ROAD,SIOUX CITY,51106,POINT (-96.353956981 42.450483992),,WOODBURY,1051100,AMERICAN BRANDIES,065,JIM BEAM BRANDS,54706,DEKUYPER BLACKBERRY BRANDY,12,750,4.50,6.75,12,81.00,9.00,2.37
INV-65784900013,2023-12-29T00:00:00.000,4202,FAREWAY STORES #829 / SIOUX CITY,4267 SERGEANT ROAD,SIOUX CITY,51106,POINT (-96.353956981 42.450483992),,WOODBURY,1071000,COCKTAILS/RTD,421,SAZERAC COMPANY  INC,57144,CHI-CHI'S WHITE RUSSIAN,6,1750,6.50,9.75,6,58.50,10.50,2.77
INV-65784900014,2023-12-29T00:00:00.000,4202,FAREWAY STORES #829 / SIOUX CITY,4267 SERGEANT ROAD,SIOUX CITY,51106,POINT (-96.353956981 42.450483992),,WOODBURY,1071000,COCKTAILS/RTD,421,SAZERAC COMPANY  INC,57148,CHI-CHI'S MARGARITA,6,1750,6.50,9.75,12,117.00,21.00,5.54
INV-65784900015,2023-12-29T00:00:00.000,4202,FAREWAY STORES #829 / SIOUX CITY,4267 SERGEANT ROAD,SIOUX CITY,51106,POINT (-96.353956981 42.450483992),,WOODBURY,1071000,COCKTAILS/RTD,395,PROXIMO,58842,JOSE CUERVO AUTHENTIC COCONUT PINEAPPLE MARGARITA,6,1750,8.74,13.11,6,78.66,10.50,2.77
INV-65784900016,2023-12-29T00:00:00.000,4202,FAREWAY STORES #829 / SIOUX CITY,4267 SERGEANT ROAD,SIOUX CITY,51106,POINT (-96.353956981 42.450483992),,WOODBURY,1071000,COCKTAILS/RTD,395,PROXIMO,58860,JOSE CUERVO AUTHENTIC MANGO MARGARITA,6,1750,8.74,13.11,6,78.66,10.50,2.77
INV-65784900017,2023-12-29T00:00:00.000,4202,FAREWAY STORES #829 / SIOUX CITY,4267 SERGEANT ROAD,SIOUX CITY,51106,POINT (-96.353956981 42.450483992),,WOODBURY,1071000,COCKTAILS/RTD,395,PROXIMO,58868,JOSE CUERVO AUTHENTIC STRAWBERRY LIME MARGARITA,6,1750,8.74,13.11,6,78.66,10.50,2.77
INV-65784900018,2023-12-29T00:00:00.000,4202,FAREWAY STORES #829 / SIOUX CITY,4267 SERGEANT ROAD,SIOUX CITY,51106,POINT (-96.353956981 42.450483992),,WOODBURY,1071000,COCKTAILS/RTD,395,PROXIMO,58872,JOSE CUERVO AUTHENTIC LIGHT LIME MARGARITA,6,1750,8.74,13.11,6,78.66,10.50,2.77
INV-65784900019,2023-12-29T00:00:00.000,4202,FAREWAY STORES #829 / SIOUX CITY,4267 SERGEANT ROAD,SIOUX CITY,51106,POINT (-96.353956981 42.450483992),,WOODBURY,1071000,COCKTAILS/RTD,395,PROXIMO,58874,JOSE CUERVO AUTHENTIC PINK LEMONADE MARGARITA,6,1750,8.74,13.11,6,78.66,10.50,2.77
INV-65784900020,2023-12-29T00:00:00.000,4202,FAREWAY STORES #829 / SIOUX CITY,4267 SERGEANT ROAD,SIOUX CITY,51106,POINT (-96.353956981 42.450483992),,WOODBURY,1081100,COFFEE LIQUEURS,370,PERNOD RICARD USA,67526,KAHLUA COFFEE,12,750,14.99,22.49,12,269.88,9.00,2.37
INV-65784900021,2023-12-29T00:00:00.000,4202,FAREWAY STORES #829 / SIOUX CITY,4267 SERGEANT ROAD,SIOUX CITY,51106,POINT (-96.353956981 42.450483992),,WOODBURY,1031200,AMERICAN FLAVORED VODKA,772,INTERCONTINENTAL PACKAGING COMPANY/PRESTIGE BEVERAGE GROUP,75264,KINKY FRUIT PUNCH,6,750,10.00,15.00,6,90.00,4.50,1.18
INV-65784900022,2023-12-29T00:00:00.000,4202,FAREWAY STORES #829 / SIOUX CITY,4267 SERGEANT ROAD,SIOUX CITY,51106,POINT (-96.353956981 42.450483992),,WOODBURY,1031200,AMERICAN FLAVORED VODKA,260,DIAGEO AMERICAS,77683,SMIRNOFF KISSED CARAMEL,12,750,8.25,12.38,12,148.56,9.00,2.37
INV-65784900023,2023-12-29T00:00:00.000,4202,FAREWAY STORES #829 / SIOUX CITY,4267 SERGEANT ROAD,SIOUX CITY,51106,POINT (-96.353956981 42.450483992),,WOODBURY,1011400,TENNESSEE WHISKIES,346,OLE SMOKY DISTILLERY LLC,80382,OLE SMOKY COOKIES AND CREAM,6,750,11.00,16.50,6,99.00,4.50,1.18
INV-65784900024,2023-12-29T00:00:00.000,4202,FAREWAY STORES #829 / SIOUX CITY,4267 SERGEANT ROAD,SIOUX CITY,51106,POINT (-96.353956981 42.450483992),,WOODBURY,1081200,CREAM LIQUEURS,421,SAZERAC COMPANY  INC,80456,RYANS CREAM LIQUEUR,12,750,6.70,10.05,12,120.60,9.00,2.37
INV-65784900025,2023-12-29T00:00:00.000,4202,FAREWAY STORES #829 / SIOUX CITY,4267 SERGEANT ROAD,SIOUX CITY,51106,POINT (-96.353956981 42.450483992),,WOODBURY,1081400,AMERICAN SCHNAPPS,065,JIM BEAM BRANDS,82840,DEKUYPER LUSCIOUS PEACHTREE PET,12,750,6.75,10.13,12,121.56,9.00,2.37
INV-65784900026,2023-12-29T00:00:00.000,4202,FAREWAY STORES #829 / SIOUX CITY,4267 SERGEANT ROAD,SIOUX CITY,51106,POINT (-96.353956981 42.450483992),,WOODBURY,1081300,AMERICAN CORDIALS & LIQUEURS,065,JIM BEAM BRANDS,85526,DEKUYPER BLUE CURACAO,12,750,5.25,7.88,12,94.56,9.00,2.37
INV-65784900027,2023-12-29T00:00:00.000,4202,FAREWAY STORES #829 / SIOUX CITY,4267 SERGEANT ROAD,SIOUX CITY,51106,POINT (-96.353956981 42.450483992),,WOODBURY,1081600,WHISKEY LIQUEUR,620,MPL BRANDS NV INC/ PATCO BRANDS,85980,DOUGH BALL COOKIE DOUGH WHISKEY,6,750,17.54,26.31,1,26.31,0.75,0.19
INV-65784900028,2023-12-29T00:00:00.000,4202,FAREWAY STORES #829 / SIOUX CITY,4267 SERGEANT ROAD,SIOUX CITY,51106,POINT (-96.353956981 42.450483992),,WOODBURY,1091100,AMERICAN DISTILLED SPIRITS SPECIALTY,370,PERNOD RICARD USA,86439,SKREWBALL PEANUT BUTTER WHISKEY,12,750,14.99,22.49,12,269.88,9.00,2.37
INV-65784900029,2023-12-29T00:00:00.000,4202,FAREWAY STORES #829 / SIOUX CITY,4267 SERGEANT ROAD,SIOUX CITY,51106,POINT (-96.353956981 42.450483992),,WOODBURY,1081600,WHISKEY LIQUEUR,421,SAZERAC COMPANY  INC,86888,SOUTHERN COMFORT PET,6,1750,20.26,30.39,6,182.34,10.50,2.77
INV-65785000001,2023-12-29T00:00:00.000,4200,FAREWAY STORES #019 / SIOUX CITY,4016 INDIAN HILLS DR,SIOUX CITY,51108,POINT (-96.372371016 42.538918016),,WOODBURY,1012200,SCOTCH WHISKIES,065,JIM BEAM BRANDS,905433,HA LAPHROAIG QUARTER CASK,6,750,31.49,47.24,1,47.24,0.75,0.19
INV-65785100001,2023-12-29T00:00:00.000,4200,FAREWAY STORES #019 / SIOUX CITY,4016 INDIAN HILLS DR,SIOUX CITY,51108,POINT (-96.372371016 42.538918016),,WOODBURY,1012200,SCOTCH WHISKIES,421,SAZERAC COMPANY  INC,10008,SCORESBY RARE SCOTCH,6,1750,11.00,16.50,6,99.00,10.50,2.77
INV-65785100002,2023-12-29T00:00:00.000,4200,FAREWAY STORES #019 / SIOUX CITY,4016 INDIAN HILLS DR,SIOUX CITY,51108,POINT (-96.372371016 42.538918016),,WOODBURY,1012100,CANADIAN WHISKIES,259,HEAVEN HILL BRANDS,10548,BLACK VELVET TOASTED CARAMEL,6,1750,11.00,16.50,6,99.00,10.50,2.77
INV-65785100003,2023-12-29T00:00:00.000,4200,FAREWAY STORES #019 / SIOUX CITY,4016 INDIAN HILLS DR,SIOUX CITY,51108,POINT (-96.372371016 42.538918016),,WOODBURY,1012100,CANADIAN WHISKIES,065,JIM BEAM BRANDS,10628,CANADIAN CLUB WHISKY,6,1750,14.50,21.75,6,130.50,10.50,2.77
INV-65785100004,2023-12-29T00:00:00.000,4200,FAREWAY STORES #019 / SIOUX CITY,4016 INDIAN HILLS DR,SIOUX CITY,51108,POINT (-96.372371016 42.538918016),,WOODBURY,1012100,CANADIAN WHISKIES,260,DIAGEO AMERICAS,10802,CROWN ROYAL PEACH,12,750,17.49,26.24,12,314.88,9.00,2.37
INV-65785100005,2023-12-29T00:00:00.000,4200,FAREWAY STORES #019 / SIOUX CITY,4016 INDIAN HILLS DR,SIOUX CITY,51108,POINT (-96.372371016 42.538918016),,WOODBURY,1012100,CANADIAN WHISKIES,260,DIAGEO AMERICAS,10807,CROWN ROYAL REGAL APPLE,12,750,17.49,26.24,12,314.88,9.00,2.37
INV-65785100006,2023-12-29T00:00:00.000,4200,FAREWAY STORES #019 / SIOUX CITY,4016 INDIAN HILLS DR,SIOUX CITY,51108,POINT (-96.372371016 42.538918016),,WOODBURY,1012100,CANADIAN WHISKIES,260,DIAGEO AMERICAS,11296,CROWN ROYAL,12,750,17.49,26.24,12,314.88,9.00,2.37
INV-65785100007,2023-12-29T00:00:00.000,4200,FAREWAY STORES #019 / SIOUX CITY,4016 INDIAN HILLS DR,SIOUX CITY,51108,POINT (-96.372371016 42.538918016),,WOODBURY,1012100,CANADIAN WHISKIES,259,HEAVEN HILL BRANDS,11786,BLACK VELVET PET,12,750,5.50,8.25,12,99.00,9.00,2.37
INV-65785100008,2023-12-29T00:00:00.000,4200,FAREWAY STORES #019 / SIOUX CITY,4016 INDIAN HILLS DR,SIOUX CITY,51108,POINT (-96.372371016 42.538918016),,WOODBURY,1701100,TEMPORARY & SPECIALTY PACKAGES,421,SAZERAC COMPANY  INC,17020,BOWMAN BROTHERS BOURBON,6,750,20.00,30.00,3,90.00,2.25,0.59
INV-65785100009,2023-12-29T00:00:00.000,4200,FAREWAY STORES #019 / SIOUX CITY,4016 INDIAN HILLS DR,SIOUX CITY,51108,POINT (-96.372371016 42.538918016),,WOODBURY,1011200,STRAIGHT BOURBON WHISKIES,065,JIM BEAM BRANDS,19068,JIM BEAM,6,1750,21.50,32.25,6,193.50,10.50,2.77
INV-65785100010,2023-12-29T00:00:00.000,4200,FAREWAY STORES #019 / SIOUX CITY,4016 INDIAN HILLS DR,SIOUX CITY,51108,POINT (-96.372371016 42.538918016),,WOODBURY,1011200,STRAIGHT BOURBON WHISKIES,065,JIM BEAM BRANDS,20248,OLD CROW,6,1750,10.50,15.75,6,94.50,10.50,2.77
INV-65785100011,2023-12-29T00:00:00.000,4200,FAREWAY STORES #019 / SIOUX CITY,4016 INDIAN HILLS DR,SIOUX CITY,51108,POINT (-96.372371016 42.538918016),,WOODBURY,1011600,STRAIGHT RYE WHISKIES,255,INFINIUM SPIRITS,27102,TEMPLETON RYE 4YR,6,750,15.40,23.10,6,162.84,4.50,1.18
INV-65785100012,2023-12-29T00:00:00.000,4200,FAREWAY STORES #019 / SIOUX CITY,4016 INDIAN HILLS DR,SIOUX CITY,51108,POINT (-96.372371016 42.538918016),,WOODBURY,1031100,AMERICAN VODKAS,065,JIM BEAM BRANDS,34578,PINNACLE,6,1750,10.00,15.00,6,90.00,10.50,2.77
INV-65785100013,2023-12-29T00:00:00.000,4200,FAREWAY STORES #019 / SIOUX CITY,4016 INDIAN HILLS DR,SIOUX CITY,51108,POINT (-96.372371016 42.538918016),,WOODBURY,1062200,WHITE RUM,035,BACARDI USA INC,43128,BACARDI SUPERIOR,6,1750,15.50,23.25,6,139.50,10.50,2.77
INV-65785100014,2023-12-29T00:00:00.000,4200,FAREWAY STORES #019 / SIOUX CITY,4016 INDIAN HILLS DR,SIOUX CITY,51108,POINT (-96.372371016 42.538918016),,WOODBURY,1062500,FLAVORED RUM,035,BACARDI USA INC,43138,BACARDI LIMON,6,1750,15.50,23.25,6,139.50,10.50,2.77
INV-65785100015,2023-12-29T00:00:00.000,4200,FAREWAY STORES #019 / SIOUX CITY,4016 INDIAN HILLS DR,SIOUX CITY,51108,POINT (-96.372371016 42.538918016),,WOODBURY,1062400,SPICED RUM,260,DIAGEO AMERICAS,43285,CAPTAIN MORGAN ORIGINAL SPICED PET,12,750,9.49,14.24,36,512.64,27.00,7.13
INV-65785100016,2023-12-29T00:00:00.000,4200,FAREWAY STORES #019 / SIOUX CITY,4016 INDIAN HILLS DR,SIOUX CITY,51108,POINT (-96.372371016 42.538918016),,WOODBURY,1071000,COCKTAILS/RTD,421,SAZERAC COMPANY  INC,57129,CHI-CHI'S MEXICAN MUDSLIDE,6,1750,6.50,9.75,6,58.50,10.50,2.77
INV-65785100017,2023-12-29T00:00:00.000,4200,FAREWAY STORES #019 / SIOUX CITY,4016 INDIAN HILLS DR,SIOUX CITY,51108,POINT (-96.372371016 42.538918016),,WOODBURY,1071000,COCKTAILS/RTD,395,PROXIMO,58838,JOSE CUERVO AUTHENTIC LIME MARGARITA,6,1750,8.74,13.11,6,78.66,10.50,2.77
INV-65785100018,2023-12-29T00:00:00.000,4200,FAREWAY STORES #019 / SIOUX CITY,4016 INDIAN HILLS DR,SIOUX CITY,51108,POINT (-96.372371016 42.538918016),,WOODBURY,1071000,COCKTAILS/RTD,421,SAZERAC COMPANY  INC,63231,HEUBLEIN OLD FASHIONED,12,375,6.50,9.75,12,117.00,4.50,1.18
INV-65785100019,2023-12-29T00:00:00.000,4200,FAREWAY STORES #019 / SIOUX CITY,4016 INDIAN HILLS DR,SIOUX CITY,51108,POINT (-96.372371016 42.538918016),,WOODBURY,1071000,COCKTAILS/RTD,421,SAZERAC COMPANY  INC,63233,HEUBLEIN MYERS MAI TAI,12,375,6.50,9.75,12,117.00,4.50,1.18
INV-65785100020,2023-12-29T00:00:00.000,4200,FAREWAY STORES #019 / SIOUX CITY,4016 INDIAN HILLS DR,SIOUX CITY,51108,POINT (-96.372371016 42.538918016),,WOODBURY,1081600,WHISKEY LIQUEUR,421,SAZERAC COMPANY  INC,64858,FIREBALL CINNAMON WHISKEY MINI DISPENSER,1,50,25.80,38.70,1,38.70,0.05,0.01
INV-65785100021,2023-12-29T00:00:00.000,4200,FAREWAY STORES #019 / SIOUX CITY,4016 INDIAN HILLS DR,SIOUX CITY,51108,POINT (-96.372371016 42.538918016),,WOODBURY,1081600,WHISKEY LIQUEUR,421,SAZERAC COMPANY  INC,64868,FIREBALL CINNAMON WHISKEY,6,1750,16.00,24.00,3,72.00,5.25,1.38
INV-65785100022,2023-12-29T00:00:00.000,4200,FAREWAY STORES #019 / SIOUX CITY,4016 INDIAN HILLS DR,SIOUX CITY,51108,POINT (-96.372371016 42.538918016),,WOODBURY,1082200,IMPORTED SCHNAPPS,421,SAZERAC COMPANY  INC,69636,DR MCGILLICUDDYS CHERRY,12,750,8.89,13.34,12,155.88,9.00,2.37
INV-65785100023,2023-12-29T00:00:00.000,4200,FAREWAY STORES #019 / SIOUX CITY,4016 INDIAN HILLS DR,SIOUX CITY,51108,POINT (-96.372371016 42.538918016),,WOODBURY,1011400,TENNESSEE WHISKIES,346,OLE SMOKY DISTILLERY LLC,80384,OLE SMOKY TENNESSEE MUD WHISKEY,6,750,11.00,16.50,6,99.00,4.50,1.18
INV-65785100024,2023-12-29T00:00:00.000,4200,FAREWAY STORES #019 / SIOUX CITY,4016 INDIAN HILLS DR,SIOUX CITY,51108,POINT (-96.372371016 42.538918016),,WOODBURY,1081600,WHISKEY LIQUEUR,620,MPL BRANDS NV INC/ PATCO BRANDS,85980,DOUGH BALL COOKIE DOUGH WHISKEY,6,750,17.54,26.31,6,157.86,4.50,1.18
INV-65785100025,2023-12-29T00:00:00.000,4200,FAREWAY STORES #019 / SIOUX CITY,4016 INDIAN HILLS DR,SIOUX CITY,51108,POINT (-96.372371016 42.538918016),,WOODBURY,1091100,AMERICAN DISTILLED SPIRITS SPECIALTY,370,PERNOD RICARD USA,86439,SKREWBALL PEANUT BUTTER WHISKEY,12,750,14.99,22.49,12,269.88,9.00,2.37
INV-65785200001,2023-12-29T00:00:00.000,3757,WAL-MART 3590 / SIOUX CITY,3101 FLOYD BLVD,SIOUX CITY,51108,POINT (-96.374767989 42.531823992),,WOODBURY,1012200,SCOTCH WHISKIES,421,SAZERAC COMPANY  INC,10008,SCORESBY RARE SCOTCH,6,1750,11.00,16.50,6,99.00,10.50,2.77
INV-65785200002,2023-12-29T00:00:00.000,3757,WAL-MART 3590 / SIOUX CITY,3101 FLOYD BLVD,SIOUX CITY,51108,POINT (-96.374767989 42.531823992),,WOODBURY,1012100,CANADIAN WHISKIES,065,JIM BEAM BRANDS,10628,CANADIAN CLUB WHISKY,6,1750,14.50,21.75,6,130.50,10.50,2.77
INV-65785200003,2023-12-29T00:00:00.000,3757,WAL-MART 3590 / SIOUX CITY,3101 FLOYD BLVD,SIOUX CITY,51108,POINT (-96.374767989 42.531823992),,WOODBURY,1012100,CANADIAN WHISKIES,260,DIAGEO AMERICAS,10808,CROWN ROYAL REGAL APPLE,12,1000,20.49,30.74,12,368.88,12.00,3.17
INV-65785200004,2023-12-29T00:00:00.000,3757,WAL-MART 3590 / SIOUX CITY,3101 FLOYD BLVD,SIOUX CITY,51108,POINT (-96.374767989 42.531823992),,WOODBURY,1012100,CANADIAN WHISKIES,259,HEAVEN HILL BRANDS,11788,BLACK VELVET,6,1750,11.00,16.50,18,297.00,31.50,8.32
INV-65785200005,2023-12-29T00:00:00.000,3757,WAL-MART 3590 / SIOUX CITY,3101 FLOYD BLVD,SIOUX CITY,51108,POINT (-96.374767989 42.531823992),,WOODBURY,1012100,CANADIAN WHISKIES,421,SAZERAC COMPANY  INC,12478,CANADIAN MIST WHISKY PET,6,1750,11.50,17.25,6,103.50,10.50,2.77
INV-65785200006,2023-12-29T00:00:00.000,3757,WAL-MART 3590 / SIOUX CITY,3101 FLOYD BLVD,SIOUX CITY,51108,POINT (-96.374767989 42.531823992),,WOODBURY,1012100,CANADIAN WHISKIES,380,PHILLIPS BEVERAGE,14490,REVEL STOKE ROOT OF EVIL ROOT BEER,12,750,9.50,14.25,12,171.00,9.00,2.37
INV-65785200007,2023-12-29T00:00:00.000,3757,WAL-MART 3590 / SIOUX CITY,3101 FLOYD BLVD,SIOUX CITY,51108,POINT (-96.374767989 42.531823992),,WOODBURY,1012100,CANADIAN WHISKIES,772,INTERCONTINENTAL PACKAGING COMPANY/PRESTIGE BEVERAGE GROUP,15248,WINDSOR CANADIAN PET,6,1750,10.00,15.00,6,90.00,10.50,2.77
INV-65785200008,2023-12-29T00:00:00.000,3757,WAL-MART 3590 / SIOUX CITY,3101 FLOYD BLVD,SIOUX CITY,51108,POINT (-96.374767989 42.531823992),,WOODBURY,1011200,STRAIGHT BOURBON WHISKIES,035,BACARDI USA INC,16562,ANGELS ENVY BOURBON PORT FINISHED,6,750,25.99,38.99,6,233.94,4.50,1.18
INV-65785200009,2023-12-29T00:00:00.000,3757,WAL-MART 3590 / SIOUX CITY,3101 FLOYD BLVD,SIOUX CITY,51108,POINT (-96.374767989 42.531823992),,WOODBURY,1011200,STRAIGHT BOURBON WHISKIES,260,DIAGEO AMERICAS,17086,BULLEIT BOURBON,12,750,17.99,26.99,12,323.88,9.00,2.37
INV-65785200010,2023-12-29T00:00:00.000,3757,WAL-MART 3590 / SIOUX CITY,3101 FLOYD BLVD,SIOUX CITY,51108,POINT (-96.374767989 42.531823992),,WOODBURY,1062400,SPICED RUM,260,DIAGEO AMERICAS,1799,CAPTAIN MORGAN ORIGINAL SPICED BARREL,6,1750,18.99,28.49,12,341.88,21.00,5.54
INV-65785200012,2023-12-29T00:00:00.000,3757,WAL-MART 3590 / SIOUX CITY,3101 FLOYD BLVD,SIOUX CITY,51108,POINT (-96.374767989 42.531823992),,WOODBURY,1011200,STRAIGHT BOURBON WHISKIES,065,JIM BEAM BRANDS,19066,JIM BEAM,12,750,11.00,16.50,12,198.00,9.00,2.37
INV-65785200014,2023-12-29T00:00:00.000,3757,WAL-MART 3590 / SIOUX CITY,3101 FLOYD BLVD,SIOUX CITY,51108,POINT (-96.374767989 42.531823992),,WOODBURY,1011100,BLENDED WHISKIES,065,JIM BEAM BRANDS,22786,BEAMS 8 STAR BL WHISKEY,12,750,4.00,6.00,12,72.00,9.00,2.37
INV-65785200015,2023-12-29T00:00:00.000,3757,WAL-MART 3590 / SIOUX CITY,3101 FLOYD BLVD,SIOUX CITY,51108,POINT (-96.374767989 42.531823992),,WOODBURY,1011400,TENNESSEE WHISKIES,085,BROWN FORMAN CORP.,26826,JACK DANIELS OLD #7 BLACK LABEL,12,750,15.91,23.87,24,572.88,18.00,4.75
INV-65785200016,2023-12-29T00:00:00.000,3757,WAL-MART 3590 / SIOUX CITY,3101 FLOYD BLVD,SIOUX CITY,51108,POINT (-96.374767989 42.531823992),,WOODBURY,1042100,IMPORTED DRY GINS,260,DIAGEO AMERICAS,28866,TANQUERAY GIN,12,750,13.99,20.99,12,251.88,9.00,2.37
INV-65785200017,2023-12-29T00:00:00.000,3757,WAL-MART 3590 / SIOUX CITY,3101 FLOYD BLVD,SIOUX CITY,51108,POINT (-96.374767989 42.531823992),,WOODBURY,1041100,AMERICAN DRY GINS,370,PERNOD RICARD USA,32238,SEAGRAMS EXTRA DRY GIN,6,1750,14.99,22.49,6,134.94,10.50,2.77
INV-65785200018,2023-12-29T00:00:00.000,3757,WAL-MART 3590 / SIOUX CITY,3101 FLOYD BLVD,SIOUX CITY,51108,POINT (-96.374767989 42.531823992),,WOODBURY,1032100,IMPORTED VODKAS,260,DIAGEO AMERICAS,34456,KETEL ONE,12,750,11.33,17.00,12,204.00,9.00,2.37
INV-65785200019,2023-12-29T00:00:00.000,3757,WAL-MART 3590 / SIOUX CITY,3101 FLOYD BLVD,SIOUX CITY,51108,POINT (-96.374767989 42.531823992),,WOODBURY,1031100,AMERICAN VODKAS,065,JIM BEAM BRANDS,34578,PINNACLE,6,1750,10.00,15.00,12,180.00,21.00,5.54
INV-65785200020,2023-12-29T00:00:00.000,3757,WAL-MART 3590 / SIOUX CITY,3101 FLOYD BLVD,SIOUX CITY,51108,POINT (-96.374767989 42.531823992),,WOODBURY,1032200,IMPORTED FLAVORED VODKA,065,JIM BEAM BRANDS,35626,PINNACLE WHIPPED,12,750,6.50,9.75,12,117.00,9.00,2.37
INV-65785200021,2023-12-29T00:00:00.000,3757,WAL-MART 3590 / SIOUX CITY,3101 FLOYD BLVD,SIOUX CITY,51108,POINT (-96.374767989 42.531823992),,WOODBURY,1032200,IMPORTED FLAVORED VODKA,065,JIM BEAM BRANDS,35628,PINNACLE WHIPPED,6,1750,10.00,15.00,6,90.00,10.50,2.77
INV-65785200022,2023-12-29T00:00:00.000,3757,WAL-MART 3590 / SIOUX CITY,3101 FLOYD BLVD,SIOUX CITY,51108,POINT (-96.374767989 42.531823992),,WOODBURY,1031100,AMERICAN VODKAS,421,SAZERAC COMPANY  INC,36648,CALIBER VODKA,12,750,3.32,4.98,12,59.76,9.00,2.37
INV-65785200024,2023-12-29T00:00:00.000,3757,WAL-MART 3590 / SIOUX CITY,3101 FLOYD BLVD,SIOUX CITY,51108,POINT (-96.374767989 42.531823992),,WOODBURY,1031100,AMERICAN VODKAS,255,INFINIUM SPIRITS,37886,SEAGRAMS EXTRA SMOOTH VODKA,12,750,5.38,8.07,12,96.84,9.00,2.37
INV-65785200025,2023-12-29T00:00:00.000,3757,WAL-MART 3590 / SIOUX CITY,3101 FLOYD BLVD,SIOUX CITY,51108,POINT (-96.374767989 42.531823992),,WOODBURY,1031100,AMERICAN VODKAS,260,DIAGEO AMERICAS,38008,SMIRNOFF 80PRF PET,6,1750,14.75,22.13,6,132.78,10.50,2.77
INV-65785200026,2023-12-29T00:00:00.000,3757,WAL-MART 3590 / SIOUX CITY,3101 FLOYD BLVD,SIOUX CITY,51108,POINT (-96.374767989 42.531823992),,WOODBURY,1031100,AMERICAN VODKAS,421,SAZERAC COMPANY  INC,38088,PLATINUM 7X VODKA,6,1750,9.44,14.16,6,84.96,10.50,2.77
INV-65785200027,2023-12-29T00:00:00.000,3757,WAL-MART 3590 / SIOUX CITY,3101 FLOYD BLVD,SIOUX CITY,51108,POINT (-96.374767989 42.531823992),,WOODBURY,1031100,AMERICAN VODKAS,301,FIFTH GENERATION INC,38176,TITOS HANDMADE VODKA,12,750,10.00,15.00,24,360.00,18.00,4.75
INV-65785200028,2023-12-29T00:00:00.000,3757,WAL-MART 3590 / SIOUX CITY,3101 FLOYD BLVD,SIOUX CITY,51108,POINT (-96.374767989 42.531823992),,WOODBURY,1031100,AMERICAN VODKAS,301,FIFTH GENERATION INC,38178,TITOS HANDMADE VODKA,6,1750,19.00,28.50,12,342.00,21.00,5.54
INV-65785200029,2023-12-29T00:00:00.000,3757,WAL-MART 3590 / SIOUX CITY,3101 FLOYD BLVD,SIOUX CITY,51108,POINT (-96.374767989 42.531823992),,WOODBURY,1031200,AMERICAN FLAVORED VODKA,205,E & J GALLO WINERY,40193,NEW AMSTERDAM PINEAPPLE,12,750,8.00,12.00,12,144.00,9.00,2.37
INV-65785200030,2023-12-29T00:00:00.000,3757,WAL-MART 3590 / SIOUX CITY,3101 FLOYD BLVD,SIOUX CITY,51108,POINT (-96.374767989 42.531823992),,WOODBURY,1062500,FLAVORED RUM,370,PERNOD RICARD USA,42687,MALIBU BLACK,12,750,8.99,13.49,12,161.88,9.00,2.37
INV-65785200031,2023-12-29T00:00:00.000,3757,WAL-MART 3590 / SIOUX CITY,3101 FLOYD BLVD,SIOUX CITY,51108,POINT (-96.374767989 42.531823992),,WOODBURY,1062500,FLAVORED RUM,370,PERNOD RICARD USA,42716,MALIBU COCONUT,12,750,8.99,13.49,12,161.88,9.00,2.37
INV-65785200032,2023-12-29T00:00:00.000,3757,WAL-MART 3590 / SIOUX CITY,3101 FLOYD BLVD,SIOUX CITY,51108,POINT (-96.374767989 42.531823992),,WOODBURY,1062500,FLAVORED RUM,370,PERNOD RICARD USA,42717,MALIBU COCONUT,12,1000,11.99,17.99,12,215.88,12.00,3.17
INV-65785200033,2023-12-29T00:00:00.000,3757,WAL-MART 3590 / SIOUX CITY,3101 FLOYD BLVD,SIOUX CITY,51108,POINT (-96.374767989 42.531823992),,WOODBURY,1062400,SPICED RUM,259,HEAVEN HILL BRANDS,43028,ADMIRAL NELSON SPICED,6,1750,12.00,18.00,12,216.00,21.00,5.54
INV-65785200034,2023-12-29T00:00:00.000,3757,WAL-MART 3590 / SIOUX CITY,3101 FLOYD BLVD,SIOUX CITY,51108,POINT (-96.374767989 42.531823992),,WOODBURY,1062500,FLAVORED RUM,035,BACARDI USA INC,43136,BACARDI LIMON,12,750,8.76,13.14,12,157.68,9.00,2.37
INV-65785200035,2023-12-29T00:00:00.000,3757,WAL-MART 3590 / SIOUX CITY,3101 FLOYD BLVD,SIOUX CITY,51108,POINT (-96.374767989 42.531823992),,WOODBURY,1062400,SPICED RUM,035,BACARDI USA INC,43205,BACARDI SPICED RUM,12,750,8.00,12.00,12,144.00,9.00,2.37
INV-65785200036,2023-12-29T00:00:00.000,3757,WAL-MART 3590 / SIOUX CITY,3101 FLOYD BLVD,SIOUX CITY,51108,POINT (-96.374767989 42.531823992),,WOODBURY,1062100,GOLD RUM,434,LUXCO INC,45248,PARAMOUNT GOLD RUM,6,1750,8.00,12.00,6,72.00,10.50,2.77
INV-65785200037,2023-12-29T00:00:00.000,3757,WAL-MART 3590 / SIOUX CITY,3101 FLOYD BLVD,SIOUX CITY,51108,POINT (-96.374767989 42.531823992),,WOODBURY,1062200,WHITE RUM,434,LUXCO INC,45278,PARAMOUNT WHITE RUM,6,1750,8.00,12.00,6,72.00,10.50,2.77
INV-65785200038,2023-12-29T00:00:00.000,3757,WAL-MART 3590 / SIOUX CITY,3101 FLOYD BLVD,SIOUX CITY,51108,POINT (-96.374767989 42.531823992),,WOODBURY,1012200,SCOTCH WHISKIES,260,DIAGEO AMERICAS,4616,BUCHANAN SPECIAL RESERVE 18YR,6,750,39.99,59.99,6,359.94,4.50,1.18
INV-65785200039,2023-12-29T00:00:00.000,3757,WAL-MART 3590 / SIOUX CITY,3101 FLOYD BLVD,SIOUX CITY,51108,POINT (-96.374767989 42.531823992),,WOODBURY,1062400,SPICED RUM,395,PROXIMO,46506,KRAKEN BLACK SPICED RUM,6,1750,17.50,26.25,6,157.50,10.50,2.77
INV-65785200040,2023-12-29T00:00:00.000,3757,WAL-MART 3590 / SIOUX CITY,3101 FLOYD BLVD,SIOUX CITY,51108,POINT (-96.374767989 42.531823992),,WOODBURY,1052100,IMPORTED BRANDIES,420,MOET HENNESSY USA,48106,HENNESSY VS,12,750,19.99,29.99,12,359.88,9.00,2.37
INV-65785200041,2023-12-29T00:00:00.000,3757,WAL-MART 3590 / SIOUX CITY,3101 FLOYD BLVD,SIOUX CITY,51108,POINT (-96.374767989 42.531823992),,WOODBURY,1052100,IMPORTED BRANDIES,389,REMY COINTREAU USA INC,49086,REMY MARTIN 1738 ACCORD ROYAL,6,750,32.48,48.72,6,292.32,4.50,1.18
INV-65785200042,2023-12-29T00:00:00.000,3757,WAL-MART 3590 / SIOUX CITY,3101 FLOYD BLVD,SIOUX CITY,51108,POINT (-96.374767989 42.531823992),,WOODBURY,1051100,AMERICAN BRANDIES,421,SAZERAC COMPANY  INC,53216,PAUL MASSON GRANDE AMBER BRANDY VS,12,750,6.41,9.62,12,115.44,9.00,2.37
INV-65785200043,2023-12-29T00:00:00.000,3757,WAL-MART 3590 / SIOUX CITY,3101 FLOYD BLVD,SIOUX CITY,51108,POINT (-96.374767989 42.531823992),,WOODBURY,1012200,SCOTCH WHISKIES,260,DIAGEO AMERICAS,5329,JOHNNIE WALKER BLUE,6,750,130.00,195.00,6,1170.00,4.50,1.18
INV-65785200044,2023-12-29T00:00:00.000,3757,WAL-MART 3590 / SIOUX CITY,3101 FLOYD BLVD,SIOUX CITY,51108,POINT (-96.374767989 42.531823992),,WOODBURY,1071000,COCKTAILS/RTD,395,PROXIMO,58838,JOSE CUERVO AUTHENTIC LIME MARGARITA,6,1750,8.74,13.11,12,157.32,21.00,5.54
INV-65785200045,2023-12-29T00:00:00.000,3757,WAL-MART 3590 / SIOUX CITY,3101 FLOYD BLVD,SIOUX CITY,51108,POINT (-96.374767989 42.531823992),,WOODBURY,1071000,COCKTAILS/RTD,395,PROXIMO,58886,JOSE CUERVO AUTHENTIC LIGHT WHITE PEACH MARGARITA,6,1750,8.74,13.11,12,157.32,21.00,5.54
INV-65785200046,2023-12-29T00:00:00.000,3757,WAL-MART 3590 / SIOUX CITY,3101 FLOYD BLVD,SIOUX CITY,51108,POINT (-96.374767989 42.531823992),,WOODBURY,1071000,COCKTAILS/RTD,395,PROXIMO,59163,1800 ULTIMATE WATERMELON MARGARITA PET,6,1750,10.04,15.06,6,90.36,10.50,2.77
INV-65785200047,2023-12-29T00:00:00.000,3757,WAL-MART 3590 / SIOUX CITY,3101 FLOYD BLVD,SIOUX CITY,51108,POINT (-96.374767989 42.531823992),,WOODBURY,1071000,COCKTAILS/RTD,370,PERNOD RICARD USA,62061,KAHLUA FROZEN MUDSLIDE,6,1750,7.99,11.99,6,71.94,10.50,2.77
INV-65785200048,2023-12-29T00:00:00.000,3757,WAL-MART 3590 / SIOUX CITY,3101 FLOYD BLVD,SIOUX CITY,51108,POINT (-96.374767989 42.531823992),,WOODBURY,1071000,COCKTAILS/RTD,065,JIM BEAM BRANDS,63347,ON THE ROCKS COCKTAILS KNOB CREEK BOURBON OLD FASHIONED,12,375,6.50,9.75,12,117.00,4.50,1.18
INV-65785200049,2023-12-29T00:00:00.000,3757,WAL-MART 3590 / SIOUX CITY,3101 FLOYD BLVD,SIOUX CITY,51108,POINT (-96.374767989 42.531823992),,WOODBURY,1081600,WHISKEY LIQUEUR,421,SAZERAC COMPANY  INC,64904,FIREBALL CINNAMON WHISKEY PET,6,1750,16.00,24.00,12,288.00,21.00,5.54
INV-65785200050,2023-12-29T00:00:00.000,3757,WAL-MART 3590 / SIOUX CITY,3101 FLOYD BLVD,SIOUX CITY,51108,POINT (-96.374767989 42.531823992),,WOODBURY,1082100,IMPORTED CORDIALS & LIQUEURS,192,"MAST-JAGERMEISTER US, INC",65258,JAGERMEISTER LIQUEUR,6,1750,26.05,39.08,6,234.48,10.50,2.77
INV-65785200051,2023-12-29T00:00:00.000,3757,WAL-MART 3590 / SIOUX CITY,3101 FLOYD BLVD,SIOUX CITY,51108,POINT (-96.374767989 42.531823992),,WOODBURY,1012200,SCOTCH WHISKIES,260,DIAGEO AMERICAS,65533,BUCHANANS PINEAPPLE,12,750,20.99,31.49,12,377.88,9.00,2.37
INV-65785200052,2023-12-29T00:00:00.000,3757,WAL-MART 3590 / SIOUX CITY,3101 FLOYD BLVD,SIOUX CITY,51108,POINT (-96.374767989 42.531823992),,WOODBURY,1081100,COFFEE LIQUEURS,370,PERNOD RICARD USA,67526,KAHLUA COFFEE,12,750,14.99,22.49,12,269.88,9.00,2.37
INV-65785200054,2023-12-29T00:00:00.000,3757,WAL-MART 3590 / SIOUX CITY,3101 FLOYD BLVD,SIOUX CITY,51108,POINT (-96.374767989 42.531823992),,WOODBURY,1081200,CREAM LIQUEURS,260,DIAGEO AMERICAS,68049,BAILEYS VANILLA CINNAMON,12,750,16.49,24.74,12,296.88,9.00,2.37
INV-65785200055,2023-12-29T00:00:00.000,3757,WAL-MART 3590 / SIOUX CITY,3101 FLOYD BLVD,SIOUX CITY,51108,POINT (-96.374767989 42.531823992),,WOODBURY,1082200,IMPORTED SCHNAPPS,421,SAZERAC COMPANY  INC,69611,DR MCGILLICUDDYS APPLE PIE,12,750,8.89,13.34,12,155.88,9.00,2.37
INV-65785200056,2023-12-29T00:00:00.000,3757,WAL-MART 3590 / SIOUX CITY,3101 FLOYD BLVD,SIOUX CITY,51108,POINT (-96.374767989 42.531823992),,WOODBURY,1081400,AMERICAN SCHNAPPS,421,SAZERAC COMPANY  INC,69718,DR MCGILLICUDDYS PEPPERMINT,12,750,8.89,13.34,12,155.88,9.00,2.37
INV-65785200058,2023-12-29T00:00:00.000,3757,WAL-MART 3590 / SIOUX CITY,3101 FLOYD BLVD,SIOUX CITY,51108,POINT (-96.374767989 42.531823992),,WOODBURY,1081200,CREAM LIQUEURS,205,E & J GALLO WINERY,73054,RUMCHATA,6,1750,25.00,37.50,6,225.00,10.50,2.77
INV-65785200059,2023-12-29T00:00:00.000,3757,WAL-MART 3590 / SIOUX CITY,3101 FLOYD BLVD,SIOUX CITY,51108,POINT (-96.374767989 42.531823992),,WOODBURY,1032200,IMPORTED FLAVORED VODKA,260,DIAGEO AMERICAS,75183,KETEL ONE BOTANICAL PEACH & ORANGE BLOSSOM,12,750,11.33,17.00,12,204.00,9.00,2.37
INV-65785200060,2023-12-29T00:00:00.000,3757,WAL-MART 3590 / SIOUX CITY,3101 FLOYD BLVD,SIOUX CITY,51108,POINT (-96.374767989 42.531823992),,WOODBURY,1031200,AMERICAN FLAVORED VODKA,772,INTERCONTINENTAL PACKAGING COMPANY/PRESTIGE BEVERAGE GROUP,75210,KINKY PINK,6,750,10.00,15.00,6,90.00,4.50,1.18
INV-65785200061,2023-12-29T00:00:00.000,3757,WAL-MART 3590 / SIOUX CITY,3101 FLOYD BLVD,SIOUX CITY,51108,POINT (-96.374767989 42.531823992),,WOODBURY,1031200,AMERICAN FLAVORED VODKA,772,INTERCONTINENTAL PACKAGING COMPANY/PRESTIGE BEVERAGE GROUP,75264,KINKY FRUIT PUNCH,6,750,10.00,15.00,6,90.00,4.50,1.18
INV-65785200062,2023-12-29T00:00:00.000,3757,WAL-MART 3590 / SIOUX CITY,3101 FLOYD BLVD,SIOUX CITY,51108,POINT (-96.374767989 42.531823992),,WOODBURY,1092100,IMPORTED DISTILLED SPIRITS SPECIALTY,421,SAZERAC COMPANY  INC,77487,TORTILLA GOLD DSS,12,1000,4.90,7.35,12,88.20,12.00,3.17
INV-65785200063,2023-12-29T00:00:00.000,3757,WAL-MART 3590 / SIOUX CITY,3101 FLOYD BLVD,SIOUX CITY,51108,POINT (-96.374767989 42.531823992),,WOODBURY,1031200,AMERICAN FLAVORED VODKA,260,DIAGEO AMERICAS,77683,SMIRNOFF KISSED CARAMEL,12,750,8.25,12.38,12,148.56,9.00,2.37
INV-65785200064,2023-12-29T00:00:00.000,3757,WAL-MART 3590 / SIOUX CITY,3101 FLOYD BLVD,SIOUX CITY,51108,POINT (-96.374767989 42.531823992),,WOODBURY,1031200,AMERICAN FLAVORED VODKA,260,DIAGEO AMERICAS,77956,"SMIRNOFF RED, WHITE & BERRY",12,750,8.25,12.38,12,148.56,9.00,2.37
INV-65785200065,2023-12-29T00:00:00.000,3757,WAL-MART 3590 / SIOUX CITY,3101 FLOYD BLVD,SIOUX CITY,51108,POINT (-96.374767989 42.531823992),,WOODBURY,1081200,CREAM LIQUEURS,421,SAZERAC COMPANY  INC,80456,RYANS CREAM LIQUEUR,12,750,6.70,10.05,12,120.60,9.00,2.37
INV-65785200066,2023-12-29T00:00:00.000,3757,WAL-MART 3590 / SIOUX CITY,3101 FLOYD BLVD,SIOUX CITY,51108,POINT (-96.374767989 42.531823992),,WOODBURY,1011400,TENNESSEE WHISKIES,346,OLE SMOKY DISTILLERY LLC,87043,OLE SMOKY PEANUT BUTTER WHISKEY,6,750,11.00,16.50,6,99.00,4.50,1.18
INV-65785200067,2023-12-29T00:00:00.000,3757,WAL-MART 3590 / SIOUX CITY,3101 FLOYD BLVD,SIOUX CITY,51108,POINT (-96.374767989 42.531823992),,WOODBURY,1022200,100% AGAVE TEQUILA,421,SAZERAC COMPANY  INC,87380,CORAZON DE AGAVE BLANCO,6,750,11.75,17.63,6,105.78,4.50,1.18
INV-65785200068,2023-12-29T00:00:00.000,3757,WAL-MART 3590 / SIOUX CITY,3101 FLOYD BLVD,SIOUX CITY,51108,POINT (-96.374767989 42.531823992),,WOODBURY,1022100,MIXTO TEQUILA,395,PROXIMO,87408,JOSE CUERVO ESPECIAL SILVER,12,750,12.00,18.00,12,216.00,9.00,2.37
INV-65785200069,2023-12-29T00:00:00.000,3757,WAL-MART 3590 / SIOUX CITY,3101 FLOYD BLVD,SIOUX CITY,51108,POINT (-96.374767989 42.531823992),,WOODBURY,1022200,100% AGAVE TEQUILA,260,DIAGEO AMERICAS,87485,DON JULIO BLANCO,6,750,30.99,46.49,6,278.94,4.50,1.18
INV-65785200070,2023-12-29T00:00:00.000,3757,WAL-MART 3590 / SIOUX CITY,3101 FLOYD BLVD,SIOUX CITY,51108,POINT (-96.374767989 42.531823992),,WOODBURY,1022200,100% AGAVE TEQUILA,395,PROXIMO,87510,1800 SILVER,12,750,16.50,24.75,12,297.00,9.00,2.37
INV-65785200071,2023-12-29T00:00:00.000,3757,WAL-MART 3590 / SIOUX CITY,3101 FLOYD BLVD,SIOUX CITY,51108,POINT (-96.374767989 42.531823992),,WOODBURY,1022200,100% AGAVE TEQUILA,035,BACARDI USA INC,88294,PATRON SILVER,12,375,15.00,22.50,12,270.00,4.50,1.18
INV-65785200072,2023-12-29T00:00:00.000,3757,WAL-MART 3590 / SIOUX CITY,3101 FLOYD BLVD,SIOUX CITY,51108,POINT (-96.374767989 42.531823992),,WOODBURY,1022200,100% AGAVE TEQUILA,065,JIM BEAM BRANDS,88540,HORNITOS LIME SHOT,12,750,15.00,22.50,12,270.00,9.00,2.37
INV-65785200073,2023-12-29T00:00:00.000,3757,WAL-MART 3590 / SIOUX CITY,3101 FLOYD BLVD,SIOUX CITY,51108,POINT (-96.374767989 42.531823992),,WOODBURY,1022200,100% AGAVE TEQUILA,065,JIM BEAM BRANDS,88548,HORNITOS PLATA,12,750,15.00,22.50,12,270.00,9.00,2.37
INV-65785200074,2023-12-29T00:00:00.000,3757,WAL-MART 3590 / SIOUX CITY,3101 FLOYD BLVD,SIOUX CITY,51108,POINT (-96.374767989 42.531823992),,WOODBURY,1022200,100% AGAVE TEQUILA,472,"TEQUILAS PREMIUM, INC",88741,CLASE AZUL REPOSADO,6,750,96.67,145.01,1,145.01,0.75,0.19
INV-65785200076,2023-12-29T00:00:00.000,3757,WAL-MART 3590 / SIOUX CITY,3101 FLOYD BLVD,SIOUX CITY,51108,POINT (-96.374767989 42.531823992),,WOODBURY,1022100,MIXTO TEQUILA,395,PROXIMO,89198,JOSE CUERVO ESPECIAL REPOSADO,6,1750,23.00,34.50,6,207.00,10.50,2.77
INV-65785200077,2023-12-29T00:00:00.000,3757,WAL-MART 3590 / SIOUX CITY,3101 FLOYD BLVD,SIOUX CITY,51108,POINT (-96.374767989 42.531823992),,WOODBURY,1022200,100% AGAVE TEQUILA,421,SAZERAC COMPANY  INC,89235,CORAZON DE AGAVE REPOSADO,6,750,13.75,20.63,6,123.78,4.50,1.18
INV-65785200078,2023-12-29T00:00:00.000,3757,WAL-MART 3590 / SIOUX CITY,3101 FLOYD BLVD,SIOUX CITY,51108,POINT (-96.374767989 42.531823992),,WOODBURY,1022200,100% AGAVE TEQUILA,035,BACARDI USA INC,89626,PATRON REPOSADO,12,750,29.00,43.50,12,522.00,9.00,2.37
INV-65785200079,2023-12-29T00:00:00.000,3757,WAL-MART 3590 / SIOUX CITY,3101 FLOYD BLVD,SIOUX CITY,51108,POINT (-96.374767989 42.531823992),,WOODBURY,1022200,100% AGAVE TEQUILA,065,JIM BEAM BRANDS,89838,HORNITOS REPOSADO,6,1750,25.00,37.50,6,225.00,10.50,2.77
INV-65785300001,2023-12-29T00:00:00.000,4201,FAREWAY STORES #022 / SIOUX CITY,4040 WAR EAGLE DR,SIOUX CITY,51109,POINT (-96.462091997 42.494624016),,WOODBURY,1012200,SCOTCH WHISKIES,065,JIM BEAM BRANDS,905433,HA LAPHROAIG QUARTER CASK,6,750,31.49,47.24,1,47.24,0.75,0.19
INV-65785300002,2023-12-29T00:00:00.000,4201,FAREWAY STORES #022 / SIOUX CITY,4040 WAR EAGLE DR,SIOUX CITY,51109,POINT (-96.462091997 42.494624016),,WOODBURY,1012400,IRISH WHISKIES,370,PERNOD RICARD USA,915859,HA REDBREAST PX EDITION,6,750,74.96,112.44,1,112.44,0.75,0.19
INV-65785400001,2023-12-29T00:00:00.000,4201,FAREWAY STORES #022 / SIOUX CITY,4040 WAR EAGLE DR,SIOUX CITY,51109,POINT (-96.462091997 42.494624016),,WOODBURY,1012100,CANADIAN WHISKIES,421,SAZERAC COMPANY  INC,12888,RICH & RARE,6,1750,8.98,13.47,300,4041.00,525.00,138.69
INV-65785400002,2023-12-29T00:00:00.000,4201,FAREWAY STORES #022 / SIOUX CITY,4040 WAR EAGLE DR,SIOUX CITY,51109,POINT (-96.462091997 42.494624016),,WOODBURY,1031100,AMERICAN VODKAS,421,SAZERAC COMPANY  INC,36976,NIKOLAI VODKA,12,750,3.30,4.95,60,297.00,45.00,11.88
INV-65785400003,2023-12-29T00:00:00.000,4201,FAREWAY STORES #022 / SIOUX CITY,4040 WAR EAGLE DR,SIOUX CITY,51109,POINT (-96.462091997 42.494624016),,WOODBURY,1031100,AMERICAN VODKAS,421,SAZERAC COMPANY  INC,36978,NIKOLAI VODKA,6,1750,7.06,10.59,270,2859.30,472.50,124.82
INV-65785500001,2023-12-29T00:00:00.000,010272,UNIVERSITY LIQUORS / WEST DES MOINES,9250 UNIVERSITY AVE SUITE 114,WEST DES MOINES,50266,POINT (-93.834537013 41.599596013),,POLK,1012100,CANADIAN WHISKIES,421,SAZERAC COMPANY  INC,12404,CANADIAN LTD WHISKY,24,375,2.25,3.38,24,81.12,9.00,2.37
INV-65785500002,2023-12-29T00:00:00.000,010272,UNIVERSITY LIQUORS / WEST DES MOINES,9250 UNIVERSITY AVE SUITE 114,WEST DES MOINES,50266,POINT (-93.834537013 41.599596013),,POLK,1011100,BLENDED WHISKIES,421,SAZERAC COMPANY  INC,24999,TRAVELLER BLENDED NO 40,12,750,20.00,30.00,24,720.00,18.00,4.75
INV-65785500003,2023-12-29T00:00:00.000,010272,UNIVERSITY LIQUORS / WEST DES MOINES,9250 UNIVERSITY AVE SUITE 114,WEST DES MOINES,50266,POINT (-93.834537013 41.599596013),,POLK,1031100,AMERICAN VODKAS,300,MCCORMICK DISTILLING CO.,36904,MCCORMICK 80PRF VODKA PET,24,375,1.84,2.76,24,66.24,9.00,2.37
INV-65785500004,2023-12-29T00:00:00.000,010272,UNIVERSITY LIQUORS / WEST DES MOINES,9250 UNIVERSITY AVE SUITE 114,WEST DES MOINES,50266,POINT (-93.834537013 41.599596013),,POLK,1031100,AMERICAN VODKAS,301,FIFTH GENERATION INC,38177,TITOS HANDMADE VODKA,12,1000,13.17,19.76,12,237.12,12.00,3.17
INV-65785500005,2023-12-29T00:00:00.000,010272,UNIVERSITY LIQUORS / WEST DES MOINES,9250 UNIVERSITY AVE SUITE 114,WEST DES MOINES,50266,POINT (-93.834537013 41.599596013),,POLK,1081100,COFFEE LIQUEURS,370,PERNOD RICARD USA,67526,KAHLUA COFFEE,12,750,14.99,22.49,12,269.88,9.00,2.37
INV-65785500006,2023-12-29T00:00:00.000,010272,UNIVERSITY LIQUORS / WEST DES MOINES,9250 UNIVERSITY AVE SUITE 114,WEST DES MOINES,50266,POINT (-93.834537013 41.599596013),,POLK,1081200,CREAM LIQUEURS,260,DIAGEO AMERICAS,68036,BAILEYS ORIGINAL IRISH CREAM,12,750,16.49,24.74,12,296.88,9.00,2.37
INV-65785500007,2023-12-29T00:00:00.000,010272,UNIVERSITY LIQUORS / WEST DES MOINES,9250 UNIVERSITY AVE SUITE 114,WEST DES MOINES,50266,POINT (-93.834537013 41.599596013),,POLK,1022100,MIXTO TEQUILA,370,PERNOD RICARD USA,88189,OLMECA ALTOS PLATA,12,375,7.99,11.99,12,143.88,4.50,1.18
INV-65785600001,2023-12-29T00:00:00.000,3494,SAM'S CLUB 6514 / WATERLOO,210 EAST TOWER PARK DR,WATERLOO,50702,POINT (-92.352287039 42.454405004),,BLACK HAWK,1062400,SPICED RUM,421,SAZERAC COMPANY  INC,946574,MEMBERS MARK SPICED RUM,6,1750,7.92,11.88,288,3421.44,504.00,133.14
INV-65785700001,2023-12-29T00:00:00.000,3494,SAM'S CLUB 6514 / WATERLOO,210 EAST TOWER PARK DR,WATERLOO,50702,POINT (-92.352287039 42.454405004),,BLACK HAWK,1012100,CANADIAN WHISKIES,260,DIAGEO AMERICAS,10777,CROWN ROYAL PEACH,12,1000,20.49,30.74,12,368.88,12.00,3.17
INV-65785700002,2023-12-29T00:00:00.000,3494,SAM'S CLUB 6514 / WATERLOO,210 EAST TOWER PARK DR,WATERLOO,50702,POINT (-92.352287039 42.454405004),,BLACK HAWK,1012100,CANADIAN WHISKIES,260,DIAGEO AMERICAS,10808,CROWN ROYAL REGAL APPLE,12,1000,20.49,30.74,12,368.88,12.00,3.17
INV-65785700003,2023-12-29T00:00:00.000,3494,SAM'S CLUB 6514 / WATERLOO,210 EAST TOWER PARK DR,WATERLOO,50702,POINT (-92.352287039 42.454405004),,BLACK HAWK,1012100,CANADIAN WHISKIES,260,DIAGEO AMERICAS,11297,CROWN ROYAL,12,1000,20.49,30.74,24,737.76,24.00,6.34
INV-65785700004,2023-12-29T00:00:00.000,3494,SAM'S CLUB 6514 / WATERLOO,210 EAST TOWER PARK DR,WATERLOO,50702,POINT (-92.352287039 42.454405004),,BLACK HAWK,1012100,CANADIAN WHISKIES,259,HEAVEN HILL BRANDS,11777,BLACK VELVET,12,1000,7.00,10.50,24,252.00,24.00,6.34
INV-65785700005,2023-12-29T00:00:00.000,3494,SAM'S CLUB 6514 / WATERLOO,210 EAST TOWER PARK DR,WATERLOO,50702,POINT (-92.352287039 42.454405004),,BLACK HAWK,1012100,CANADIAN WHISKIES,772,INTERCONTINENTAL PACKAGING COMPANY/PRESTIGE BEVERAGE GROUP,15248,WINDSOR CANADIAN PET,6,1750,10.00,15.00,6,90.00,10.50,2.77
INV-65785700007,2023-12-29T00:00:00.000,3494,SAM'S CLUB 6514 / WATERLOO,210 EAST TOWER PARK DR,WATERLOO,50702,POINT (-92.352287039 42.454405004),,BLACK HAWK,1011200,STRAIGHT BOURBON WHISKIES,830,KIRIN BEER & SPIRITS OF AMERICA INC / FOUR ROSES DISTILLERY,18348,FOUR ROSES SMALL BATCH,6,750,18.50,27.75,6,166.50,4.50,1.18
INV-65785700008,2023-12-29T00:00:00.000,3494,SAM'S CLUB 6514 / WATERLOO,210 EAST TOWER PARK DR,WATERLOO,50702,POINT (-92.352287039 42.454405004),,BLACK HAWK,1011200,STRAIGHT BOURBON WHISKIES,065,JIM BEAM BRANDS,19067,JIM BEAM,12,1000,13.00,19.50,12,234.00,12.00,3.17
INV-65785700009,2023-12-29T00:00:00.000,3494,SAM'S CLUB 6514 / WATERLOO,210 EAST TOWER PARK DR,WATERLOO,50702,POINT (-92.352287039 42.454405004),,BLACK HAWK,1011200,STRAIGHT BOURBON WHISKIES,065,JIM BEAM BRANDS,19227,KNOB CREEK,6,1000,26.00,39.00,6,234.00,6.00,1.58
INV-65785700010,2023-12-29T00:00:00.000,3494,SAM'S CLUB 6514 / WATERLOO,210 EAST TOWER PARK DR,WATERLOO,50702,POINT (-92.352287039 42.454405004),,BLACK HAWK,1011200,STRAIGHT BOURBON WHISKIES,085,BROWN FORMAN CORP.,22215,WOODFORD RESERVE,12,750,23.50,35.25,12,423.00,9.00,2.37
INV-65785700011,2023-12-29T00:00:00.000,3494,SAM'S CLUB 6514 / WATERLOO,210 EAST TOWER PARK DR,WATERLOO,50702,POINT (-92.352287039 42.454405004),,BLACK HAWK,1011100,BLENDED WHISKIES,260,DIAGEO AMERICAS,25607,SEAGRAMS 7 CROWN,12,1000,8.49,12.74,12,152.88,12.00,3.17
INV-65785700012,2023-12-29T00:00:00.000,3494,SAM'S CLUB 6514 / WATERLOO,210 EAST TOWER PARK DR,WATERLOO,50702,POINT (-92.352287039 42.454405004),,BLACK HAWK,1011100,BLENDED WHISKIES,260,DIAGEO AMERICAS,25608,SEAGRAMS 7 CROWN,6,1750,13.99,20.99,12,251.88,21.00,5.54
INV-65785700013,2023-12-29T00:00:00.000,3494,SAM'S CLUB 6514 / WATERLOO,210 EAST TOWER PARK DR,WATERLOO,50702,POINT (-92.352287039 42.454405004),,BLACK HAWK,1042100,IMPORTED DRY GINS,240,WILLIAM GRANT & SONS INC,28627,HENDRICKS GIN,6,1000,21.67,32.51,6,195.06,6.00,1.58
INV-65785700014,2023-12-29T00:00:00.000,3494,SAM'S CLUB 6514 / WATERLOO,210 EAST TOWER PARK DR,WATERLOO,50702,POINT (-92.352287039 42.454405004),,BLACK HAWK,1032100,IMPORTED VODKAS,035,BACARDI USA INC,34422,GREY GOOSE,6,1000,19.00,28.50,6,171.00,6.00,1.58
INV-65785700015,2023-12-29T00:00:00.000,3494,SAM'S CLUB 6514 / WATERLOO,210 EAST TOWER PARK DR,WATERLOO,50702,POINT (-92.352287039 42.454405004),,BLACK HAWK,1032100,IMPORTED VODKAS,260,DIAGEO AMERICAS,34457,KETEL ONE,12,1000,15.16,22.74,12,272.88,12.00,3.17
INV-65785700016,2023-12-29T00:00:00.000,3494,SAM'S CLUB 6514 / WATERLOO,210 EAST TOWER PARK DR,WATERLOO,50702,POINT (-92.352287039 42.454405004),,BLACK HAWK,1031200,AMERICAN FLAVORED VODKA,380,PHILLIPS BEVERAGE,41694,UV BLUE RASPBERRY,12,1000,7.50,11.25,12,135.00,12.00,3.17
INV-65785700017,2023-12-29T00:00:00.000,3494,SAM'S CLUB 6514 / WATERLOO,210 EAST TOWER PARK DR,WATERLOO,50702,POINT (-92.352287039 42.454405004),,BLACK HAWK,1062200,WHITE RUM,035,BACARDI USA INC,43127,BACARDI SUPERIOR,12,1000,9.50,14.25,24,342.00,24.00,6.34
INV-65785700018,2023-12-29T00:00:00.000,3494,SAM'S CLUB 6514 / WATERLOO,210 EAST TOWER PARK DR,WATERLOO,50702,POINT (-92.352287039 42.454405004),,BLACK HAWK,1062500,FLAVORED RUM,035,BACARDI USA INC,43137,BACARDI LIMON,12,1000,9.50,14.25,24,342.00,24.00,6.34
INV-65785700019,2023-12-29T00:00:00.000,3494,SAM'S CLUB 6514 / WATERLOO,210 EAST TOWER PARK DR,WATERLOO,50702,POINT (-92.352287039 42.454405004),,BLACK HAWK,1062200,WHITE RUM,434,LUXCO INC,45277,PARAMOUNT WHITE RUM,12,1000,4.75,7.13,24,171.12,24.00,6.34
INV-65785700020,2023-12-29T00:00:00.000,3494,SAM'S CLUB 6514 / WATERLOO,210 EAST TOWER PARK DR,WATERLOO,50702,POINT (-92.352287039 42.454405004),,BLACK HAWK,1012200,SCOTCH WHISKIES,370,PERNOD RICARD USA,4717,CHIVAS REGAL 12YR,12,1000,28.98,43.47,12,521.64,12.00,3.17
INV-65785700021,2023-12-29T00:00:00.000,3494,SAM'S CLUB 6514 / WATERLOO,210 EAST TOWER PARK DR,WATERLOO,50702,POINT (-92.352287039 42.454405004),,BLACK HAWK,1082100,IMPORTED CORDIALS & LIQUEURS,035,BACARDI USA INC,47865,D'USSE VSOP,6,750,32.00,48.00,6,288.00,4.50,1.18
INV-65785700022,2023-12-29T00:00:00.000,3494,SAM'S CLUB 6514 / WATERLOO,210 EAST TOWER PARK DR,WATERLOO,50702,POINT (-92.352287039 42.454405004),,BLACK HAWK,1052100,IMPORTED BRANDIES,420,MOET HENNESSY USA,48107,HENNESSY VS,12,1000,27.49,41.24,36,1484.64,36.00,9.51
INV-65785700024,2023-12-29T00:00:00.000,3494,SAM'S CLUB 6514 / WATERLOO,210 EAST TOWER PARK DR,WATERLOO,50702,POINT (-92.352287039 42.454405004),,BLACK HAWK,1082100,IMPORTED CORDIALS & LIQUEURS,389,REMY COINTREAU USA INC,64776,COINTREAU LIQUEUR,12,750,22.98,34.47,12,413.64,9.00,2.37
INV-65785700025,2023-12-29T00:00:00.000,3494,SAM'S CLUB 6514 / WATERLOO,210 EAST TOWER PARK DR,WATERLOO,50702,POINT (-92.352287039 42.454405004),,BLACK HAWK,1082100,IMPORTED CORDIALS & LIQUEURS,619,CAMPARI AMERICA,65127,GRAND MARNIER CORDON ROUGE,6,1000,25.50,38.25,6,229.50,6.00,1.58
INV-65785700026,2023-12-29T00:00:00.000,3494,SAM'S CLUB 6514 / WATERLOO,210 EAST TOWER PARK DR,WATERLOO,50702,POINT (-92.352287039 42.454405004),,BLACK HAWK,1082100,IMPORTED CORDIALS & LIQUEURS,065,JIM BEAM BRANDS,67006,MIDORI MELON LIQUEUR,12,750,11.49,17.24,12,206.88,9.00,2.37
INV-65785700027,2023-12-29T00:00:00.000,3494,SAM'S CLUB 6514 / WATERLOO,210 EAST TOWER PARK DR,WATERLOO,50702,POINT (-92.352287039 42.454405004),,BLACK HAWK,1081300,AMERICAN CORDIALS & LIQUEURS,434,LUXCO INC,76487,PARAMOUNT AMARETTO,12,1000,4.30,6.45,24,154.80,24.00,6.34
INV-65785700028,2023-12-29T00:00:00.000,3494,SAM'S CLUB 6514 / WATERLOO,210 EAST TOWER PARK DR,WATERLOO,50702,POINT (-92.352287039 42.454405004),,BLACK HAWK,1081400,AMERICAN SCHNAPPS,065,JIM BEAM BRANDS,82787,DEKUYPER BUTTERSHOTS,12,1000,7.87,11.81,12,141.72,12.00,3.17
INV-65785700029,2023-12-29T00:00:00.000,3494,SAM'S CLUB 6514 / WATERLOO,210 EAST TOWER PARK DR,WATERLOO,50702,POINT (-92.352287039 42.454405004),,BLACK HAWK,1081400,AMERICAN SCHNAPPS,065,JIM BEAM BRANDS,82847,DEKUYPER LUSCIOUS PEACHTREE,12,1000,7.87,11.81,12,141.72,12.00,3.17
INV-65785700030,2023-12-29T00:00:00.000,3494,SAM'S CLUB 6514 / WATERLOO,210 EAST TOWER PARK DR,WATERLOO,50702,POINT (-92.352287039 42.454405004),,BLACK HAWK,1081400,AMERICAN SCHNAPPS,065,JIM BEAM BRANDS,82867,DEKUYPER WATERMELON PUCKER,12,1000,7.87,11.81,12,141.72,12.00,3.17
INV-65785700031,2023-12-29T00:00:00.000,3494,SAM'S CLUB 6514 / WATERLOO,210 EAST TOWER PARK DR,WATERLOO,50702,POINT (-92.352287039 42.454405004),,BLACK HAWK,1081500,TRIPLE SEC,065,JIM BEAM BRANDS,86112,DEKUYPER TRIPLE SEC,12,1000,2.33,3.50,24,84.00,24.00,6.34
INV-65785700032,2023-12-29T00:00:00.000,3494,SAM'S CLUB 6514 / WATERLOO,210 EAST TOWER PARK DR,WATERLOO,50702,POINT (-92.352287039 42.454405004),,BLACK HAWK,1022200,100% AGAVE TEQUILA,192,"MAST-JAGERMEISTER US, INC",88355,TEREMANA BLANCO TEQUILA,6,1000,18.46,27.69,12,332.28,12.00,3.17
INV-65785700033,2023-12-29T00:00:00.000,3494,SAM'S CLUB 6514 / WATERLOO,210 EAST TOWER PARK DR,WATERLOO,50702,POINT (-92.352287039 42.454405004),,BLACK HAWK,1022200,100% AGAVE TEQUILA,065,JIM BEAM BRANDS,88547,HORNITOS PLATA,12,1000,15.00,22.50,12,270.00,12.00,3.17
INV-65785700034,2023-12-29T00:00:00.000,3494,SAM'S CLUB 6514 / WATERLOO,210 EAST TOWER PARK DR,WATERLOO,50702,POINT (-92.352287039 42.454405004),,BLACK HAWK,1022200,100% AGAVE TEQUILA,472,"TEQUILAS PREMIUM, INC",88741,CLASE AZUL REPOSADO,6,750,96.67,145.01,1,145.01,0.75,0.19
INV-65785700035,2023-12-29T00:00:00.000,3494,SAM'S CLUB 6514 / WATERLOO,210 EAST TOWER PARK DR,WATERLOO,50702,POINT (-92.352287039 42.454405004),,BLACK HAWK,1022200,100% AGAVE TEQUILA,260,DIAGEO AMERICAS,89154,DON JULIO REPOSADO,6,750,33.49,50.24,12,602.88,9.00,2.37
INV-65785700037,2023-12-29T00:00:00.000,3494,SAM'S CLUB 6514 / WATERLOO,210 EAST TOWER PARK DR,WATERLOO,50702,POINT (-92.352287039 42.454405004),,BLACK HAWK,1022200,100% AGAVE TEQUILA,085,BROWN FORMAN CORP.,89268,EL JIMADOR REPOSADO,6,1750,24.00,36.00,6,216.00,10.50,2.77
INV-65785700038,2023-12-29T00:00:00.000,3494,SAM'S CLUB 6514 / WATERLOO,210 EAST TOWER PARK DR,WATERLOO,50702,POINT (-92.352287039 42.454405004),,BLACK HAWK,1022200,100% AGAVE TEQUILA,065,JIM BEAM BRANDS,89837,HORNITOS GOLD,12,1000,16.00,24.00,36,864.00,36.00,9.51
INV-65785800002,2023-12-29T00:00:00.000,3494,SAM'S CLUB 6514 / WATERLOO,210 EAST TOWER PARK DR,WATERLOO,50702,POINT (-92.352287039 42.454405004),,BLACK HAWK,1082100,IMPORTED CORDIALS & LIQUEURS,260,DIAGEO AMERICAS,67900,BAILEYS CHOCOLATE,12,750,16.49,24.74,48,1187.52,36.00,9.51
INV-65785900001,2023-12-29T00:00:00.000,3663,WAL-MART 1496 / WATERLOO,1334 FLAMMANG DR,WATERLOO,50702,POINT (-92.330571959 42.458433012),,BLACK HAWK,1012100,CANADIAN WHISKIES,260,DIAGEO AMERICAS,10808,CROWN ROYAL REGAL APPLE,12,1000,20.49,30.74,12,368.88,12.00,3.17
INV-65785900002,2023-12-29T00:00:00.000,3663,WAL-MART 1496 / WATERLOO,1334 FLAMMANG DR,WATERLOO,50702,POINT (-92.330571959 42.458433012),,BLACK HAWK,1012100,CANADIAN WHISKIES,259,HEAVEN HILL BRANDS,11788,BLACK VELVET,6,1750,11.00,16.50,12,198.00,21.00,5.54
INV-65785900003,2023-12-29T00:00:00.000,3663,WAL-MART 1496 / WATERLOO,1334 FLAMMANG DR,WATERLOO,50702,POINT (-92.330571959 42.458433012),,BLACK HAWK,1012100,CANADIAN WHISKIES,380,PHILLIPS BEVERAGE,14536,REVEL STOKE SMOREGASM TOASTED SMORES WHISKY,12,750,9.50,14.25,12,171.00,9.00,2.37
INV-65785900004,2023-12-29T00:00:00.000,3663,WAL-MART 1496 / WATERLOO,1334 FLAMMANG DR,WATERLOO,50702,POINT (-92.330571959 42.458433012),,BLACK HAWK,1012100,CANADIAN WHISKIES,772,INTERCONTINENTAL PACKAGING COMPANY/PRESTIGE BEVERAGE GROUP,15248,WINDSOR CANADIAN PET,6,1750,10.00,15.00,6,90.00,10.50,2.77
INV-65785900005,2023-12-29T00:00:00.000,3663,WAL-MART 1496 / WATERLOO,1334 FLAMMANG DR,WATERLOO,50702,POINT (-92.330571959 42.458433012),,BLACK HAWK,1011200,STRAIGHT BOURBON WHISKIES,259,HEAVEN HILL BRANDS,17956,EVAN WILLIAMS BLACK,12,750,9.00,13.50,12,162.00,9.00,2.37
INV-65785900007,2023-12-29T00:00:00.000,3663,WAL-MART 1496 / WATERLOO,1334 FLAMMANG DR,WATERLOO,50702,POINT (-92.330571959 42.458433012),,BLACK HAWK,1011100,BLENDED WHISKIES,297,LAIRD & COMPANY,23828,FIVE STAR,6,1750,8.39,12.59,6,75.54,10.50,2.77
INV-65785900008,2023-12-29T00:00:00.000,3663,WAL-MART 1496 / WATERLOO,1334 FLAMMANG DR,WATERLOO,50702,POINT (-92.330571959 42.458433012),,BLACK HAWK,1011100,BLENDED WHISKIES,065,JIM BEAM BRANDS,24458,KESSLER BLEND WHISKEY,6,1750,11.00,16.50,6,99.00,10.50,2.77
INV-65785900009,2023-12-29T00:00:00.000,3663,WAL-MART 1496 / WATERLOO,1334 FLAMMANG DR,WATERLOO,50702,POINT (-92.330571959 42.458433012),,BLACK HAWK,1041100,AMERICAN DRY GINS,421,SAZERAC COMPANY  INC,29712,CALIBER GIN,6,1750,6.92,10.38,6,62.28,10.50,2.77
INV-65785900010,2023-12-29T00:00:00.000,3663,WAL-MART 1496 / WATERLOO,1334 FLAMMANG DR,WATERLOO,50702,POINT (-92.330571959 42.458433012),,BLACK HAWK,1041100,AMERICAN DRY GINS,434,LUXCO INC,31658,PARAMOUNT GIN,6,1750,7.75,11.63,6,69.78,10.50,2.77
INV-65785900011,2023-12-29T00:00:00.000,3663,WAL-MART 1496 / WATERLOO,1334 FLAMMANG DR,WATERLOO,50702,POINT (-92.330571959 42.458433012),,BLACK HAWK,1031200,AMERICAN FLAVORED VODKA,115,CONSTELLATION BRANDS INC,33658,SVEDKA MANGO PINEAPPLE,12,750,8.00,12.00,12,144.00,9.00,2.37
INV-65785900012,2023-12-29T00:00:00.000,3663,WAL-MART 1496 / WATERLOO,1334 FLAMMANG DR,WATERLOO,50702,POINT (-92.330571959 42.458433012),,BLACK HAWK,1032100,IMPORTED VODKAS,370,PERNOD RICARD USA,34006,ABSOLUT SWEDISH VODKA 80PRF,12,750,9.99,14.99,12,179.88,9.00,2.37
INV-65785900013,2023-12-29T00:00:00.000,3663,WAL-MART 1496 / WATERLOO,1334 FLAMMANG DR,WATERLOO,50702,POINT (-92.330571959 42.458433012),,BLACK HAWK,1032100,IMPORTED VODKAS,370,PERNOD RICARD USA,34007,ABSOLUT SWEDISH VODKA 80PRF,12,1000,14.99,22.49,12,269.88,12.00,3.17
INV-65785900014,2023-12-29T00:00:00.000,3663,WAL-MART 1496 / WATERLOO,1334 FLAMMANG DR,WATERLOO,50702,POINT (-92.330571959 42.458433012),,BLACK HAWK,1032100,IMPORTED VODKAS,370,PERNOD RICARD USA,34008,ABSOLUT SWEDISH VODKA 80PRF,6,1750,19.99,29.99,6,179.94,10.50,2.77
INV-65785900015,2023-12-29T00:00:00.000,3663,WAL-MART 1496 / WATERLOO,1334 FLAMMANG DR,WATERLOO,50702,POINT (-92.330571959 42.458433012),,BLACK HAWK,1031100,AMERICAN VODKAS,297,LAIRD & COMPANY,35916,FIVE O'CLOCK VODKA,12,750,3.79,5.69,12,68.28,9.00,2.37
INV-65785900016,2023-12-29T00:00:00.000,3663,WAL-MART 1496 / WATERLOO,1334 FLAMMANG DR,WATERLOO,50702,POINT (-92.330571959 42.458433012),,BLACK HAWK,1031100,AMERICAN VODKAS,434,LUXCO INC,36308,HAWKEYE VODKA,6,1750,7.50,11.25,6,67.50,10.50,2.77
INV-65785900017,2023-12-29T00:00:00.000,3663,WAL-MART 1496 / WATERLOO,1334 FLAMMANG DR,WATERLOO,50702,POINT (-92.330571959 42.458433012),,BLACK HAWK,1031100,AMERICAN VODKAS,421,SAZERAC COMPANY  INC,36648,CALIBER VODKA,12,750,3.32,4.98,12,59.76,9.00,2.37
INV-65785900018,2023-12-29T00:00:00.000,3663,WAL-MART 1496 / WATERLOO,1334 FLAMMANG DR,WATERLOO,50702,POINT (-92.330571959 42.458433012),,BLACK HAWK,1031100,AMERICAN VODKAS,421,SAZERAC COMPANY  INC,36650,CALIBER VODKA,6,1750,6.92,10.38,6,62.28,10.50,2.77
INV-65785900019,2023-12-29T00:00:00.000,3663,WAL-MART 1496 / WATERLOO,1334 FLAMMANG DR,WATERLOO,50702,POINT (-92.330571959 42.458433012),,BLACK HAWK,1031100,AMERICAN VODKAS,777,"BLUE OX SPIRITS, INC.",36875,BLUE OX VODKA,6,1750,7.63,11.45,6,68.70,10.50,2.77
INV-65785900020,2023-12-29T00:00:00.000,3663,WAL-MART 1496 / WATERLOO,1334 FLAMMANG DR,WATERLOO,50702,POINT (-92.330571959 42.458433012),,BLACK HAWK,1031100,AMERICAN VODKAS,205,E & J GALLO WINERY,36969,NEW AMSTERDAM 80PRF,12,750,8.00,12.00,12,144.00,9.00,2.37
INV-65785900022,2023-12-29T00:00:00.000,3663,WAL-MART 1496 / WATERLOO,1334 FLAMMANG DR,WATERLOO,50702,POINT (-92.330571959 42.458433012),,BLACK HAWK,1031100,AMERICAN VODKAS,421,SAZERAC COMPANY  INC,38088,PLATINUM 7X VODKA,6,1750,9.44,14.16,6,84.96,10.50,2.77
INV-65785900023,2023-12-29T00:00:00.000,3663,WAL-MART 1496 / WATERLOO,1334 FLAMMANG DR,WATERLOO,50702,POINT (-92.330571959 42.458433012),,BLACK HAWK,1031200,AMERICAN FLAVORED VODKA,205,E & J GALLO WINERY,39492,NEW AMSTERDAM PINK WHITNEY,12,750,8.00,12.00,12,144.00,9.00,2.37
INV-65785900024,2023-12-29T00:00:00.000,3663,WAL-MART 1496 / WATERLOO,1334 FLAMMANG DR,WATERLOO,50702,POINT (-92.330571959 42.458433012),,BLACK HAWK,1031200,AMERICAN FLAVORED VODKA,421,SAZERAC COMPANY  INC,39753,CALIBER CITRUS VODKA,6,1750,6.92,10.38,12,124.56,21.00,5.54
INV-65785900025,2023-12-29T00:00:00.000,3663,WAL-MART 1496 / WATERLOO,1334 FLAMMANG DR,WATERLOO,50702,POINT (-92.330571959 42.458433012),,BLACK HAWK,1031200,AMERICAN FLAVORED VODKA,380,PHILLIPS BEVERAGE,41693,UV BLUE RASPBERRY,12,750,7.50,11.25,12,135.00,9.00,2.37
INV-65785900026,2023-12-29T00:00:00.000,3663,WAL-MART 1496 / WATERLOO,1334 FLAMMANG DR,WATERLOO,50702,POINT (-92.330571959 42.458433012),,BLACK HAWK,1062500,FLAVORED RUM,370,PERNOD RICARD USA,42716,MALIBU COCONUT,12,750,8.99,13.49,12,161.88,9.00,2.37
INV-65785900027,2023-12-29T00:00:00.000,3663,WAL-MART 1496 / WATERLOO,1334 FLAMMANG DR,WATERLOO,50702,POINT (-92.330571959 42.458433012),,BLACK HAWK,1062500,FLAVORED RUM,370,PERNOD RICARD USA,42717,MALIBU COCONUT,12,1000,11.99,17.99,12,215.88,12.00,3.17
INV-65785900028,2023-12-29T00:00:00.000,3663,WAL-MART 1496 / WATERLOO,1334 FLAMMANG DR,WATERLOO,50702,POINT (-92.330571959 42.458433012),,BLACK HAWK,1062200,WHITE RUM,434,LUXCO INC,45278,PARAMOUNT WHITE RUM,6,1750,8.00,12.00,6,72.00,10.50,2.77
INV-65785900029,2023-12-29T00:00:00.000,3663,WAL-MART 1496 / WATERLOO,1334 FLAMMANG DR,WATERLOO,50702,POINT (-92.330571959 42.458433012),,BLACK HAWK,1062200,WHITE RUM,421,SAZERAC COMPANY  INC,46140,CALIBER SILVER RUM,12,750,4.18,6.27,12,75.24,9.00,2.37
INV-65785900030,2023-12-29T00:00:00.000,3663,WAL-MART 1496 / WATERLOO,1334 FLAMMANG DR,WATERLOO,50702,POINT (-92.330571959 42.458433012),,BLACK HAWK,1052100,IMPORTED BRANDIES,420,MOET HENNESSY USA,48106,HENNESSY VS,12,750,19.99,29.99,12,359.88,9.00,2.37
INV-65785900031,2023-12-29T00:00:00.000,3663,WAL-MART 1496 / WATERLOO,1334 FLAMMANG DR,WATERLOO,50702,POINT (-92.330571959 42.458433012),,BLACK HAWK,1051100,AMERICAN BRANDIES,205,E & J GALLO WINERY,52596,E & J VS,12,750,6.50,9.75,12,117.00,9.00,2.37
INV-65785900032,2023-12-29T00:00:00.000,3663,WAL-MART 1496 / WATERLOO,1334 FLAMMANG DR,WATERLOO,50702,POINT (-92.330571959 42.458433012),,BLACK HAWK,1051100,AMERICAN BRANDIES,205,E & J GALLO WINERY,52598,E & J VS,6,1750,14.00,21.00,6,126.00,10.50,2.77
INV-65785900033,2023-12-29T00:00:00.000,3663,WAL-MART 1496 / WATERLOO,1334 FLAMMANG DR,WATERLOO,50702,POINT (-92.330571959 42.458433012),,BLACK HAWK,1051100,AMERICAN BRANDIES,421,SAZERAC COMPANY  INC,53216,PAUL MASSON GRANDE AMBER BRANDY VS,12,750,6.41,9.62,12,115.44,9.00,2.37
INV-65785900034,2023-12-29T00:00:00.000,3663,WAL-MART 1496 / WATERLOO,1334 FLAMMANG DR,WATERLOO,50702,POINT (-92.330571959 42.458433012),,BLACK HAWK,1012200,SCOTCH WHISKIES,260,DIAGEO AMERICAS,5346,JOHNNIE WALKER RED,12,750,13.50,20.25,12,243.00,9.00,2.37
INV-65785900035,2023-12-29T00:00:00.000,3663,WAL-MART 1496 / WATERLOO,1334 FLAMMANG DR,WATERLOO,50702,POINT (-92.330571959 42.458433012),,BLACK HAWK,1051100,AMERICAN BRANDIES,259,HEAVEN HILL BRANDS,56006,CHRISTIAN BROS PEACH,12,750,6.50,9.75,12,108.00,9.00,2.37
INV-65785900036,2023-12-29T00:00:00.000,3663,WAL-MART 1496 / WATERLOO,1334 FLAMMANG DR,WATERLOO,50702,POINT (-92.330571959 42.458433012),,BLACK HAWK,1071000,COCKTAILS/RTD,260,DIAGEO AMERICAS,58801,CAPTAIN MORGAN LONG ISLAND ICED TEA,6,1750,11.00,16.50,6,99.00,10.50,2.77
INV-65785900037,2023-12-29T00:00:00.000,3663,WAL-MART 1496 / WATERLOO,1334 FLAMMANG DR,WATERLOO,50702,POINT (-92.330571959 42.458433012),,BLACK HAWK,1071000,COCKTAILS/RTD,395,PROXIMO,58838,JOSE CUERVO AUTHENTIC LIME MARGARITA,6,1750,8.74,13.11,6,78.66,10.50,2.77
INV-65785900038,2023-12-29T00:00:00.000,3663,WAL-MART 1496 / WATERLOO,1334 FLAMMANG DR,WATERLOO,50702,POINT (-92.330571959 42.458433012),,BLACK HAWK,1071000,COCKTAILS/RTD,395,PROXIMO,58868,JOSE CUERVO AUTHENTIC STRAWBERRY LIME MARGARITA,6,1750,8.74,13.11,6,78.66,10.50,2.77
INV-65785900039,2023-12-29T00:00:00.000,3663,WAL-MART 1496 / WATERLOO,1334 FLAMMANG DR,WATERLOO,50702,POINT (-92.330571959 42.458433012),,BLACK HAWK,1081600,WHISKEY LIQUEUR,421,SAZERAC COMPANY  INC,64865,FIREBALL CINNAMON WHISKEY PET,12,750,9.00,13.50,12,162.00,9.00,2.37
INV-65785900040,2023-12-29T00:00:00.000,3663,WAL-MART 1496 / WATERLOO,1334 FLAMMANG DR,WATERLOO,50702,POINT (-92.330571959 42.458433012),,BLACK HAWK,1082100,IMPORTED CORDIALS & LIQUEURS,192,"MAST-JAGERMEISTER US, INC",65256,JAGERMEISTER LIQUEUR,12,750,14.35,21.53,12,258.36,9.00,2.37
INV-65785900041,2023-12-29T00:00:00.000,3663,WAL-MART 1496 / WATERLOO,1334 FLAMMANG DR,WATERLOO,50702,POINT (-92.330571959 42.458433012),,BLACK HAWK,1082100,IMPORTED CORDIALS & LIQUEURS,192,"MAST-JAGERMEISTER US, INC",65258,JAGERMEISTER LIQUEUR,6,1750,26.05,39.08,6,234.48,10.50,2.77
INV-65785900043,2023-12-29T00:00:00.000,3663,WAL-MART 1496 / WATERLOO,1334 FLAMMANG DR,WATERLOO,50702,POINT (-92.330571959 42.458433012),,BLACK HAWK,1081300,AMERICAN CORDIALS & LIQUEURS,421,SAZERAC COMPANY  INC,73986,DI AMORE AMARETTO,12,750,6.25,9.38,12,112.56,9.00,2.37
INV-65785900044,2023-12-29T00:00:00.000,3663,WAL-MART 1496 / WATERLOO,1334 FLAMMANG DR,WATERLOO,50702,POINT (-92.330571959 42.458433012),,BLACK HAWK,1031200,AMERICAN FLAVORED VODKA,772,INTERCONTINENTAL PACKAGING COMPANY/PRESTIGE BEVERAGE GROUP,75198,KINKY BLUE,6,750,10.00,15.00,6,90.00,4.50,1.18
INV-65785900045,2023-12-29T00:00:00.000,3663,WAL-MART 1496 / WATERLOO,1334 FLAMMANG DR,WATERLOO,50702,POINT (-92.330571959 42.458433012),,BLACK HAWK,1031200,AMERICAN FLAVORED VODKA,260,DIAGEO AMERICAS,77683,SMIRNOFF KISSED CARAMEL,12,750,8.25,12.38,12,148.56,9.00,2.37
INV-65785900046,2023-12-29T00:00:00.000,3663,WAL-MART 1496 / WATERLOO,1334 FLAMMANG DR,WATERLOO,50702,POINT (-92.330571959 42.458433012),,BLACK HAWK,1031200,AMERICAN FLAVORED VODKA,260,DIAGEO AMERICAS,77740,SMIRNOFF RASPBERRY,12,750,8.25,12.38,12,148.56,9.00,2.37
INV-65785900047,2023-12-29T00:00:00.000,3663,WAL-MART 1496 / WATERLOO,1334 FLAMMANG DR,WATERLOO,50702,POINT (-92.330571959 42.458433012),,BLACK HAWK,1081200,CREAM LIQUEURS,421,SAZERAC COMPANY  INC,80456,RYANS CREAM LIQUEUR,12,750,6.70,10.05,12,120.60,9.00,2.37
INV-65785900048,2023-12-29T00:00:00.000,3663,WAL-MART 1496 / WATERLOO,1334 FLAMMANG DR,WATERLOO,50702,POINT (-92.330571959 42.458433012),,BLACK HAWK,1081500,TRIPLE SEC,421,SAZERAC COMPANY  INC,86487,MR BOSTON TRIPLE SEC,12,1000,2.13,3.20,12,38.40,12.00,3.17
INV-65785900049,2023-12-29T00:00:00.000,3663,WAL-MART 1496 / WATERLOO,1334 FLAMMANG DR,WATERLOO,50702,POINT (-92.330571959 42.458433012),,BLACK HAWK,1022200,100% AGAVE TEQUILA,421,SAZERAC COMPANY  INC,88036,MARGARITAVILLE SILVER TEQUILA,12,750,8.00,12.00,12,144.00,9.00,2.37
INV-65785900050,2023-12-29T00:00:00.000,3663,WAL-MART 1496 / WATERLOO,1334 FLAMMANG DR,WATERLOO,50702,POINT (-92.330571959 42.458433012),,BLACK HAWK,1022200,100% AGAVE TEQUILA,035,BACARDI USA INC,88296,PATRON SILVER,12,750,28.00,42.00,12,504.00,9.00,2.37
INV-65785900051,2023-12-29T00:00:00.000,3663,WAL-MART 1496 / WATERLOO,1334 FLAMMANG DR,WATERLOO,50702,POINT (-92.330571959 42.458433012),,BLACK HAWK,1022200,100% AGAVE TEQUILA,192,"MAST-JAGERMEISTER US, INC",88372,TEREMANA REPOSADO TEQUILA,6,750,17.40,26.10,6,156.60,4.50,1.18
INV-65785900052,2023-12-29T00:00:00.000,3663,WAL-MART 1496 / WATERLOO,1334 FLAMMANG DR,WATERLOO,50702,POINT (-92.330571959 42.458433012),,BLACK HAWK,1022100,MIXTO TEQUILA,395,PROXIMO,89196,JOSE CUERVO ESPECIAL REPOSADO,12,750,12.00,18.00,12,216.00,9.00,2.37
INV-65785900053,2023-12-29T00:00:00.000,3663,WAL-MART 1496 / WATERLOO,1334 FLAMMANG DR,WATERLOO,50702,POINT (-92.330571959 42.458433012),,BLACK HAWK,1022200,100% AGAVE TEQUILA,065,JIM BEAM BRANDS,89836,HORNITOS REPOSADO,12,750,16.00,24.00,12,288.00,9.00,2.37
INV-65786000001,2023-12-29T00:00:00.000,2538,HY-VEE FOOD STORE #3 (1866) / WATERLOO,1422 FLAMMANG DR,WATERLOO,50702,POINT (-92.327689003 42.45826902),,BLACK HAWK,1901000,SPECIAL ORDER ITEMS,478,SUTTER HOME WINERY INC / TRINCHERO FAMILY ESTATES,901230,TRES AGAVES REPOSADO,6,750,17.34,26.01,6,156.06,4.50,1.18
INV-65786100001,2023-12-29T00:00:00.000,2538,HY-VEE FOOD STORE #3 (1866) / WATERLOO,1422 FLAMMANG DR,WATERLOO,50702,POINT (-92.327689003 42.45826902),,BLACK HAWK,1012400,IRISH WHISKIES,370,PERNOD RICARD USA,915859,HA REDBREAST PX EDITION,6,750,74.96,112.44,1,112.44,0.75,0.19
INV-65786200001,2023-12-29T00:00:00.000,2538,HY-VEE FOOD STORE #3 (1866) / WATERLOO,1422 FLAMMANG DR,WATERLOO,50702,POINT (-92.327689003 42.45826902),,BLACK HAWK,1701100,TEMPORARY & SPECIALTY PACKAGES,192,"MAST-JAGERMEISTER US, INC",102013,JAGERMEISTER MINIMEISTER W/ICE BUCKET,6,20,11.27,16.91,6,82.98,0.12,0.03
INV-65786200002,2023-12-29T00:00:00.000,2538,HY-VEE FOOD STORE #3 (1866) / WATERLOO,1422 FLAMMANG DR,WATERLOO,50702,POINT (-92.327689003 42.45826902),,BLACK HAWK,1701100,TEMPORARY & SPECIALTY PACKAGES,192,"MAST-JAGERMEISTER US, INC",102015,JAGERMEISTER W/ALUMINUM SHOT CUP,6,750,14.35,21.53,6,129.18,4.50,1.18
INV-65786200003,2023-12-29T00:00:00.000,2538,HY-VEE FOOD STORE #3 (1866) / WATERLOO,1422 FLAMMANG DR,WATERLOO,50702,POINT (-92.327689003 42.45826902),,BLACK HAWK,1701100,TEMPORARY & SPECIALTY PACKAGES,421,SAZERAC COMPANY  INC,102057,FIREBALL FALL TAILGATE BAG,8,50,6.45,9.68,8,77.44,0.40,0.10
INV-65786200004,2023-12-29T00:00:00.000,2538,HY-VEE FOOD STORE #3 (1866) / WATERLOO,1422 FLAMMANG DR,WATERLOO,50702,POINT (-92.327689003 42.45826902),,BLACK HAWK,1701100,TEMPORARY & SPECIALTY PACKAGES,395,PROXIMO,102212,PROPER NO. TWELVE W/50ML APPLE,12,800,14.00,21.00,4,84.00,3.20,0.84
INV-65786200005,2023-12-29T00:00:00.000,2538,HY-VEE FOOD STORE #3 (1866) / WATERLOO,1422 FLAMMANG DR,WATERLOO,50702,POINT (-92.327689003 42.45826902),,BLACK HAWK,1701100,TEMPORARY & SPECIALTY PACKAGES,065,JIM BEAM BRANDS,16580,BAKERS 7YR,6,750,35.00,52.50,6,270.00,4.50,1.18
INV-65786200006,2023-12-29T00:00:00.000,2538,HY-VEE FOOD STORE #3 (1866) / WATERLOO,1422 FLAMMANG DR,WATERLOO,50702,POINT (-92.327689003 42.45826902),,BLACK HAWK,1062400,SPICED RUM,260,DIAGEO AMERICAS,1799,CAPTAIN MORGAN ORIGINAL SPICED BARREL,6,1750,18.99,28.49,30,854.70,52.50,13.86
INV-65786200007,2023-12-29T00:00:00.000,2538,HY-VEE FOOD STORE #3 (1866) / WATERLOO,1422 FLAMMANG DR,WATERLOO,50702,POINT (-92.327689003 42.45826902),,BLACK HAWK,1011200,STRAIGHT BOURBON WHISKIES,065,JIM BEAM BRANDS,27780,JIM BEAM APPLE MINI,12,50,7.00,10.50,1,10.50,0.05,0.01
INV-65786200008,2023-12-29T00:00:00.000,2538,HY-VEE FOOD STORE #3 (1866) / WATERLOO,1422 FLAMMANG DR,WATERLOO,50702,POINT (-92.327689003 42.45826902),,BLACK HAWK,1011200,STRAIGHT BOURBON WHISKIES,065,JIM BEAM BRANDS,28275,JIM BEAM PEACH MINI,12,50,7.00,10.50,1,10.50,0.05,0.01
INV-65786200009,2023-12-29T00:00:00.000,2538,HY-VEE FOOD STORE #3 (1866) / WATERLOO,1422 FLAMMANG DR,WATERLOO,50702,POINT (-92.327689003 42.45826902),,BLACK HAWK,1052100,IMPORTED BRANDIES,420,MOET HENNESSY USA,48101,HENNESSY VS MINI,10,50,31.80,47.70,1,47.70,0.05,0.01
INV-65786200010,2023-12-29T00:00:00.000,2538,HY-VEE FOOD STORE #3 (1866) / WATERLOO,1422 FLAMMANG DR,WATERLOO,50702,POINT (-92.327689003 42.45826902),,BLACK HAWK,1081600,WHISKEY LIQUEUR,421,SAZERAC COMPANY  INC,67266,YUKON JACK,12,750,9.25,13.88,240,3331.20,180.00,47.55
INV-65786200011,2023-12-29T00:00:00.000,2538,HY-VEE FOOD STORE #3 (1866) / WATERLOO,1422 FLAMMANG DR,WATERLOO,50702,POINT (-92.327689003 42.45826902),,BLACK HAWK,1081600,WHISKEY LIQUEUR,421,SAZERAC COMPANY  INC,67296,YUKON JACK PERMA FROST,12,750,9.25,13.88,240,3331.20,180.00,47.55
INV-65786200012,2023-12-29T00:00:00.000,2538,HY-VEE FOOD STORE #3 (1866) / WATERLOO,1422 FLAMMANG DR,WATERLOO,50702,POINT (-92.327689003 42.45826902),,BLACK HAWK,1081100,COFFEE LIQUEURS,370,PERNOD RICARD USA,67522,KAHLUA COFFEE MINI,12,50,6.60,9.90,1,9.90,0.05,0.01
INV-65786200013,2023-12-29T00:00:00.000,2538,HY-VEE FOOD STORE #3 (1866) / WATERLOO,1422 FLAMMANG DR,WATERLOO,50702,POINT (-92.327689003 42.45826902),,BLACK HAWK,1081200,CREAM LIQUEURS,260,DIAGEO AMERICAS,68031,BAILEYS ORIGINAL IRISH CREAM MINI,4,1000,29.80,44.70,1,44.70,1.00,0.26
INV-65786200014,2023-12-29T00:00:00.000,2538,HY-VEE FOOD STORE #3 (1866) / WATERLOO,1422 FLAMMANG DR,WATERLOO,50702,POINT (-92.327689003 42.45826902),,BLACK HAWK,1081200,CREAM LIQUEURS,260,DIAGEO AMERICAS,68039,BAILEYS ORIGINAL IRISH CREAM 100ML,4,2400,41.76,62.64,1,62.64,2.40,0.63
INV-65786200015,2023-12-29T00:00:00.000,2538,HY-VEE FOOD STORE #3 (1866) / WATERLOO,1422 FLAMMANG DR,WATERLOO,50702,POINT (-92.327689003 42.45826902),,BLACK HAWK,1082200,IMPORTED SCHNAPPS,260,DIAGEO AMERICAS,69940,RUMPLE MINZE PEPPERMINT SCHNAPPS LIQUEUR MINI,12,50,13.50,20.25,1,20.25,0.05,0.01
INV-65786200016,2023-12-29T00:00:00.000,2538,HY-VEE FOOD STORE #3 (1866) / WATERLOO,1422 FLAMMANG DR,WATERLOO,50702,POINT (-92.327689003 42.45826902),,BLACK HAWK,1081300,AMERICAN CORDIALS & LIQUEURS,421,SAZERAC COMPANY  INC,74486,PRALINE LIQUEUR,12,750,8.50,12.75,2,25.50,1.50,0.39
INV-65786200017,2023-12-29T00:00:00.000,2538,HY-VEE FOOD STORE #3 (1866) / WATERLOO,1422 FLAMMANG DR,WATERLOO,50702,POINT (-92.327689003 42.45826902),,BLACK HAWK,1081300,AMERICAN CORDIALS & LIQUEURS,772,INTERCONTINENTAL PACKAGING COMPANY/PRESTIGE BEVERAGE GROUP,75224,KINKY RED MINI,6,50,4.84,7.26,1,7.26,0.05,0.01
INV-65786200018,2023-12-29T00:00:00.000,2538,HY-VEE FOOD STORE #3 (1866) / WATERLOO,1422 FLAMMANG DR,WATERLOO,50702,POINT (-92.327689003 42.45826902),,BLACK HAWK,1091100,AMERICAN DISTILLED SPIRITS SPECIALTY,384,PIEDMONT DISTILLERS INC,76023,MIDNIGHT MOON PEACH MINI,4,50,17.16,25.74,1,25.74,0.05,0.01
INV-65786200019,2023-12-29T00:00:00.000,2538,HY-VEE FOOD STORE #3 (1866) / WATERLOO,1422 FLAMMANG DR,WATERLOO,50702,POINT (-92.327689003 42.45826902),,BLACK HAWK,1091300,NEUTRAL GRAIN SPIRITS FLAVORED,346,OLE SMOKY DISTILLERY LLC,76412,OLE SMOKY BUTTER PECAN MOONSHINE MINI,8,50,8.75,13.13,1,13.13,0.05,0.01
INV-65786200020,2023-12-29T00:00:00.000,2538,HY-VEE FOOD STORE #3 (1866) / WATERLOO,1422 FLAMMANG DR,WATERLOO,50702,POINT (-92.327689003 42.45826902),,BLACK HAWK,1011100,BLENDED WHISKIES,065,JIM BEAM BRANDS,78187,TWISTED TEA WHISKEY MINI,12,50,5.00,7.50,1,7.50,0.05,0.01
INV-65786200021,2023-12-29T00:00:00.000,2538,HY-VEE FOOD STORE #3 (1866) / WATERLOO,1422 FLAMMANG DR,WATERLOO,50702,POINT (-92.327689003 42.45826902),,BLACK HAWK,1011400,TENNESSEE WHISKIES,346,OLE SMOKY DISTILLERY LLC,86544,OLE SMOKY SALTY CARAMEL WHISKEY MINI,4,50,17.50,26.25,1,26.25,0.05,0.01
INV-65786200022,2023-12-29T00:00:00.000,2538,HY-VEE FOOD STORE #3 (1866) / WATERLOO,1422 FLAMMANG DR,WATERLOO,50702,POINT (-92.327689003 42.45826902),,BLACK HAWK,1022100,MIXTO TEQUILA,395,PROXIMO,89191,JOSE CUERVO ESPECIAL REPOSADO MINI,12,50,12.33,18.50,1,18.50,0.05,0.01
INV-65786200023,2023-12-29T00:00:00.000,2538,HY-VEE FOOD STORE #3 (1866) / WATERLOO,1422 FLAMMANG DR,WATERLOO,50702,POINT (-92.327689003 42.45826902),,BLACK HAWK,1901000,SPECIAL ORDER ITEMS,370,PERNOD RICARD USA,903800,SOOH RICARD ANISE LIQUEUR,12,750,16.49,24.74,1,24.74,0.75,0.19
INV-65786300001,2023-12-29T00:00:00.000,2538,HY-VEE FOOD STORE #3 (1866) / WATERLOO,1422 FLAMMANG DR,WATERLOO,50702,POINT (-92.327689003 42.45826902),,BLACK HAWK,1081600,WHISKEY LIQUEUR,421,SAZERAC COMPANY  INC,100423,FIREBALL CINNAMON WHISKEY 100ML CARRIER,8,100,6.00,9.00,8,72.00,0.80,0.21
INV-65786300003,2023-12-29T00:00:00.000,2538,HY-VEE FOOD STORE #3 (1866) / WATERLOO,1422 FLAMMANG DR,WATERLOO,50702,POINT (-92.327689003 42.45826902),,BLACK HAWK,1012100,CANADIAN WHISKIES,065,JIM BEAM BRANDS,10626,CANADIAN CLUB WHISKY,12,750,8.00,12.00,1,12.00,0.75,0.19
INV-65786300004,2023-12-29T00:00:00.000,2538,HY-VEE FOOD STORE #3 (1866) / WATERLOO,1422 FLAMMANG DR,WATERLOO,50702,POINT (-92.327689003 42.45826902),,BLACK HAWK,1012100,CANADIAN WHISKIES,260,DIAGEO AMERICAS,10776,CROWN ROYAL PEACH,24,375,8.49,12.74,2,25.48,0.75,0.19
INV-65786300005,2023-12-29T00:00:00.000,2538,HY-VEE FOOD STORE #3 (1866) / WATERLOO,1422 FLAMMANG DR,WATERLOO,50702,POINT (-92.327689003 42.45826902),,BLACK HAWK,1012100,CANADIAN WHISKIES,260,DIAGEO AMERICAS,10789,CROWN ROYAL VANILLA,44,200,5.00,7.50,2,15.00,0.40,0.10
INV-65786300006,2023-12-29T00:00:00.000,2538,HY-VEE FOOD STORE #3 (1866) / WATERLOO,1422 FLAMMANG DR,WATERLOO,50702,POINT (-92.327689003 42.45826902),,BLACK HAWK,1012100,CANADIAN WHISKIES,260,DIAGEO AMERICAS,10791,CROWN ROYAL VANILLA,12,750,17.49,26.24,12,314.88,9.00,2.37
INV-65786300007,2023-12-29T00:00:00.000,2538,HY-VEE FOOD STORE #3 (1866) / WATERLOO,1422 FLAMMANG DR,WATERLOO,50702,POINT (-92.327689003 42.45826902),,BLACK HAWK,1012100,CANADIAN WHISKIES,260,DIAGEO AMERICAS,10802,CROWN ROYAL PEACH,12,750,17.49,26.24,12,314.88,9.00,2.37
INV-65786300008,2023-12-29T00:00:00.000,2538,HY-VEE FOOD STORE #3 (1866) / WATERLOO,1422 FLAMMANG DR,WATERLOO,50702,POINT (-92.327689003 42.45826902),,BLACK HAWK,1012100,CANADIAN WHISKIES,260,DIAGEO AMERICAS,10804,CROWN ROYAL REGAL APPLE,44,200,5.00,7.50,5,37.50,1.00,0.26
INV-65786300009,2023-12-29T00:00:00.000,2538,HY-VEE FOOD STORE #3 (1866) / WATERLOO,1422 FLAMMANG DR,WATERLOO,50702,POINT (-92.327689003 42.45826902),,BLACK HAWK,1012100,CANADIAN WHISKIES,260,DIAGEO AMERICAS,10805,CROWN ROYAL REGAL APPLE,24,375,8.49,12.74,2,25.48,0.75,0.19
INV-65786300010,2023-12-29T00:00:00.000,2538,HY-VEE FOOD STORE #3 (1866) / WATERLOO,1422 FLAMMANG DR,WATERLOO,50702,POINT (-92.327689003 42.45826902),,BLACK HAWK,1012100,CANADIAN WHISKIES,260,DIAGEO AMERICAS,10807,CROWN ROYAL REGAL APPLE,12,750,17.49,26.24,12,314.88,9.00,2.37
INV-65786300011,2023-12-29T00:00:00.000,2538,HY-VEE FOOD STORE #3 (1866) / WATERLOO,1422 FLAMMANG DR,WATERLOO,50702,POINT (-92.327689003 42.45826902),,BLACK HAWK,1012100,CANADIAN WHISKIES,260,DIAGEO AMERICAS,10826,CROWN ROYAL XO,12,750,24.99,37.49,1,37.49,0.75,0.19
INV-65786300013,2023-12-29T00:00:00.000,2538,HY-VEE FOOD STORE #3 (1866) / WATERLOO,1422 FLAMMANG DR,WATERLOO,50702,POINT (-92.327689003 42.45826902),,BLACK HAWK,1012100,CANADIAN WHISKIES,260,DIAGEO AMERICAS,11296,CROWN ROYAL,12,750,17.49,26.24,12,314.88,9.00,2.37
INV-65786300014,2023-12-29T00:00:00.000,2538,HY-VEE FOOD STORE #3 (1866) / WATERLOO,1422 FLAMMANG DR,WATERLOO,50702,POINT (-92.327689003 42.45826902),,BLACK HAWK,1012100,CANADIAN WHISKIES,259,HEAVEN HILL BRANDS,11586,BLACK VELVET RESERVE,12,750,8.00,12.00,12,144.00,9.00,2.37
INV-65786300015,2023-12-29T00:00:00.000,2538,HY-VEE FOOD STORE #3 (1866) / WATERLOO,1422 FLAMMANG DR,WATERLOO,50702,POINT (-92.327689003 42.45826902),,BLACK HAWK,1012100,CANADIAN WHISKIES,259,HEAVEN HILL BRANDS,11788,BLACK VELVET,6,1750,11.00,16.50,24,396.00,42.00,11.09
INV-65786300016,2023-12-29T00:00:00.000,2538,HY-VEE FOOD STORE #3 (1866) / WATERLOO,1422 FLAMMANG DR,WATERLOO,50702,POINT (-92.327689003 42.45826902),,BLACK HAWK,1012100,CANADIAN WHISKIES,421,SAZERAC COMPANY  INC,12408,CANADIAN LTD WHISKY,6,1750,10.00,15.00,6,90.00,10.50,2.77
INV-65786300017,2023-12-29T00:00:00.000,2538,HY-VEE FOOD STORE #3 (1866) / WATERLOO,1422 FLAMMANG DR,WATERLOO,50702,POINT (-92.327689003 42.45826902),,BLACK HAWK,1012100,CANADIAN WHISKIES,421,SAZERAC COMPANY  INC,12860,RICH & RARE RESERVE,12,750,6.50,9.75,1,9.75,0.75,0.19
INV-65786300020,2023-12-29T00:00:00.000,2538,HY-VEE FOOD STORE #3 (1866) / WATERLOO,1422 FLAMMANG DR,WATERLOO,50702,POINT (-92.327689003 42.45826902),,BLACK HAWK,1012100,CANADIAN WHISKIES,772,INTERCONTINENTAL PACKAGING COMPANY/PRESTIGE BEVERAGE GROUP,15296,WINDSOR CANADIAN PET,12,750,5.00,7.50,1,7.50,0.75,0.19
INV-65786300021,2023-12-29T00:00:00.000,2538,HY-VEE FOOD STORE #3 (1866) / WATERLOO,1422 FLAMMANG DR,WATERLOO,50702,POINT (-92.327689003 42.45826902),,BLACK HAWK,1012400,IRISH WHISKIES,395,PROXIMO,15776,BUSHMILLS IRISH WHISKEY,12,750,15.00,22.50,2,45.00,1.50,0.39
INV-65786300024,2023-12-29T00:00:00.000,2538,HY-VEE FOOD STORE #3 (1866) / WATERLOO,1422 FLAMMANG DR,WATERLOO,50702,POINT (-92.327689003 42.45826902),,BLACK HAWK,1011200,STRAIGHT BOURBON WHISKIES,085,BROWN FORMAN CORP.,16396,OLD FORESTER SIGNATURE 100PRF BOURBON,12,750,13.00,19.50,3,58.50,2.25,0.59
INV-65786300029,2023-12-29T00:00:00.000,2538,HY-VEE FOOD STORE #3 (1866) / WATERLOO,1422 FLAMMANG DR,WATERLOO,50702,POINT (-92.327689003 42.45826902),,BLACK HAWK,1011200,STRAIGHT BOURBON WHISKIES,260,DIAGEO AMERICAS,17086,BULLEIT BOURBON,12,750,17.99,26.99,4,107.96,3.00,0.79
INV-65786300030,2023-12-29T00:00:00.000,2538,HY-VEE FOOD STORE #3 (1866) / WATERLOO,1422 FLAMMANG DR,WATERLOO,50702,POINT (-92.327689003 42.45826902),,BLACK HAWK,1011200,STRAIGHT BOURBON WHISKIES,125,CEDAR RIDGE VINEYARDS LL,17206,CEDAR RIDGE BOURBON,6,750,18.67,28.01,6,168.06,4.50,1.18
INV-65786300034,2023-12-29T00:00:00.000,2538,HY-VEE FOOD STORE #3 (1866) / WATERLOO,1422 FLAMMANG DR,WATERLOO,50702,POINT (-92.327689003 42.45826902),,BLACK HAWK,1011200,STRAIGHT BOURBON WHISKIES,830,KIRIN BEER & SPIRITS OF AMERICA INC / FOUR ROSES DISTILLERY,18348,FOUR ROSES SMALL BATCH,6,750,18.50,27.75,6,166.50,4.50,1.18
INV-65786300037,2023-12-29T00:00:00.000,2538,HY-VEE FOOD STORE #3 (1866) / WATERLOO,1422 FLAMMANG DR,WATERLOO,50702,POINT (-92.327689003 42.45826902),,BLACK HAWK,1011200,STRAIGHT BOURBON WHISKIES,065,JIM BEAM BRANDS,19476,MAKERS MARK,12,750,18.00,27.00,12,324.00,9.00,2.37
INV-65786300038,2023-12-29T00:00:00.000,2538,HY-VEE FOOD STORE #3 (1866) / WATERLOO,1422 FLAMMANG DR,WATERLOO,50702,POINT (-92.327689003 42.45826902),,BLACK HAWK,1011200,STRAIGHT BOURBON WHISKIES,065,JIM BEAM BRANDS,19481,MAKERS MARK CASK STRENGTH,6,750,22.50,33.75,6,202.50,4.50,1.18
INV-65786300039,2023-12-29T00:00:00.000,2538,HY-VEE FOOD STORE #3 (1866) / WATERLOO,1422 FLAMMANG DR,WATERLOO,50702,POINT (-92.327689003 42.45826902),,BLACK HAWK,1011200,STRAIGHT BOURBON WHISKIES,065,JIM BEAM BRANDS,19486,MAKERS 46,6,750,20.00,30.00,4,120.00,3.00,0.79
INV-65786300040,2023-12-29T00:00:00.000,2538,HY-VEE FOOD STORE #3 (1866) / WATERLOO,1422 FLAMMANG DR,WATERLOO,50702,POINT (-92.327689003 42.45826902),,BLACK HAWK,1011200,STRAIGHT BOURBON WHISKIES,065,JIM BEAM BRANDS,19498,MAKERS MARK 101,6,750,20.00,30.00,6,180.00,4.50,1.18
INV-65786300041,2023-12-29T00:00:00.000,2538,HY-VEE FOOD STORE #3 (1866) / WATERLOO,1422 FLAMMANG DR,WATERLOO,50702,POINT (-92.327689003 42.45826902),,BLACK HAWK,1011200,STRAIGHT BOURBON WHISKIES,065,JIM BEAM BRANDS,20116,OLD GRAND DAD 114PRF,12,750,13.84,20.76,1,20.76,0.75,0.19
INV-65786300042,2023-12-29T00:00:00.000,2538,HY-VEE FOOD STORE #3 (1866) / WATERLOO,1422 FLAMMANG DR,WATERLOO,50702,POINT (-92.327689003 42.45826902),,BLACK HAWK,1011200,STRAIGHT BOURBON WHISKIES,065,JIM BEAM BRANDS,20247,OLD CROW,12,1000,5.00,7.50,2,15.00,2.00,0.52
INV-65786300043,2023-12-29T00:00:00.000,2538,HY-VEE FOOD STORE #3 (1866) / WATERLOO,1422 FLAMMANG DR,WATERLOO,50702,POINT (-92.327689003 42.45826902),,BLACK HAWK,1011200,STRAIGHT BOURBON WHISKIES,085,BROWN FORMAN CORP.,20366,OLD FORESTER BOURBON 86PRF,12,750,12.00,18.00,4,72.00,3.00,0.79
INV-65786300046,2023-12-29T00:00:00.000,2538,HY-VEE FOOD STORE #3 (1866) / WATERLOO,1422 FLAMMANG DR,WATERLOO,50702,POINT (-92.327689003 42.45826902),,BLACK HAWK,1011200,STRAIGHT BOURBON WHISKIES,421,SAZERAC COMPANY  INC,21464,BENCHMARK SMALL BATCH,12,750,8.50,12.75,1,12.75,0.75,0.19
INV-65786300051,2023-12-29T00:00:00.000,2538,HY-VEE FOOD STORE #3 (1866) / WATERLOO,1422 FLAMMANG DR,WATERLOO,50702,POINT (-92.327689003 42.45826902),,BLACK HAWK,1011200,STRAIGHT BOURBON WHISKIES,619,CAMPARI AMERICA,22121,WILD TURKEY 81,12,750,12.50,18.75,1,18.75,0.75,0.19
INV-65786300052,2023-12-29T00:00:00.000,2538,HY-VEE FOOD STORE #3 (1866) / WATERLOO,1422 FLAMMANG DR,WATERLOO,50702,POINT (-92.327689003 42.45826902),,BLACK HAWK,1011200,STRAIGHT BOURBON WHISKIES,085,BROWN FORMAN CORP.,22215,WOODFORD RESERVE,12,750,23.50,35.25,4,141.00,3.00,0.79
INV-65786300053,2023-12-29T00:00:00.000,2538,HY-VEE FOOD STORE #3 (1866) / WATERLOO,1422 FLAMMANG DR,WATERLOO,50702,POINT (-92.327689003 42.45826902),,BLACK HAWK,1011200,STRAIGHT BOURBON WHISKIES,085,BROWN FORMAN CORP.,22228,WOODFORD RESERVE DOUBLE OAKED,6,750,32.50,48.75,6,292.50,4.50,1.18
INV-65786300054,2023-12-29T00:00:00.000,2538,HY-VEE FOOD STORE #3 (1866) / WATERLOO,1422 FLAMMANG DR,WATERLOO,50702,POINT (-92.327689003 42.45826902),,BLACK HAWK,1011100,BLENDED WHISKIES,297,LAIRD & COMPANY,23824,FIVE STAR,24,375,2.09,3.14,1,3.14,0.37,0.09
INV-65786300055,2023-12-29T00:00:00.000,2538,HY-VEE FOOD STORE #3 (1866) / WATERLOO,1422 FLAMMANG DR,WATERLOO,50702,POINT (-92.327689003 42.45826902),,BLACK HAWK,1011100,BLENDED WHISKIES,297,LAIRD & COMPANY,23828,FIVE STAR,6,1750,8.39,12.59,6,75.54,10.50,2.77
INV-65786300057,2023-12-29T00:00:00.000,2538,HY-VEE FOOD STORE #3 (1866) / WATERLOO,1422 FLAMMANG DR,WATERLOO,50702,POINT (-92.327689003 42.45826902),,BLACK HAWK,1011200,STRAIGHT BOURBON WHISKIES,065,JIM BEAM BRANDS,26370,JIM BEAM ORANGE,12,750,11.00,16.50,2,33.00,1.50,0.39
INV-65786300059,2023-12-29T00:00:00.000,2538,HY-VEE FOOD STORE #3 (1866) / WATERLOO,1422 FLAMMANG DR,WATERLOO,50702,POINT (-92.327689003 42.45826902),,BLACK HAWK,1011100,BLENDED WHISKIES,492,WESTERN SPIRITS BEVERAGE,26432,BIRD DOG PEANUT BUTTER,6,750,11.50,17.25,6,103.50,4.50,1.18
INV-65786300061,2023-12-29T00:00:00.000,2538,HY-VEE FOOD STORE #3 (1866) / WATERLOO,1422 FLAMMANG DR,WATERLOO,50702,POINT (-92.327689003 42.45826902),,BLACK HAWK,1011400,TENNESSEE WHISKIES,085,BROWN FORMAN CORP.,26820,JACK DANIELS OLD #7 BLACK LABEL FLAT,24,375,8.25,12.38,3,37.14,1.12,0.29
INV-65786300062,2023-12-29T00:00:00.000,2538,HY-VEE FOOD STORE #3 (1866) / WATERLOO,1422 FLAMMANG DR,WATERLOO,50702,POINT (-92.327689003 42.45826902),,BLACK HAWK,1011400,TENNESSEE WHISKIES,085,BROWN FORMAN CORP.,26826,JACK DANIELS OLD #7 BLACK LABEL,12,750,15.91,23.87,12,286.44,9.00,2.37
INV-65786300063,2023-12-29T00:00:00.000,2538,HY-VEE FOOD STORE #3 (1866) / WATERLOO,1422 FLAMMANG DR,WATERLOO,50702,POINT (-92.327689003 42.45826902),,BLACK HAWK,1011400,TENNESSEE WHISKIES,085,BROWN FORMAN CORP.,26828,JACK DANIELS OLD #7 BLACK LABEL,6,1750,33.28,49.92,6,299.52,10.50,2.77
INV-65786300064,2023-12-29T00:00:00.000,2538,HY-VEE FOOD STORE #3 (1866) / WATERLOO,1422 FLAMMANG DR,WATERLOO,50702,POINT (-92.327689003 42.45826902),,BLACK HAWK,1011100,BLENDED WHISKIES,492,WESTERN SPIRITS BEVERAGE,26844,BIRD DOG PEACH PET,6,750,11.50,17.25,6,103.50,4.50,1.18
INV-65786300065,2023-12-29T00:00:00.000,2538,HY-VEE FOOD STORE #3 (1866) / WATERLOO,1422 FLAMMANG DR,WATERLOO,50702,POINT (-92.327689003 42.45826902),,BLACK HAWK,1011600,STRAIGHT RYE WHISKIES,125,CEDAR RIDGE VINEYARDS LL,27014,CEDAR RIDGE MALTED RYE,6,750,19.67,29.51,6,177.06,4.50,1.18
INV-65786300066,2023-12-29T00:00:00.000,2538,HY-VEE FOOD STORE #3 (1866) / WATERLOO,1422 FLAMMANG DR,WATERLOO,50702,POINT (-92.327689003 42.45826902),,BLACK HAWK,1011600,STRAIGHT RYE WHISKIES,260,DIAGEO AMERICAS,27025,BULLEIT 95 RYE,12,750,17.99,26.99,3,80.97,2.25,0.59
INV-65786300067,2023-12-29T00:00:00.000,2538,HY-VEE FOOD STORE #3 (1866) / WATERLOO,1422 FLAMMANG DR,WATERLOO,50702,POINT (-92.327689003 42.45826902),,BLACK HAWK,1011600,STRAIGHT RYE WHISKIES,255,INFINIUM SPIRITS,27102,TEMPLETON RYE 4YR,6,750,15.40,23.10,6,162.84,4.50,1.18
INV-65786300068,2023-12-29T00:00:00.000,2538,HY-VEE FOOD STORE #3 (1866) / WATERLOO,1422 FLAMMANG DR,WATERLOO,50702,POINT (-92.327689003 42.45826902),,BLACK HAWK,1011600,STRAIGHT RYE WHISKIES,085,BROWN FORMAN CORP.,27130,WOODFORD RESERVE RYE,6,750,23.50,35.25,6,211.50,4.50,1.18
INV-65786300069,2023-12-29T00:00:00.000,2538,HY-VEE FOOD STORE #3 (1866) / WATERLOO,1422 FLAMMANG DR,WATERLOO,50702,POINT (-92.327689003 42.45826902),,BLACK HAWK,1011200,STRAIGHT BOURBON WHISKIES,125,CEDAR RIDGE VINEYARDS LL,27369,CEDAR RIDGE PORT CASK FINISHED BOURBON,6,750,25.50,38.25,6,229.50,4.50,1.18
INV-65786300070,2023-12-29T00:00:00.000,2538,HY-VEE FOOD STORE #3 (1866) / WATERLOO,1422 FLAMMANG DR,WATERLOO,50702,POINT (-92.327689003 42.45826902),,BLACK HAWK,1011200,STRAIGHT BOURBON WHISKIES,065,JIM BEAM BRANDS,27410,JIM BEAM HONEY,12,750,11.00,16.50,3,49.50,2.25,0.59
INV-65786300071,2023-12-29T00:00:00.000,2538,HY-VEE FOOD STORE #3 (1866) / WATERLOO,1422 FLAMMANG DR,WATERLOO,50702,POINT (-92.327689003 42.45826902),,BLACK HAWK,1011100,BLENDED WHISKIES,492,WESTERN SPIRITS BEVERAGE,27474,BIRD DOG BLACKBERRY,6,750,11.50,17.25,6,103.50,4.50,1.18
INV-65786300072,2023-12-29T00:00:00.000,2538,HY-VEE FOOD STORE #3 (1866) / WATERLOO,1422 FLAMMANG DR,WATERLOO,50702,POINT (-92.327689003 42.45826902),,BLACK HAWK,1011100,BLENDED WHISKIES,395,PROXIMO,27605,TIN CUP,12,750,15.00,22.50,12,261.00,9.00,2.37
INV-65786300073,2023-12-29T00:00:00.000,2538,HY-VEE FOOD STORE #3 (1866) / WATERLOO,1422 FLAMMANG DR,WATERLOO,50702,POINT (-92.327689003 42.45826902),,BLACK HAWK,1011700,CORN WHISKIES,421,SAZERAC COMPANY  INC,27615,WHITE DOG MASH #1,12,375,9.00,13.50,2,27.00,0.75,0.19
INV-65786300074,2023-12-29T00:00:00.000,2538,HY-VEE FOOD STORE #3 (1866) / WATERLOO,1422 FLAMMANG DR,WATERLOO,50702,POINT (-92.327689003 42.45826902),,BLACK HAWK,1011100,BLENDED WHISKIES,492,WESTERN SPIRITS BEVERAGE,27697,BIRD DOG APPLE,6,750,11.50,17.25,6,103.50,4.50,1.18
INV-65786300075,2023-12-29T00:00:00.000,2538,HY-VEE FOOD STORE #3 (1866) / WATERLOO,1422 FLAMMANG DR,WATERLOO,50702,POINT (-92.327689003 42.45826902),,BLACK HAWK,1011200,STRAIGHT BOURBON WHISKIES,065,JIM BEAM BRANDS,28043,JIM BEAM VANILLA,12,750,11.00,16.50,2,33.00,1.50,0.39
INV-65786300076,2023-12-29T00:00:00.000,2538,HY-VEE FOOD STORE #3 (1866) / WATERLOO,1422 FLAMMANG DR,WATERLOO,50702,POINT (-92.327689003 42.45826902),,BLACK HAWK,1042100,IMPORTED DRY GINS,035,BACARDI USA INC,28236,BOMBAY SAPPHIRE GIN,12,750,14.49,21.74,1,21.74,0.75,0.19
INV-65786300077,2023-12-29T00:00:00.000,2538,HY-VEE FOOD STORE #3 (1866) / WATERLOO,1422 FLAMMANG DR,WATERLOO,50702,POINT (-92.327689003 42.45826902),,BLACK HAWK,1042100,IMPORTED DRY GINS,755,WINESOURCE INTERNATIONAL INC.,28246,BOODLES BRITISH GIN LONDON DRY,12,750,13.02,19.53,1,19.53,0.75,0.19
INV-65786300078,2023-12-29T00:00:00.000,2538,HY-VEE FOOD STORE #3 (1866) / WATERLOO,1422 FLAMMANG DR,WATERLOO,50702,POINT (-92.327689003 42.45826902),,BLACK HAWK,1011200,STRAIGHT BOURBON WHISKIES,065,JIM BEAM BRANDS,28279,JIM BEAM PEACH,12,750,11.00,16.50,1,16.50,0.75,0.19
INV-65786300079,2023-12-29T00:00:00.000,2538,HY-VEE FOOD STORE #3 (1866) / WATERLOO,1422 FLAMMANG DR,WATERLOO,50702,POINT (-92.327689003 42.45826902),,BLACK HAWK,1042100,IMPORTED DRY GINS,240,WILLIAM GRANT & SONS INC,28625,HENDRICKS GIN,6,750,19.50,29.25,6,175.50,4.50,1.18
INV-65786300081,2023-12-29T00:00:00.000,2538,HY-VEE FOOD STORE #3 (1866) / WATERLOO,1422 FLAMMANG DR,WATERLOO,50702,POINT (-92.327689003 42.45826902),,BLACK HAWK,1041100,AMERICAN DRY GINS,259,HEAVEN HILL BRANDS,29568,BURNETTS GIN LONDON DRY,6,1750,10.00,15.00,6,90.00,10.50,2.77
INV-65786300082,2023-12-29T00:00:00.000,2538,HY-VEE FOOD STORE #3 (1866) / WATERLOO,1422 FLAMMANG DR,WATERLOO,50702,POINT (-92.327689003 42.45826902),,BLACK HAWK,1041100,AMERICAN DRY GINS,065,JIM BEAM BRANDS,30236,GILBEYS GIN,12,750,5.00,7.50,1,7.50,0.75,0.19
INV-65786300083,2023-12-29T00:00:00.000,2538,HY-VEE FOOD STORE #3 (1866) / WATERLOO,1422 FLAMMANG DR,WATERLOO,50702,POINT (-92.327689003 42.45826902),,BLACK HAWK,1041100,AMERICAN DRY GINS,205,E & J GALLO WINERY,31470,NEW AMSTERDAM GIN,12,1000,8.50,12.75,3,38.25,3.00,0.79
INV-65786300084,2023-12-29T00:00:00.000,2538,HY-VEE FOOD STORE #3 (1866) / WATERLOO,1422 FLAMMANG DR,WATERLOO,50702,POINT (-92.327689003 42.45826902),,BLACK HAWK,1041100,AMERICAN DRY GINS,434,LUXCO INC,31658,PARAMOUNT GIN,6,1750,7.75,11.63,6,69.78,10.50,2.77
INV-65786300085,2023-12-29T00:00:00.000,2538,HY-VEE FOOD STORE #3 (1866) / WATERLOO,1422 FLAMMANG DR,WATERLOO,50702,POINT (-92.327689003 42.45826902),,BLACK HAWK,1041100,AMERICAN DRY GINS,370,PERNOD RICARD USA,32233,SEAGRAMS EXTRA DRY GIN,48,200,1.99,2.99,3,8.97,0.60,0.15
INV-65786300086,2023-12-29T00:00:00.000,2538,HY-VEE FOOD STORE #3 (1866) / WATERLOO,1422 FLAMMANG DR,WATERLOO,50702,POINT (-92.327689003 42.45826902),,BLACK HAWK,1041200,FLAVORED GIN,654,REVELTON DISTILLING COMPANY,33180,REVELTON MULBERRY GIN,6,750,17.50,26.25,6,157.50,4.50,1.18
INV-65786300087,2023-12-29T00:00:00.000,2538,HY-VEE FOOD STORE #3 (1866) / WATERLOO,1422 FLAMMANG DR,WATERLOO,50702,POINT (-92.327689003 42.45826902),,BLACK HAWK,1041200,FLAVORED GIN,370,PERNOD RICARD USA,33256,SEAGRAMS LIME TWISTED GIN,12,750,7.99,11.99,2,23.98,1.50,0.39
INV-65786300088,2023-12-29T00:00:00.000,2538,HY-VEE FOOD STORE #3 (1866) / WATERLOO,1422 FLAMMANG DR,WATERLOO,50702,POINT (-92.327689003 42.45826902),,BLACK HAWK,1032200,IMPORTED FLAVORED VODKA,370,PERNOD RICARD USA,33467,ABSOLUT LIME,12,750,9.99,14.99,2,29.98,1.50,0.39
INV-65786300089,2023-12-29T00:00:00.000,2538,HY-VEE FOOD STORE #3 (1866) / WATERLOO,1422 FLAMMANG DR,WATERLOO,50702,POINT (-92.327689003 42.45826902),,BLACK HAWK,1031200,AMERICAN FLAVORED VODKA,115,CONSTELLATION BRANDS INC,33658,SVEDKA MANGO PINEAPPLE,12,750,8.00,12.00,2,24.00,1.50,0.39
INV-65786300090,2023-12-29T00:00:00.000,2538,HY-VEE FOOD STORE #3 (1866) / WATERLOO,1422 FLAMMANG DR,WATERLOO,50702,POINT (-92.327689003 42.45826902),,BLACK HAWK,1041300,AMERICAN SLOE GINS,434,LUXCO INC,33717,PARAMOUNT SLOE GIN,12,1000,5.69,8.54,2,17.08,2.00,0.52
INV-65786300091,2023-12-29T00:00:00.000,2538,HY-VEE FOOD STORE #3 (1866) / WATERLOO,1422 FLAMMANG DR,WATERLOO,50702,POINT (-92.327689003 42.45826902),,BLACK HAWK,1032100,IMPORTED VODKAS,370,PERNOD RICARD USA,34008,ABSOLUT SWEDISH VODKA 80PRF,6,1750,19.99,29.99,6,179.94,10.50,2.77
INV-65786300092,2023-12-29T00:00:00.000,2538,HY-VEE FOOD STORE #3 (1866) / WATERLOO,1422 FLAMMANG DR,WATERLOO,50702,POINT (-92.327689003 42.45826902),,BLACK HAWK,1032200,IMPORTED FLAVORED VODKA,370,PERNOD RICARD USA,34030,ABSOLUT CITRON,12,750,9.99,14.99,2,29.98,1.50,0.39
INV-65786300093,2023-12-29T00:00:00.000,2538,HY-VEE FOOD STORE #3 (1866) / WATERLOO,1422 FLAMMANG DR,WATERLOO,50702,POINT (-92.327689003 42.45826902),,BLACK HAWK,1032200,IMPORTED FLAVORED VODKA,370,PERNOD RICARD USA,34052,ABSOLUT RASPBERRI,12,750,9.99,14.99,2,29.98,1.50,0.39
INV-65786300094,2023-12-29T00:00:00.000,2538,HY-VEE FOOD STORE #3 (1866) / WATERLOO,1422 FLAMMANG DR,WATERLOO,50702,POINT (-92.327689003 42.45826902),,BLACK HAWK,1032200,IMPORTED FLAVORED VODKA,370,PERNOD RICARD USA,34076,ABSOLUT VANILIA,12,750,9.99,14.99,3,44.97,2.25,0.59
INV-65786300095,2023-12-29T00:00:00.000,2538,HY-VEE FOOD STORE #3 (1866) / WATERLOO,1422 FLAMMANG DR,WATERLOO,50702,POINT (-92.327689003 42.45826902),,BLACK HAWK,1032200,IMPORTED FLAVORED VODKA,370,PERNOD RICARD USA,34116,ABSOLUT MANDRIN,12,750,9.99,14.99,1,14.99,0.75,0.19
INV-65786300096,2023-12-29T00:00:00.000,2538,HY-VEE FOOD STORE #3 (1866) / WATERLOO,1422 FLAMMANG DR,WATERLOO,50702,POINT (-92.327689003 42.45826902),,BLACK HAWK,1032100,IMPORTED VODKAS,035,BACARDI USA INC,34423,GREY GOOSE,12,375,8.50,12.75,3,38.25,1.12,0.29
INV-65786300097,2023-12-29T00:00:00.000,2538,HY-VEE FOOD STORE #3 (1866) / WATERLOO,1422 FLAMMANG DR,WATERLOO,50702,POINT (-92.327689003 42.45826902),,BLACK HAWK,1031100,AMERICAN VODKAS,065,JIM BEAM BRANDS,34578,PINNACLE,6,1750,10.00,15.00,6,90.00,10.50,2.77
INV-65786300098,2023-12-29T00:00:00.000,2538,HY-VEE FOOD STORE #3 (1866) / WATERLOO,1422 FLAMMANG DR,WATERLOO,50702,POINT (-92.327689003 42.45826902),,BLACK HAWK,1031100,AMERICAN VODKAS,065,JIM BEAM BRANDS,34579,PINNACLE,12,750,6.50,9.75,1,9.75,0.75,0.19
INV-65786300099,2023-12-29T00:00:00.000,2538,HY-VEE FOOD STORE #3 (1866) / WATERLOO,1422 FLAMMANG DR,WATERLOO,50702,POINT (-92.327689003 42.45826902),,BLACK HAWK,1032200,IMPORTED FLAVORED VODKA,065,JIM BEAM BRANDS,35626,PINNACLE WHIPPED,12,750,6.50,9.75,1,9.75,0.75,0.19
INV-65786300100,2023-12-29T00:00:00.000,2538,HY-VEE FOOD STORE #3 (1866) / WATERLOO,1422 FLAMMANG DR,WATERLOO,50702,POINT (-92.327689003 42.45826902),,BLACK HAWK,1032200,IMPORTED FLAVORED VODKA,065,JIM BEAM BRANDS,35628,PINNACLE WHIPPED,6,1750,10.00,15.00,6,90.00,10.50,2.77
INV-65786300101,2023-12-29T00:00:00.000,2538,HY-VEE FOOD STORE #3 (1866) / WATERLOO,1422 FLAMMANG DR,WATERLOO,50702,POINT (-92.327689003 42.45826902),,BLACK HAWK,1031100,AMERICAN VODKAS,297,LAIRD & COMPANY,35916,FIVE O'CLOCK VODKA,12,750,3.79,5.69,12,68.28,9.00,2.37
INV-65786300102,2023-12-29T00:00:00.000,2538,HY-VEE FOOD STORE #3 (1866) / WATERLOO,1422 FLAMMANG DR,WATERLOO,50702,POINT (-92.327689003 42.45826902),,BLACK HAWK,1031100,AMERICAN VODKAS,297,LAIRD & COMPANY,35918,FIVE O'CLOCK VODKA,6,1750,7.72,11.58,6,69.48,10.50,2.77
INV-65786300103,2023-12-29T00:00:00.000,2538,HY-VEE FOOD STORE #3 (1866) / WATERLOO,1422 FLAMMANG DR,WATERLOO,50702,POINT (-92.327689003 42.45826902),,BLACK HAWK,1031100,AMERICAN VODKAS,421,SAZERAC COMPANY  INC,35948,FLEISCHMANNS 80PRF VODKA,6,1750,6.50,9.75,6,58.50,10.50,2.77
INV-65786300104,2023-12-29T00:00:00.000,2538,HY-VEE FOOD STORE #3 (1866) / WATERLOO,1422 FLAMMANG DR,WATERLOO,50702,POINT (-92.327689003 42.45826902),,BLACK HAWK,1031100,AMERICAN VODKAS,434,LUXCO INC,36308,HAWKEYE VODKA,6,1750,7.50,11.25,12,135.00,21.00,5.54
INV-65786300105,2023-12-29T00:00:00.000,2538,HY-VEE FOOD STORE #3 (1866) / WATERLOO,1422 FLAMMANG DR,WATERLOO,50702,POINT (-92.327689003 42.45826902),,BLACK HAWK,1031200,AMERICAN FLAVORED VODKA,115,CONSTELLATION BRANDS INC,36576,SVEDKA BLUE RASPBERRY,12,750,8.00,12.00,1,12.00,0.75,0.19
INV-65786300106,2023-12-29T00:00:00.000,2538,HY-VEE FOOD STORE #3 (1866) / WATERLOO,1422 FLAMMANG DR,WATERLOO,50702,POINT (-92.327689003 42.45826902),,BLACK HAWK,1031200,AMERICAN FLAVORED VODKA,259,HEAVEN HILL BRANDS,36606,DEEP EDDY ORANGE,12,750,9.50,14.25,2,28.50,1.50,0.39
INV-65786300107,2023-12-29T00:00:00.000,2538,HY-VEE FOOD STORE #3 (1866) / WATERLOO,1422 FLAMMANG DR,WATERLOO,50702,POINT (-92.327689003 42.45826902),,BLACK HAWK,1031200,AMERICAN FLAVORED VODKA,205,E & J GALLO WINERY,36618,NEW AMSTERDAM RASPBERRY,12,750,8.00,12.00,1,12.00,0.75,0.19
INV-65786300108,2023-12-29T00:00:00.000,2538,HY-VEE FOOD STORE #3 (1866) / WATERLOO,1422 FLAMMANG DR,WATERLOO,50702,POINT (-92.327689003 42.45826902),,BLACK HAWK,1031100,AMERICAN VODKAS,421,SAZERAC COMPANY  INC,36648,CALIBER VODKA,12,750,3.32,4.98,12,59.76,9.00,2.37
INV-65786300109,2023-12-29T00:00:00.000,2538,HY-VEE FOOD STORE #3 (1866) / WATERLOO,1422 FLAMMANG DR,WATERLOO,50702,POINT (-92.327689003 42.45826902),,BLACK HAWK,1031100,AMERICAN VODKAS,421,SAZERAC COMPANY  INC,36889,BARTON NATURALS VODKA,12,1000,4.04,6.06,3,18.18,3.00,0.79
INV-65786300110,2023-12-29T00:00:00.000,2538,HY-VEE FOOD STORE #3 (1866) / WATERLOO,1422 FLAMMANG DR,WATERLOO,50702,POINT (-92.327689003 42.45826902),,BLACK HAWK,1031100,AMERICAN VODKAS,421,SAZERAC COMPANY  INC,36900,BARTON NATURALS VODKA,6,1750,7.06,10.59,12,127.08,21.00,5.54
INV-65786300111,2023-12-29T00:00:00.000,2538,HY-VEE FOOD STORE #3 (1866) / WATERLOO,1422 FLAMMANG DR,WATERLOO,50702,POINT (-92.327689003 42.45826902),,BLACK HAWK,1031100,AMERICAN VODKAS,300,MCCORMICK DISTILLING CO.,36908,MCCORMICK 80PRF VODKA PET,6,1750,8.24,12.36,6,74.16,10.50,2.77
INV-65786300112,2023-12-29T00:00:00.000,2538,HY-VEE FOOD STORE #3 (1866) / WATERLOO,1422 FLAMMANG DR,WATERLOO,50702,POINT (-92.327689003 42.45826902),,BLACK HAWK,1031100,AMERICAN VODKAS,205,E & J GALLO WINERY,36971,NEW AMSTERDAM 80PRF,6,1750,14.00,21.00,6,132.78,10.50,2.77
INV-65786300113,2023-12-29T00:00:00.000,2538,HY-VEE FOOD STORE #3 (1866) / WATERLOO,1422 FLAMMANG DR,WATERLOO,50702,POINT (-92.327689003 42.45826902),,BLACK HAWK,1031100,AMERICAN VODKAS,380,PHILLIPS BEVERAGE,37523,PRAIRIE ORGANIC VODKA,12,750,11.00,16.50,2,33.00,1.50,0.39
INV-65786300114,2023-12-29T00:00:00.000,2538,HY-VEE FOOD STORE #3 (1866) / WATERLOO,1422 FLAMMANG DR,WATERLOO,50702,POINT (-92.327689003 42.45826902),,BLACK HAWK,1031100,AMERICAN VODKAS,380,PHILLIPS BEVERAGE,37663,ROW VODKA,12,750,6.30,9.45,12,113.40,9.00,2.37
INV-65786300115,2023-12-29T00:00:00.000,2538,HY-VEE FOOD STORE #3 (1866) / WATERLOO,1422 FLAMMANG DR,WATERLOO,50702,POINT (-92.327689003 42.45826902),,BLACK HAWK,1031100,AMERICAN VODKAS,421,SAZERAC COMPANY  INC,37938,SKOL VODKA,6,1750,7.12,10.68,6,64.08,10.50,2.77
INV-65786300116,2023-12-29T00:00:00.000,2538,HY-VEE FOOD STORE #3 (1866) / WATERLOO,1422 FLAMMANG DR,WATERLOO,50702,POINT (-92.327689003 42.45826902),,BLACK HAWK,1031100,AMERICAN VODKAS,154,DUNKEL CORPORATION / IOWA DISTILLING,37952,IOWA STATE 1858 VODKA,12,750,13.00,19.50,2,39.00,1.50,0.39
INV-65786300117,2023-12-29T00:00:00.000,2538,HY-VEE FOOD STORE #3 (1866) / WATERLOO,1422 FLAMMANG DR,WATERLOO,50702,POINT (-92.327689003 42.45826902),,BLACK HAWK,1031100,AMERICAN VODKAS,619,CAMPARI AMERICA,37986,SKYY VODKA,12,750,8.00,12.00,2,24.00,1.50,0.39
INV-65786300118,2023-12-29T00:00:00.000,2538,HY-VEE FOOD STORE #3 (1866) / WATERLOO,1422 FLAMMANG DR,WATERLOO,50702,POINT (-92.327689003 42.45826902),,BLACK HAWK,1031100,AMERICAN VODKAS,260,DIAGEO AMERICAS,37993,SMIRNOFF 80PRF,48,200,2.54,3.81,1,3.81,0.20,0.05
INV-65786300119,2023-12-29T00:00:00.000,2538,HY-VEE FOOD STORE #3 (1866) / WATERLOO,1422 FLAMMANG DR,WATERLOO,50702,POINT (-92.327689003 42.45826902),,BLACK HAWK,1031100,AMERICAN VODKAS,260,DIAGEO AMERICAS,37996,SMIRNOFF 80PRF,12,750,8.25,12.38,12,148.56,9.00,2.37
INV-65786300120,2023-12-29T00:00:00.000,2538,HY-VEE FOOD STORE #3 (1866) / WATERLOO,1422 FLAMMANG DR,WATERLOO,50702,POINT (-92.327689003 42.45826902),,BLACK HAWK,1031100,AMERICAN VODKAS,260,DIAGEO AMERICAS,38008,SMIRNOFF 80PRF PET,6,1750,14.75,22.13,6,132.78,10.50,2.77
INV-65786300121,2023-12-29T00:00:00.000,2538,HY-VEE FOOD STORE #3 (1866) / WATERLOO,1422 FLAMMANG DR,WATERLOO,50702,POINT (-92.327689003 42.45826902),,BLACK HAWK,1031100,AMERICAN VODKAS,617,MIDWEST LIQUOR COMPANY,38075,STATE VODKA,6,1750,7.20,10.80,6,64.80,10.50,2.77
INV-65786300122,2023-12-29T00:00:00.000,2538,HY-VEE FOOD STORE #3 (1866) / WATERLOO,1422 FLAMMANG DR,WATERLOO,50702,POINT (-92.327689003 42.45826902),,BLACK HAWK,1031100,AMERICAN VODKAS,421,SAZERAC COMPANY  INC,38088,PLATINUM 7X VODKA,6,1750,9.44,14.16,6,84.96,10.50,2.77
INV-65786300123,2023-12-29T00:00:00.000,2538,HY-VEE FOOD STORE #3 (1866) / WATERLOO,1422 FLAMMANG DR,WATERLOO,50702,POINT (-92.327689003 42.45826902),,BLACK HAWK,1031100,AMERICAN VODKAS,301,FIFTH GENERATION INC,38177,TITOS HANDMADE VODKA,12,1000,13.17,19.76,12,237.12,12.00,3.17
INV-65786300124,2023-12-29T00:00:00.000,2538,HY-VEE FOOD STORE #3 (1866) / WATERLOO,1422 FLAMMANG DR,WATERLOO,50702,POINT (-92.327689003 42.45826902),,BLACK HAWK,1031100,AMERICAN VODKAS,301,FIFTH GENERATION INC,38179,TITOS HANDMADE VODKA,24,200,3.49,5.24,3,15.72,0.60,0.15
INV-65786300125,2023-12-29T00:00:00.000,2538,HY-VEE FOOD STORE #3 (1866) / WATERLOO,1422 FLAMMANG DR,WATERLOO,50702,POINT (-92.327689003 42.45826902),,BLACK HAWK,1071000,COCKTAILS/RTD,305,MHW LTD,3836,TWISTED SHOTZ SEXY PARTY PACK 2.0,1,2250,58.45,87.68,1,87.68,2.25,0.59
INV-65786300126,2023-12-29T00:00:00.000,2538,HY-VEE FOOD STORE #3 (1866) / WATERLOO,1422 FLAMMANG DR,WATERLOO,50702,POINT (-92.327689003 42.45826902),,BLACK HAWK,1031100,AMERICAN VODKAS,421,SAZERAC COMPANY  INC,38516,WHEATLEY VODKA,12,750,10.00,15.00,1,15.00,0.75,0.19
INV-65786300127,2023-12-29T00:00:00.000,2538,HY-VEE FOOD STORE #3 (1866) / WATERLOO,1422 FLAMMANG DR,WATERLOO,50702,POINT (-92.327689003 42.45826902),,BLACK HAWK,1031100,AMERICAN VODKAS,209,MINHAS MICRO DISTILLERY,38581,WISCONSIN CLUB VODKA,6,1750,8.17,12.26,12,147.12,21.00,5.54
INV-65786300128,2023-12-29T00:00:00.000,2538,HY-VEE FOOD STORE #3 (1866) / WATERLOO,1422 FLAMMANG DR,WATERLOO,50702,POINT (-92.327689003 42.45826902),,BLACK HAWK,1031200,AMERICAN FLAVORED VODKA,065,JIM BEAM BRANDS,38841,TRULY WILD BERRY,12,750,8.50,12.75,2,25.50,1.50,0.39
INV-65786300129,2023-12-29T00:00:00.000,2538,HY-VEE FOOD STORE #3 (1866) / WATERLOO,1422 FLAMMANG DR,WATERLOO,50702,POINT (-92.327689003 42.45826902),,BLACK HAWK,1031200,AMERICAN FLAVORED VODKA,259,HEAVEN HILL BRANDS,39322,DEEP EDDY LIME FLAVORED VODKA,12,750,9.50,14.25,1,14.25,0.75,0.19
INV-65786300130,2023-12-29T00:00:00.000,2538,HY-VEE FOOD STORE #3 (1866) / WATERLOO,1422 FLAMMANG DR,WATERLOO,50702,POINT (-92.327689003 42.45826902),,BLACK HAWK,1031200,AMERICAN FLAVORED VODKA,205,E & J GALLO WINERY,39424,NEW AMSTERDAM PINK WHITNEY,6,1750,14.00,21.00,6,132.78,10.50,2.77
INV-65786300131,2023-12-29T00:00:00.000,2538,HY-VEE FOOD STORE #3 (1866) / WATERLOO,1422 FLAMMANG DR,WATERLOO,50702,POINT (-92.327689003 42.45826902),,BLACK HAWK,1031200,AMERICAN FLAVORED VODKA,521,JEM BEVERAGE COMPANY / WESTERN SON,39825,WESTERN SON BLUEBERRY,12,750,9.01,13.52,1,13.52,0.75,0.19
INV-65786300132,2023-12-29T00:00:00.000,2538,HY-VEE FOOD STORE #3 (1866) / WATERLOO,1422 FLAMMANG DR,WATERLOO,50702,POINT (-92.327689003 42.45826902),,BLACK HAWK,1031100,AMERICAN VODKAS,260,DIAGEO AMERICAS,39868,SMIRNOFF 100PRF,6,1750,16.99,25.49,6,152.94,10.50,2.77
INV-65786300133,2023-12-29T00:00:00.000,2538,HY-VEE FOOD STORE #3 (1866) / WATERLOO,1422 FLAMMANG DR,WATERLOO,50702,POINT (-92.327689003 42.45826902),,BLACK HAWK,1031200,AMERICAN FLAVORED VODKA,259,HEAVEN HILL BRANDS,40053,DEEP EDDY LEMON,12,750,9.50,14.25,2,28.50,1.50,0.39
INV-65786300135,2023-12-29T00:00:00.000,2538,HY-VEE FOOD STORE #3 (1866) / WATERLOO,1422 FLAMMANG DR,WATERLOO,50702,POINT (-92.327689003 42.45826902),,BLACK HAWK,1031200,AMERICAN FLAVORED VODKA,205,E & J GALLO WINERY,40193,NEW AMSTERDAM PINEAPPLE,12,750,8.00,12.00,1,12.00,0.75,0.19
INV-65786300136,2023-12-29T00:00:00.000,2538,HY-VEE FOOD STORE #3 (1866) / WATERLOO,1422 FLAMMANG DR,WATERLOO,50702,POINT (-92.327689003 42.45826902),,BLACK HAWK,1031200,AMERICAN FLAVORED VODKA,259,HEAVEN HILL BRANDS,40327,DEEP EDDY RUBY RED GRAPEFRUIT,12,750,9.50,14.25,2,28.50,1.50,0.39
INV-65786300137,2023-12-29T00:00:00.000,2538,HY-VEE FOOD STORE #3 (1866) / WATERLOO,1422 FLAMMANG DR,WATERLOO,50702,POINT (-92.327689003 42.45826902),,BLACK HAWK,1031200,AMERICAN FLAVORED VODKA,259,HEAVEN HILL BRANDS,40331,DEEP EDDY SWEET TEA,12,750,9.50,14.25,3,42.75,2.25,0.59
INV-65786300138,2023-12-29T00:00:00.000,2538,HY-VEE FOOD STORE #3 (1866) / WATERLOO,1422 FLAMMANG DR,WATERLOO,50702,POINT (-92.327689003 42.45826902),,BLACK HAWK,1031200,AMERICAN FLAVORED VODKA,380,PHILLIPS BEVERAGE,41692,UV BLUE RASPBERRY,6,1750,11.50,17.25,6,103.50,10.50,2.77
INV-65786300139,2023-12-29T00:00:00.000,2538,HY-VEE FOOD STORE #3 (1866) / WATERLOO,1422 FLAMMANG DR,WATERLOO,50702,POINT (-92.327689003 42.45826902),,BLACK HAWK,1031200,AMERICAN FLAVORED VODKA,380,PHILLIPS BEVERAGE,41704,UV RED CHERRY,12,750,7.50,11.25,2,22.50,1.50,0.39
INV-65786300140,2023-12-29T00:00:00.000,2538,HY-VEE FOOD STORE #3 (1866) / WATERLOO,1422 FLAMMANG DR,WATERLOO,50702,POINT (-92.327689003 42.45826902),,BLACK HAWK,1091200,NEUTRAL GRAIN SPIRITS,434,LUXCO INC,41848,EVERCLEAR 151,6,1750,17.50,26.25,6,157.50,10.50,2.77
INV-65786300141,2023-12-29T00:00:00.000,2538,HY-VEE FOOD STORE #3 (1866) / WATERLOO,1422 FLAMMANG DR,WATERLOO,50702,POINT (-92.327689003 42.45826902),,BLACK HAWK,1031200,AMERICAN FLAVORED VODKA,380,PHILLIPS BEVERAGE,41989,UV CAKE,12,750,7.50,11.25,2,22.50,1.50,0.39
INV-65786300142,2023-12-29T00:00:00.000,2538,HY-VEE FOOD STORE #3 (1866) / WATERLOO,1422 FLAMMANG DR,WATERLOO,50702,POINT (-92.327689003 42.45826902),,BLACK HAWK,1062500,FLAVORED RUM,305,MHW LTD,42242,BLUE CHAIR BAY COCONUT RUM,12,750,10.49,15.74,2,31.48,1.50,0.39
INV-65786300143,2023-12-29T00:00:00.000,2538,HY-VEE FOOD STORE #3 (1866) / WATERLOO,1422 FLAMMANG DR,WATERLOO,50702,POINT (-92.327689003 42.45826902),,BLACK HAWK,1062500,FLAVORED RUM,370,PERNOD RICARD USA,42676,MALIBU PASSION FRUIT,12,750,8.99,13.49,1,13.49,0.75,0.19
INV-65786300144,2023-12-29T00:00:00.000,2538,HY-VEE FOOD STORE #3 (1866) / WATERLOO,1422 FLAMMANG DR,WATERLOO,50702,POINT (-92.327689003 42.45826902),,BLACK HAWK,1062500,FLAVORED RUM,370,PERNOD RICARD USA,42699,MALIBU MANGO,12,750,8.99,13.49,1,13.49,0.75,0.19
INV-65786300145,2023-12-29T00:00:00.000,2538,HY-VEE FOOD STORE #3 (1866) / WATERLOO,1422 FLAMMANG DR,WATERLOO,50702,POINT (-92.327689003 42.45826902),,BLACK HAWK,1062500,FLAVORED RUM,370,PERNOD RICARD USA,42703,MALIBU PINEAPPLE,12,750,8.99,13.49,1,13.49,0.75,0.19
INV-65786300146,2023-12-29T00:00:00.000,2538,HY-VEE FOOD STORE #3 (1866) / WATERLOO,1422 FLAMMANG DR,WATERLOO,50702,POINT (-92.327689003 42.45826902),,BLACK HAWK,1062500,FLAVORED RUM,370,PERNOD RICARD USA,42714,MALIBU COCONUT,24,375,5.49,8.24,1,8.24,0.37,0.09
INV-65786300147,2023-12-29T00:00:00.000,2538,HY-VEE FOOD STORE #3 (1866) / WATERLOO,1422 FLAMMANG DR,WATERLOO,50702,POINT (-92.327689003 42.45826902),,BLACK HAWK,1062400,SPICED RUM,259,HEAVEN HILL BRANDS,43028,ADMIRAL NELSON SPICED,6,1750,12.00,18.00,6,108.00,10.50,2.77
INV-65786300148,2023-12-29T00:00:00.000,2538,HY-VEE FOOD STORE #3 (1866) / WATERLOO,1422 FLAMMANG DR,WATERLOO,50702,POINT (-92.327689003 42.45826902),,BLACK HAWK,1062100,GOLD RUM,035,BACARDI USA INC,43036,BACARDI GOLD,12,750,8.76,13.14,2,26.28,1.50,0.39
INV-65786300149,2023-12-29T00:00:00.000,2538,HY-VEE FOOD STORE #3 (1866) / WATERLOO,1422 FLAMMANG DR,WATERLOO,50702,POINT (-92.327689003 42.45826902),,BLACK HAWK,1062500,FLAVORED RUM,035,BACARDI USA INC,43051,BACARDI DRAGON BERRY,12,750,8.76,13.14,2,26.28,1.50,0.39
INV-65786300150,2023-12-29T00:00:00.000,2538,HY-VEE FOOD STORE #3 (1866) / WATERLOO,1422 FLAMMANG DR,WATERLOO,50702,POINT (-92.327689003 42.45826902),,BLACK HAWK,1062400,SPICED RUM,035,BACARDI USA INC,43205,BACARDI SPICED RUM,12,750,8.00,12.00,2,24.00,1.50,0.39
INV-65786300152,2023-12-29T00:00:00.000,2538,HY-VEE FOOD STORE #3 (1866) / WATERLOO,1422 FLAMMANG DR,WATERLOO,50702,POINT (-92.327689003 42.45826902),,BLACK HAWK,1062500,FLAVORED RUM,260,DIAGEO AMERICAS,43299,CAPTAIN MORGAN COCONUT,12,750,8.26,12.39,12,148.68,9.00,2.37
INV-65786300154,2023-12-29T00:00:00.000,2538,HY-VEE FOOD STORE #3 (1866) / WATERLOO,1422 FLAMMANG DR,WATERLOO,50702,POINT (-92.327689003 42.45826902),,BLACK HAWK,1062400,SPICED RUM,260,DIAGEO AMERICAS,43334,CAPTAIN MORGAN ORIGINAL SPICED,24,375,5.24,7.86,3,23.58,1.12,0.29
INV-65786300155,2023-12-29T00:00:00.000,2538,HY-VEE FOOD STORE #3 (1866) / WATERLOO,1422 FLAMMANG DR,WATERLOO,50702,POINT (-92.327689003 42.45826902),,BLACK HAWK,1062400,SPICED RUM,260,DIAGEO AMERICAS,43336,CAPTAIN MORGAN ORIGINAL SPICED,12,750,9.49,14.24,12,170.88,9.00,2.37
INV-65786300156,2023-12-29T00:00:00.000,2538,HY-VEE FOOD STORE #3 (1866) / WATERLOO,1422 FLAMMANG DR,WATERLOO,50702,POINT (-92.327689003 42.45826902),,BLACK HAWK,1062500,FLAVORED RUM,035,BACARDI USA INC,43501,BACARDI RASPBERRY,12,750,8.76,13.14,1,13.14,0.75,0.19
INV-65786300157,2023-12-29T00:00:00.000,2538,HY-VEE FOOD STORE #3 (1866) / WATERLOO,1422 FLAMMANG DR,WATERLOO,50702,POINT (-92.327689003 42.45826902),,BLACK HAWK,1062300,AGED DARK RUM,482,"SOVEREIGN BRANDS, LLC",43735,BUMBU XO,6,750,19.99,29.99,1,32.24,0.75,0.19
INV-65786300158,2023-12-29T00:00:00.000,2538,HY-VEE FOOD STORE #3 (1866) / WATERLOO,1422 FLAMMANG DR,WATERLOO,50702,POINT (-92.327689003 42.45826902),,BLACK HAWK,1062500,FLAVORED RUM,065,JIM BEAM BRANDS,44419,CRUZAN BLACK CHERRY,12,750,7.00,10.50,2,21.00,1.50,0.39
INV-65786300159,2023-12-29T00:00:00.000,2538,HY-VEE FOOD STORE #3 (1866) / WATERLOO,1422 FLAMMANG DR,WATERLOO,50702,POINT (-92.327689003 42.45826902),,BLACK HAWK,1062500,FLAVORED RUM,065,JIM BEAM BRANDS,44456,CRUZAN RASPBERRY,12,750,7.00,10.50,1,10.50,0.75,0.19
INV-65786300160,2023-12-29T00:00:00.000,2538,HY-VEE FOOD STORE #3 (1866) / WATERLOO,1422 FLAMMANG DR,WATERLOO,50702,POINT (-92.327689003 42.45826902),,BLACK HAWK,1062300,AGED DARK RUM,065,JIM BEAM BRANDS,44486,CRUZAN DARK,12,750,7.00,10.50,2,21.00,1.50,0.39
INV-65786300161,2023-12-29T00:00:00.000,2538,HY-VEE FOOD STORE #3 (1866) / WATERLOO,1422 FLAMMANG DR,WATERLOO,50702,POINT (-92.327689003 42.45826902),,BLACK HAWK,1062500,FLAVORED RUM,065,JIM BEAM BRANDS,44499,CRUZAN MANGO,12,750,7.00,10.50,1,10.50,0.75,0.19
INV-65786300162,2023-12-29T00:00:00.000,2538,HY-VEE FOOD STORE #3 (1866) / WATERLOO,1422 FLAMMANG DR,WATERLOO,50702,POINT (-92.327689003 42.45826902),,BLACK HAWK,1062500,FLAVORED RUM,065,JIM BEAM BRANDS,44520,CRUZAN VANILLA,12,750,7.00,10.50,2,21.00,1.50,0.39
INV-65786300163,2023-12-29T00:00:00.000,2538,HY-VEE FOOD STORE #3 (1866) / WATERLOO,1422 FLAMMANG DR,WATERLOO,50702,POINT (-92.327689003 42.45826902),,BLACK HAWK,1062500,FLAVORED RUM,065,JIM BEAM BRANDS,44557,CRUZAN STRAWBERRY,12,750,7.00,10.50,1,10.50,0.75,0.19
INV-65786300164,2023-12-29T00:00:00.000,2538,HY-VEE FOOD STORE #3 (1866) / WATERLOO,1422 FLAMMANG DR,WATERLOO,50702,POINT (-92.327689003 42.45826902),,BLACK HAWK,1062400,SPICED RUM,434,LUXCO INC,44660,LADY BLIGH SPICED RUM,12,750,5.00,7.50,2,15.00,1.50,0.39
INV-65786300165,2023-12-29T00:00:00.000,2538,HY-VEE FOOD STORE #3 (1866) / WATERLOO,1422 FLAMMANG DR,WATERLOO,50702,POINT (-92.327689003 42.45826902),,BLACK HAWK,1062400,SPICED RUM,240,WILLIAM GRANT & SONS INC,45886,SAILOR JERRY SPICED NAVY RUM,12,750,10.00,15.00,2,30.00,1.50,0.39
INV-65786300166,2023-12-29T00:00:00.000,2538,HY-VEE FOOD STORE #3 (1866) / WATERLOO,1422 FLAMMANG DR,WATERLOO,50702,POINT (-92.327689003 42.45826902),,BLACK HAWK,1062400,SPICED RUM,395,PROXIMO,46504,KRAKEN BLACK SPICED RUM,12,750,11.00,16.50,2,33.00,1.50,0.39
INV-65786300167,2023-12-29T00:00:00.000,2538,HY-VEE FOOD STORE #3 (1866) / WATERLOO,1422 FLAMMANG DR,WATERLOO,50702,POINT (-92.327689003 42.45826902),,BLACK HAWK,1012300,SINGLE MALT SCOTCH,363,PATERNO IMPORTS LTD / TERLATO WINES INTERNATIONAL,4656,BUNNAHABHAIN 12YR,6,750,44.00,66.00,1,66.00,0.75,0.19
INV-65786300168,2023-12-29T00:00:00.000,2538,HY-VEE FOOD STORE #3 (1866) / WATERLOO,1422 FLAMMANG DR,WATERLOO,50702,POINT (-92.327689003 42.45826902),,BLACK HAWK,1052100,IMPORTED BRANDIES,065,JIM BEAM BRANDS,47786,COURVOISIER VS COGNAC,12,750,19.50,29.25,1,29.25,0.75,0.19
INV-65786300169,2023-12-29T00:00:00.000,2538,HY-VEE FOOD STORE #3 (1866) / WATERLOO,1422 FLAMMANG DR,WATERLOO,50702,POINT (-92.327689003 42.45826902),,BLACK HAWK,1082100,IMPORTED CORDIALS & LIQUEURS,035,BACARDI USA INC,47865,D'USSE VSOP,6,750,32.00,48.00,1,48.00,0.75,0.19
INV-65786300170,2023-12-29T00:00:00.000,2538,HY-VEE FOOD STORE #3 (1866) / WATERLOO,1422 FLAMMANG DR,WATERLOO,50702,POINT (-92.327689003 42.45826902),,BLACK HAWK,1012200,SCOTCH WHISKIES,421,SAZERAC COMPANY  INC,4796,CUTTY SARK SCOTCH,12,750,10.02,15.03,1,15.03,0.75,0.19
INV-65786300171,2023-12-29T00:00:00.000,2538,HY-VEE FOOD STORE #3 (1866) / WATERLOO,1422 FLAMMANG DR,WATERLOO,50702,POINT (-92.327689003 42.45826902),,BLACK HAWK,1052100,IMPORTED BRANDIES,420,MOET HENNESSY USA,48099,HENNESSY VS,24,200,7.49,11.24,4,44.96,0.80,0.21
INV-65786300172,2023-12-29T00:00:00.000,2538,HY-VEE FOOD STORE #3 (1866) / WATERLOO,1422 FLAMMANG DR,WATERLOO,50702,POINT (-92.327689003 42.45826902),,BLACK HAWK,1052100,IMPORTED BRANDIES,420,MOET HENNESSY USA,48108,HENNESSY VS,6,1750,49.99,74.99,6,449.94,10.50,2.77
INV-65786300173,2023-12-29T00:00:00.000,2538,HY-VEE FOOD STORE #3 (1866) / WATERLOO,1422 FLAMMANG DR,WATERLOO,50702,POINT (-92.327689003 42.45826902),,BLACK HAWK,1012200,SCOTCH WHISKIES,035,BACARDI USA INC,4866,DEWARS WHITE LABEL SCOTCH,12,750,13.50,20.25,1,20.25,0.75,0.19
INV-65786300174,2023-12-29T00:00:00.000,2538,HY-VEE FOOD STORE #3 (1866) / WATERLOO,1422 FLAMMANG DR,WATERLOO,50702,POINT (-92.327689003 42.45826902),,BLACK HAWK,1012200,SCOTCH WHISKIES,035,BACARDI USA INC,4876,DEWARS 12YR,12,750,15.50,23.25,2,46.50,1.50,0.39
INV-65786300175,2023-12-29T00:00:00.000,2538,HY-VEE FOOD STORE #3 (1866) / WATERLOO,1422 FLAMMANG DR,WATERLOO,50702,POINT (-92.327689003 42.45826902),,BLACK HAWK,1052100,IMPORTED BRANDIES,389,REMY COINTREAU USA INC,49084,REMY MARTIN 1738 ACCORD ROYAL,12,375,15.30,22.95,1,22.95,0.37,0.09
INV-65786300176,2023-12-29T00:00:00.000,2538,HY-VEE FOOD STORE #3 (1866) / WATERLOO,1422 FLAMMANG DR,WATERLOO,50702,POINT (-92.327689003 42.45826902),,BLACK HAWK,1052100,IMPORTED BRANDIES,389,REMY COINTREAU USA INC,49086,REMY MARTIN 1738 ACCORD ROYAL,6,750,32.48,48.72,2,97.44,1.50,0.39
INV-65786300177,2023-12-29T00:00:00.000,2538,HY-VEE FOOD STORE #3 (1866) / WATERLOO,1422 FLAMMANG DR,WATERLOO,50702,POINT (-92.327689003 42.45826902),,BLACK HAWK,1012300,SINGLE MALT SCOTCH,240,WILLIAM GRANT & SONS INC,5014,GLENFIDDICH 15YR SOLERA RESERVA,12,750,45.00,67.50,1,67.50,0.75,0.19
INV-65786300178,2023-12-29T00:00:00.000,2538,HY-VEE FOOD STORE #3 (1866) / WATERLOO,1422 FLAMMANG DR,WATERLOO,50702,POINT (-92.327689003 42.45826902),,BLACK HAWK,1012300,SINGLE MALT SCOTCH,370,PERNOD RICARD USA,5036,GLENLIVET 12YR,12,750,27.98,41.97,2,83.94,1.50,0.39
INV-65786300180,2023-12-29T00:00:00.000,2538,HY-VEE FOOD STORE #3 (1866) / WATERLOO,1422 FLAMMANG DR,WATERLOO,50702,POINT (-92.327689003 42.45826902),,BLACK HAWK,1012300,SINGLE MALT SCOTCH,370,PERNOD RICARD USA,5061,GLENLIVET 15YR FRENCH OAK,6,750,44.97,67.46,1,67.46,0.75,0.19
INV-65786300181,2023-12-29T00:00:00.000,2538,HY-VEE FOOD STORE #3 (1866) / WATERLOO,1422 FLAMMANG DR,WATERLOO,50702,POINT (-92.327689003 42.45826902),,BLACK HAWK,1052100,IMPORTED BRANDIES,389,REMY COINTREAU USA INC,50676,ST REMY XO,12,750,11.99,17.99,1,17.99,0.75,0.19
INV-65786300184,2023-12-29T00:00:00.000,2538,HY-VEE FOOD STORE #3 (1866) / WATERLOO,1422 FLAMMANG DR,WATERLOO,50702,POINT (-92.327689003 42.45826902),,BLACK HAWK,1052100,IMPORTED BRANDIES,557,"WORLDWIDE LIBATIONS, LLC",51326,MARASKA SLIVOVITZ,6,750,14.60,21.90,6,131.40,4.50,1.18
INV-65786300185,2023-12-29T00:00:00.000,2538,HY-VEE FOOD STORE #3 (1866) / WATERLOO,1422 FLAMMANG DR,WATERLOO,50702,POINT (-92.327689003 42.45826902),,BLACK HAWK,1052100,IMPORTED BRANDIES,557,"WORLDWIDE LIBATIONS, LLC",51328,MARASKA SLIVOVITZ 10YR,6,750,17.50,26.25,6,157.50,4.50,1.18
INV-65786300186,2023-12-29T00:00:00.000,2538,HY-VEE FOOD STORE #3 (1866) / WATERLOO,1422 FLAMMANG DR,WATERLOO,50702,POINT (-92.327689003 42.45826902),,BLACK HAWK,1052100,IMPORTED BRANDIES,261,GRAND PRIX BEVERAGE LLC,51578,PODRUM PEVAC ZUTA DUNJA QUINCE BRANDY,6,700,18.00,27.00,6,162.00,4.20,1.10
INV-65786300187,2023-12-29T00:00:00.000,2538,HY-VEE FOOD STORE #3 (1866) / WATERLOO,1422 FLAMMANG DR,WATERLOO,50702,POINT (-92.327689003 42.45826902),,BLACK HAWK,1052100,IMPORTED BRANDIES,261,GRAND PRIX BEVERAGE LLC,51634,SIMEX MANASTIRSKA SLJIVA PLUM BRANDY,6,1000,17.48,26.22,2,52.44,2.00,0.52
INV-65786300188,2023-12-29T00:00:00.000,2538,HY-VEE FOOD STORE #3 (1866) / WATERLOO,1422 FLAMMANG DR,WATERLOO,50702,POINT (-92.327689003 42.45826902),,BLACK HAWK,1052100,IMPORTED BRANDIES,261,GRAND PRIX BEVERAGE LLC,51713,TAKOVO BRKA PRIRODNA PREPECENICA PLUM BRANDY,12,1000,17.48,26.22,1,26.22,1.00,0.26
INV-65786300190,2023-12-29T00:00:00.000,2538,HY-VEE FOOD STORE #3 (1866) / WATERLOO,1422 FLAMMANG DR,WATERLOO,50702,POINT (-92.327689003 42.45826902),,BLACK HAWK,1051100,AMERICAN BRANDIES,205,E & J GALLO WINERY,52563,E & J XO,12,750,8.50,12.75,1,12.75,0.75,0.19
INV-65786300191,2023-12-29T00:00:00.000,2538,HY-VEE FOOD STORE #3 (1866) / WATERLOO,1422 FLAMMANG DR,WATERLOO,50702,POINT (-92.327689003 42.45826902),,BLACK HAWK,1051100,AMERICAN BRANDIES,205,E & J GALLO WINERY,52582,E & J VSOP,12,750,7.24,10.86,1,10.86,0.75,0.19
INV-65786300192,2023-12-29T00:00:00.000,2538,HY-VEE FOOD STORE #3 (1866) / WATERLOO,1422 FLAMMANG DR,WATERLOO,50702,POINT (-92.327689003 42.45826902),,BLACK HAWK,1051100,AMERICAN BRANDIES,205,E & J GALLO WINERY,52593,E & J VS,24,200,2.14,3.21,2,6.42,0.40,0.10
INV-65786300193,2023-12-29T00:00:00.000,2538,HY-VEE FOOD STORE #3 (1866) / WATERLOO,1422 FLAMMANG DR,WATERLOO,50702,POINT (-92.327689003 42.45826902),,BLACK HAWK,1051100,AMERICAN BRANDIES,085,BROWN FORMAN CORP.,52835,KORBEL BRANDY PET,6,1750,11.50,17.25,6,103.50,10.50,2.77
INV-65786300194,2023-12-29T00:00:00.000,2538,HY-VEE FOOD STORE #3 (1866) / WATERLOO,1422 FLAMMANG DR,WATERLOO,50702,POINT (-92.327689003 42.45826902),,BLACK HAWK,1012200,SCOTCH WHISKIES,260,DIAGEO AMERICAS,5346,JOHNNIE WALKER RED,12,750,13.50,20.25,2,40.50,1.50,0.39
INV-65786300195,2023-12-29T00:00:00.000,2538,HY-VEE FOOD STORE #3 (1866) / WATERLOO,1422 FLAMMANG DR,WATERLOO,50702,POINT (-92.327689003 42.45826902),,BLACK HAWK,1012200,SCOTCH WHISKIES,260,DIAGEO AMERICAS,5350,JOHNNIE WALKER GREEN,6,750,37.49,56.24,1,56.24,0.75,0.19
INV-65786300196,2023-12-29T00:00:00.000,2538,HY-VEE FOOD STORE #3 (1866) / WATERLOO,1422 FLAMMANG DR,WATERLOO,50702,POINT (-92.327689003 42.45826902),,BLACK HAWK,1011100,BLENDED WHISKIES,205,E & J GALLO WINERY,5360,JOHN BARR RESERVE,6,1750,15.00,22.50,6,180.00,10.50,2.77
INV-65786300197,2023-12-29T00:00:00.000,2538,HY-VEE FOOD STORE #3 (1866) / WATERLOO,1422 FLAMMANG DR,WATERLOO,50702,POINT (-92.327689003 42.45826902),,BLACK HAWK,1051100,AMERICAN BRANDIES,125,CEDAR RIDGE VINEYARDS LL,53645,CEDAR RIDGE FRUIT BRANDY,6,750,20.00,30.00,6,180.00,4.50,1.18
INV-65786300198,2023-12-29T00:00:00.000,2538,HY-VEE FOOD STORE #3 (1866) / WATERLOO,1422 FLAMMANG DR,WATERLOO,50702,POINT (-92.327689003 42.45826902),,BLACK HAWK,1051100,AMERICAN BRANDIES,421,SAZERAC COMPANY  INC,53853,PAUL MASSON FRUIT PUNCH GRANDE AMBER BRANDY,12,750,6.41,9.62,2,19.24,1.50,0.39
INV-65786300199,2023-12-29T00:00:00.000,2538,HY-VEE FOOD STORE #3 (1866) / WATERLOO,1422 FLAMMANG DR,WATERLOO,50702,POINT (-92.327689003 42.45826902),,BLACK HAWK,1012300,SINGLE MALT SCOTCH,065,JIM BEAM BRANDS,5446,LAPHROAIG 10YR,12,750,29.50,44.25,2,88.50,1.50,0.39
INV-65786300201,2023-12-29T00:00:00.000,2538,HY-VEE FOOD STORE #3 (1866) / WATERLOO,1422 FLAMMANG DR,WATERLOO,50702,POINT (-92.327689003 42.45826902),,BLACK HAWK,1071000,COCKTAILS/RTD,421,SAZERAC COMPANY  INC,57129,CHI-CHI'S MEXICAN MUDSLIDE,6,1750,6.50,9.75,6,58.50,10.50,2.77
INV-65786300202,2023-12-29T00:00:00.000,2538,HY-VEE FOOD STORE #3 (1866) / WATERLOO,1422 FLAMMANG DR,WATERLOO,50702,POINT (-92.327689003 42.45826902),,BLACK HAWK,1071000,COCKTAILS/RTD,908,BUZZBALLZ LLC / SOUTHERN CHAMPION,57575,BUZZBALLZ BIGGIES CHOCOLATE TEASE,3,1750,10.00,15.00,3,45.00,5.25,1.38
INV-65786300203,2023-12-29T00:00:00.000,2538,HY-VEE FOOD STORE #3 (1866) / WATERLOO,1422 FLAMMANG DR,WATERLOO,50702,POINT (-92.327689003 42.45826902),,BLACK HAWK,1071000,COCKTAILS/RTD,908,BUZZBALLZ LLC / SOUTHERN CHAMPION,57578,BUZZBALLZ BIGGIES STRAWBERRY RITA,3,1750,10.00,15.00,3,45.00,5.25,1.38
INV-65786300204,2023-12-29T00:00:00.000,2538,HY-VEE FOOD STORE #3 (1866) / WATERLOO,1422 FLAMMANG DR,WATERLOO,50702,POINT (-92.327689003 42.45826902),,BLACK HAWK,1071000,COCKTAILS/RTD,260,DIAGEO AMERICAS,58801,CAPTAIN MORGAN LONG ISLAND ICED TEA,6,1750,11.00,16.50,6,99.00,10.50,2.77
INV-65786300205,2023-12-29T00:00:00.000,2538,HY-VEE FOOD STORE #3 (1866) / WATERLOO,1422 FLAMMANG DR,WATERLOO,50702,POINT (-92.327689003 42.45826902),,BLACK HAWK,1071000,COCKTAILS/RTD,395,PROXIMO,58860,JOSE CUERVO AUTHENTIC MANGO MARGARITA,6,1750,8.74,13.11,6,78.66,10.50,2.77
INV-65786300206,2023-12-29T00:00:00.000,2538,HY-VEE FOOD STORE #3 (1866) / WATERLOO,1422 FLAMMANG DR,WATERLOO,50702,POINT (-92.327689003 42.45826902),,BLACK HAWK,1071000,COCKTAILS/RTD,395,PROXIMO,58865,JOSE CUERVO AUTHENTIC RASPBERRY MARGARITA,6,1750,8.74,13.11,6,78.66,10.50,2.77
INV-65786300207,2023-12-29T00:00:00.000,2538,HY-VEE FOOD STORE #3 (1866) / WATERLOO,1422 FLAMMANG DR,WATERLOO,50702,POINT (-92.327689003 42.45826902),,BLACK HAWK,1071000,COCKTAILS/RTD,395,PROXIMO,58868,JOSE CUERVO AUTHENTIC STRAWBERRY LIME MARGARITA,6,1750,8.74,13.11,6,78.66,10.50,2.77
INV-65786300208,2023-12-29T00:00:00.000,2538,HY-VEE FOOD STORE #3 (1866) / WATERLOO,1422 FLAMMANG DR,WATERLOO,50702,POINT (-92.327689003 42.45826902),,BLACK HAWK,1071000,COCKTAILS/RTD,395,PROXIMO,58872,JOSE CUERVO AUTHENTIC LIGHT LIME MARGARITA,6,1750,8.74,13.11,6,78.66,10.50,2.77
INV-65786300209,2023-12-29T00:00:00.000,2538,HY-VEE FOOD STORE #3 (1866) / WATERLOO,1422 FLAMMANG DR,WATERLOO,50702,POINT (-92.327689003 42.45826902),,BLACK HAWK,1071000,COCKTAILS/RTD,395,PROXIMO,58875,JOSE CUERVO GOLDEN MARGARITA,6,1750,11.04,16.56,6,99.36,10.50,2.77
INV-65786300210,2023-12-29T00:00:00.000,2538,HY-VEE FOOD STORE #3 (1866) / WATERLOO,1422 FLAMMANG DR,WATERLOO,50702,POINT (-92.327689003 42.45826902),,BLACK HAWK,1071000,COCKTAILS/RTD,421,SAZERAC COMPANY  INC,59037,DESERT ISLAND LONG ISLAND ICED TEA COCKTAIL,12,1000,4.75,7.13,1,7.13,1.00,0.26
INV-65786300211,2023-12-29T00:00:00.000,2538,HY-VEE FOOD STORE #3 (1866) / WATERLOO,1422 FLAMMANG DR,WATERLOO,50702,POINT (-92.327689003 42.45826902),,BLACK HAWK,1071000,COCKTAILS/RTD,395,PROXIMO,59192,1800 ULTIMATE BLACK CHERRY MARGARITA PET,6,1750,10.04,15.06,6,90.36,10.50,2.77
INV-65786300212,2023-12-29T00:00:00.000,2538,HY-VEE FOOD STORE #3 (1866) / WATERLOO,1422 FLAMMANG DR,WATERLOO,50702,POINT (-92.327689003 42.45826902),,BLACK HAWK,1012300,SINGLE MALT SCOTCH,205,E & J GALLO WINERY,6075,DALMORE 14YR,6,750,51.33,77.00,1,70.01,0.75,0.19
INV-65786300214,2023-12-29T00:00:00.000,2538,HY-VEE FOOD STORE #3 (1866) / WATERLOO,1422 FLAMMANG DR,WATERLOO,50702,POINT (-92.327689003 42.45826902),,BLACK HAWK,1071000,COCKTAILS/RTD,065,JIM BEAM BRANDS,63311,ON THE ROCKS COCKTAILS CRUZAN MAI TAI,12,375,6.50,9.75,2,19.50,0.75,0.19
INV-65786300215,2023-12-29T00:00:00.000,2538,HY-VEE FOOD STORE #3 (1866) / WATERLOO,1422 FLAMMANG DR,WATERLOO,50702,POINT (-92.327689003 42.45826902),,BLACK HAWK,1071000,COCKTAILS/RTD,065,JIM BEAM BRANDS,63321,ON THE ROCKS COCKTAILS HORNITOS MARGARITA,12,375,6.50,9.75,4,39.00,1.50,0.39
INV-65786300216,2023-12-29T00:00:00.000,2538,HY-VEE FOOD STORE #3 (1866) / WATERLOO,1422 FLAMMANG DR,WATERLOO,50702,POINT (-92.327689003 42.45826902),,BLACK HAWK,1071000,COCKTAILS/RTD,065,JIM BEAM BRANDS,63347,ON THE ROCKS COCKTAILS KNOB CREEK BOURBON OLD FASHIONED,12,375,6.50,9.75,4,39.00,1.50,0.39
INV-65786300217,2023-12-29T00:00:00.000,2538,HY-VEE FOOD STORE #3 (1866) / WATERLOO,1422 FLAMMANG DR,WATERLOO,50702,POINT (-92.327689003 42.45826902),,BLACK HAWK,1082100,IMPORTED CORDIALS & LIQUEURS,305,MHW LTD,64000,ABSENTE,12,750,24.63,36.95,2,73.90,1.50,0.39
INV-65786300219,2023-12-29T00:00:00.000,2538,HY-VEE FOOD STORE #3 (1866) / WATERLOO,1422 FLAMMANG DR,WATERLOO,50702,POINT (-92.327689003 42.45826902),,BLACK HAWK,1082100,IMPORTED CORDIALS & LIQUEURS,130,DISARONNO INTERNATIONAL,64138,DISARONNO AMARETTO,6,1750,30.54,45.81,6,274.86,10.50,2.77
INV-65786300220,2023-12-29T00:00:00.000,2538,HY-VEE FOOD STORE #3 (1866) / WATERLOO,1422 FLAMMANG DR,WATERLOO,50702,POINT (-92.327689003 42.45826902),,BLACK HAWK,1082100,IMPORTED CORDIALS & LIQUEURS,619,CAMPARI AMERICA,64147,APEROL,6,750,15.00,22.50,2,45.00,1.50,0.39
INV-65786300221,2023-12-29T00:00:00.000,2538,HY-VEE FOOD STORE #3 (1866) / WATERLOO,1422 FLAMMANG DR,WATERLOO,50702,POINT (-92.327689003 42.45826902),,BLACK HAWK,1082100,IMPORTED CORDIALS & LIQUEURS,085,BROWN FORMAN CORP.,64193,CHAMBORD LIQUEUR ROYALE DE FRANCE,12,700,20.00,30.00,2,60.00,1.40,0.36
INV-65786300223,2023-12-29T00:00:00.000,2538,HY-VEE FOOD STORE #3 (1866) / WATERLOO,1422 FLAMMANG DR,WATERLOO,50702,POINT (-92.327689003 42.45826902),,BLACK HAWK,1032200,IMPORTED FLAVORED VODKA,260,DIAGEO AMERICAS,64512,CIROC APPLE,12,750,16.49,24.74,1,24.74,0.75,0.19
INV-65786300224,2023-12-29T00:00:00.000,2538,HY-VEE FOOD STORE #3 (1866) / WATERLOO,1422 FLAMMANG DR,WATERLOO,50702,POINT (-92.327689003 42.45826902),,BLACK HAWK,1082100,IMPORTED CORDIALS & LIQUEURS,619,CAMPARI AMERICA,64636,CAMPARI ITALIAN APERITIVO,12,750,17.50,26.25,1,26.25,0.75,0.19
INV-65786300225,2023-12-29T00:00:00.000,2538,HY-VEE FOOD STORE #3 (1866) / WATERLOO,1422 FLAMMANG DR,WATERLOO,50702,POINT (-92.327689003 42.45826902),,BLACK HAWK,1032200,IMPORTED FLAVORED VODKA,260,DIAGEO AMERICAS,64716,CIROC PEACH,12,750,16.49,24.74,1,24.74,0.75,0.19
INV-65786300226,2023-12-29T00:00:00.000,2538,HY-VEE FOOD STORE #3 (1866) / WATERLOO,1422 FLAMMANG DR,WATERLOO,50702,POINT (-92.327689003 42.45826902),,BLACK HAWK,1082100,IMPORTED CORDIALS & LIQUEURS,389,REMY COINTREAU USA INC,64776,COINTREAU LIQUEUR,12,750,22.98,34.47,2,68.94,1.50,0.39
INV-65786300228,2023-12-29T00:00:00.000,2538,HY-VEE FOOD STORE #3 (1866) / WATERLOO,1422 FLAMMANG DR,WATERLOO,50702,POINT (-92.327689003 42.45826902),,BLACK HAWK,1081600,WHISKEY LIQUEUR,421,SAZERAC COMPANY  INC,64858,FIREBALL CINNAMON WHISKEY MINI DISPENSER,1,50,25.80,38.70,2,77.40,0.10,0.02
INV-65786300229,2023-12-29T00:00:00.000,2538,HY-VEE FOOD STORE #3 (1866) / WATERLOO,1422 FLAMMANG DR,WATERLOO,50702,POINT (-92.327689003 42.45826902),,BLACK HAWK,1081600,WHISKEY LIQUEUR,421,SAZERAC COMPANY  INC,64863,FIREBALL CINNAMON WHISKEY,48,200,2.50,3.75,3,11.25,0.60,0.15
INV-65786300230,2023-12-29T00:00:00.000,2538,HY-VEE FOOD STORE #3 (1866) / WATERLOO,1422 FLAMMANG DR,WATERLOO,50702,POINT (-92.327689003 42.45826902),,BLACK HAWK,1081600,WHISKEY LIQUEUR,421,SAZERAC COMPANY  INC,64866,FIREBALL CINNAMON WHISKEY,12,750,9.00,13.50,24,324.00,18.00,4.75
INV-65786300231,2023-12-29T00:00:00.000,2538,HY-VEE FOOD STORE #3 (1866) / WATERLOO,1422 FLAMMANG DR,WATERLOO,50702,POINT (-92.327689003 42.45826902),,BLACK HAWK,1081600,WHISKEY LIQUEUR,421,SAZERAC COMPANY  INC,64870,FIREBALL CINNAMON WHISKEY,48,100,1.00,1.50,96,144.00,9.60,2.53
INV-65786300232,2023-12-29T00:00:00.000,2538,HY-VEE FOOD STORE #3 (1866) / WATERLOO,1422 FLAMMANG DR,WATERLOO,50702,POINT (-92.327689003 42.45826902),,BLACK HAWK,1082100,IMPORTED CORDIALS & LIQUEURS,240,WILLIAM GRANT & SONS INC,64876,DRAMBUIE LIQUEUR,12,750,24.00,36.00,2,72.00,1.50,0.39
INV-65786300234,2023-12-29T00:00:00.000,2538,HY-VEE FOOD STORE #3 (1866) / WATERLOO,1422 FLAMMANG DR,WATERLOO,50702,POINT (-92.327689003 42.45826902),,BLACK HAWK,1082100,IMPORTED CORDIALS & LIQUEURS,619,CAMPARI AMERICA,65126,GRAND MARNIER CORDON ROUGE,12,750,23.00,34.50,3,103.50,2.25,0.59
INV-65786300235,2023-12-29T00:00:00.000,2538,HY-VEE FOOD STORE #3 (1866) / WATERLOO,1422 FLAMMANG DR,WATERLOO,50702,POINT (-92.327689003 42.45826902),,BLACK HAWK,1082100,IMPORTED CORDIALS & LIQUEURS,368,PARK STREET IMPORTS,65426,LICOR 43,12,750,14.50,21.75,12,261.00,9.00,2.37
INV-65786300237,2023-12-29T00:00:00.000,2538,HY-VEE FOOD STORE #3 (1866) / WATERLOO,1422 FLAMMANG DR,WATERLOO,50702,POINT (-92.327689003 42.45826902),,BLACK HAWK,1082100,IMPORTED CORDIALS & LIQUEURS,342,DV SPIRITS LLC,66023,NARANJA ORANGE LIQUEUR,12,750,11.00,16.50,2,33.00,1.50,0.39
INV-65786300238,2023-12-29T00:00:00.000,2538,HY-VEE FOOD STORE #3 (1866) / WATERLOO,1422 FLAMMANG DR,WATERLOO,50702,POINT (-92.327689003 42.45826902),,BLACK HAWK,1081200,CREAM LIQUEURS,205,E & J GALLO WINERY,66522,RUMCHATA COCONUT,12,750,14.00,21.00,3,63.00,2.25,0.59
INV-65786300239,2023-12-29T00:00:00.000,2538,HY-VEE FOOD STORE #3 (1866) / WATERLOO,1422 FLAMMANG DR,WATERLOO,50702,POINT (-92.327689003 42.45826902),,BLACK HAWK,1011100,BLENDED WHISKIES,368,PARK STREET IMPORTS,66725,SHANKYS WHIP BLACK SPIRITS,6,750,14.54,21.81,6,130.86,4.50,1.18
INV-65786300240,2023-12-29T00:00:00.000,2538,HY-VEE FOOD STORE #3 (1866) / WATERLOO,1422 FLAMMANG DR,WATERLOO,50702,POINT (-92.327689003 42.45826902),,BLACK HAWK,1082100,IMPORTED CORDIALS & LIQUEURS,065,JIM BEAM BRANDS,67006,MIDORI MELON LIQUEUR,12,750,11.49,17.24,2,34.48,1.50,0.39
INV-65786300241,2023-12-29T00:00:00.000,2538,HY-VEE FOOD STORE #3 (1866) / WATERLOO,1422 FLAMMANG DR,WATERLOO,50702,POINT (-92.327689003 42.45826902),,BLACK HAWK,1071000,COCKTAILS/RTD,305,MHW LTD,67081,TWISTED SHOTZ STRAWBERRY SUNDAE,1,1800,55.26,82.89,1,82.89,1.80,0.47
INV-65786300242,2023-12-29T00:00:00.000,2538,HY-VEE FOOD STORE #3 (1866) / WATERLOO,1422 FLAMMANG DR,WATERLOO,50702,POINT (-92.327689003 42.45826902),,BLACK HAWK,1071000,COCKTAILS/RTD,305,MHW LTD,67245,TWISTED SHOTZ JOLLI JOLLI,1,1800,55.24,82.86,1,82.86,1.80,0.47
INV-65786300243,2023-12-29T00:00:00.000,2538,HY-VEE FOOD STORE #3 (1866) / WATERLOO,1422 FLAMMANG DR,WATERLOO,50702,POINT (-92.327689003 42.45826902),,BLACK HAWK,1081100,COFFEE LIQUEURS,370,PERNOD RICARD USA,67524,KAHLUA COFFEE,24,375,8.99,13.49,2,26.98,0.75,0.19
INV-65786300244,2023-12-29T00:00:00.000,2538,HY-VEE FOOD STORE #3 (1866) / WATERLOO,1422 FLAMMANG DR,WATERLOO,50702,POINT (-92.327689003 42.45826902),,BLACK HAWK,1081100,COFFEE LIQUEURS,370,PERNOD RICARD USA,67526,KAHLUA COFFEE,12,750,14.99,22.49,12,269.88,9.00,2.37
INV-65786300245,2023-12-29T00:00:00.000,2538,HY-VEE FOOD STORE #3 (1866) / WATERLOO,1422 FLAMMANG DR,WATERLOO,50702,POINT (-92.327689003 42.45826902),,BLACK HAWK,1081100,COFFEE LIQUEURS,370,PERNOD RICARD USA,67578,KAHLUA SALTED CARAMEL,12,750,14.99,22.49,3,67.47,2.25,0.59
INV-65786300246,2023-12-29T00:00:00.000,2538,HY-VEE FOOD STORE #3 (1866) / WATERLOO,1422 FLAMMANG DR,WATERLOO,50702,POINT (-92.327689003 42.45826902),,BLACK HAWK,1081100,COFFEE LIQUEURS,421,SAZERAC COMPANY  INC,67586,KAPALI COFFEE LIQUEUR,12,750,6.00,9.00,3,27.00,2.25,0.59
INV-65786300247,2023-12-29T00:00:00.000,2538,HY-VEE FOOD STORE #3 (1866) / WATERLOO,1422 FLAMMANG DR,WATERLOO,50702,POINT (-92.327689003 42.45826902),,BLACK HAWK,1082100,IMPORTED CORDIALS & LIQUEURS,260,DIAGEO AMERICAS,67900,BAILEYS CHOCOLATE,12,750,16.49,24.74,4,98.96,3.00,0.79
INV-65786300248,2023-12-29T00:00:00.000,2538,HY-VEE FOOD STORE #3 (1866) / WATERLOO,1422 FLAMMANG DR,WATERLOO,50702,POINT (-92.327689003 42.45826902),,BLACK HAWK,1081200,CREAM LIQUEURS,260,DIAGEO AMERICAS,68013,BAILEYS EXPRESSO,12,750,16.49,24.74,1,24.74,0.75,0.19
INV-65786300250,2023-12-29T00:00:00.000,2538,HY-VEE FOOD STORE #3 (1866) / WATERLOO,1422 FLAMMANG DR,WATERLOO,50702,POINT (-92.327689003 42.45826902),,BLACK HAWK,1081200,CREAM LIQUEURS,260,DIAGEO AMERICAS,68036,BAILEYS ORIGINAL IRISH CREAM,12,750,16.49,24.74,12,296.88,9.00,2.37
INV-65786300252,2023-12-29T00:00:00.000,2538,HY-VEE FOOD STORE #3 (1866) / WATERLOO,1422 FLAMMANG DR,WATERLOO,50702,POINT (-92.327689003 42.45826902),,BLACK HAWK,1701100,TEMPORARY & SPECIALTY PACKAGES,384,PIEDMONT DISTILLERS INC,68623,MIDNIGHT MOON CHOCOLATE BROWNIE MOONSHAKE,6,750,11.50,17.25,6,103.50,4.50,1.18
INV-65786300253,2023-12-29T00:00:00.000,2538,HY-VEE FOOD STORE #3 (1866) / WATERLOO,1422 FLAMMANG DR,WATERLOO,50702,POINT (-92.327689003 42.45826902),,BLACK HAWK,1081200,CREAM LIQUEURS,434,LUXCO INC,68846,ST BRENDANS IRISH CREAM,12,750,9.50,14.25,2,28.50,1.50,0.39
INV-65786300254,2023-12-29T00:00:00.000,2538,HY-VEE FOOD STORE #3 (1866) / WATERLOO,1422 FLAMMANG DR,WATERLOO,50702,POINT (-92.327689003 42.45826902),,BLACK HAWK,1082200,IMPORTED SCHNAPPS,421,SAZERAC COMPANY  INC,69611,DR MCGILLICUDDYS APPLE PIE,12,750,8.89,13.34,2,25.98,1.50,0.39
INV-65786300255,2023-12-29T00:00:00.000,2538,HY-VEE FOOD STORE #3 (1866) / WATERLOO,1422 FLAMMANG DR,WATERLOO,50702,POINT (-92.327689003 42.45826902),,BLACK HAWK,1082200,IMPORTED SCHNAPPS,421,SAZERAC COMPANY  INC,69634,DR MCGILLICUDDYS CHERRY,24,375,5.33,8.00,1,8.00,0.37,0.09
INV-65786300256,2023-12-29T00:00:00.000,2538,HY-VEE FOOD STORE #3 (1866) / WATERLOO,1422 FLAMMANG DR,WATERLOO,50702,POINT (-92.327689003 42.45826902),,BLACK HAWK,1082200,IMPORTED SCHNAPPS,421,SAZERAC COMPANY  INC,69638,DR MCGILLICUDDYS CHERRY,6,1750,15.00,22.50,6,131.94,10.50,2.77
INV-65786300257,2023-12-29T00:00:00.000,2538,HY-VEE FOOD STORE #3 (1866) / WATERLOO,1422 FLAMMANG DR,WATERLOO,50702,POINT (-92.327689003 42.45826902),,BLACK HAWK,1082200,IMPORTED SCHNAPPS,421,SAZERAC COMPANY  INC,69656,DR MCGILLICUDDYS MENTHOLMINT,12,750,8.89,13.34,3,38.97,2.25,0.59
INV-65786300258,2023-12-29T00:00:00.000,2538,HY-VEE FOOD STORE #3 (1866) / WATERLOO,1422 FLAMMANG DR,WATERLOO,50702,POINT (-92.327689003 42.45826902),,BLACK HAWK,1081300,AMERICAN CORDIALS & LIQUEURS,421,SAZERAC COMPANY  INC,71886,AMARETTO E DOLCE,12,750,3.34,5.01,2,10.02,1.50,0.39
INV-65786300260,2023-12-29T00:00:00.000,2538,HY-VEE FOOD STORE #3 (1866) / WATERLOO,1422 FLAMMANG DR,WATERLOO,50702,POINT (-92.327689003 42.45826902),,BLACK HAWK,1081200,CREAM LIQUEURS,205,E & J GALLO WINERY,73052,RUMCHATA,12,375,8.00,12.00,2,24.00,0.75,0.19
INV-65786300261,2023-12-29T00:00:00.000,2538,HY-VEE FOOD STORE #3 (1866) / WATERLOO,1422 FLAMMANG DR,WATERLOO,50702,POINT (-92.327689003 42.45826902),,BLACK HAWK,1081200,CREAM LIQUEURS,205,E & J GALLO WINERY,73055,RUMCHATA,12,750,14.00,21.00,12,252.00,9.00,2.37
INV-65786300262,2023-12-29T00:00:00.000,2538,HY-VEE FOOD STORE #3 (1866) / WATERLOO,1422 FLAMMANG DR,WATERLOO,50702,POINT (-92.327689003 42.45826902),,BLACK HAWK,1701100,TEMPORARY & SPECIALTY PACKAGES,205,E & J GALLO WINERY,73065,RUMCHATA PEPPERMINT BARK,12,750,14.00,21.00,4,84.00,3.00,0.79
INV-65786300264,2023-12-29T00:00:00.000,2538,HY-VEE FOOD STORE #3 (1866) / WATERLOO,1422 FLAMMANG DR,WATERLOO,50702,POINT (-92.327689003 42.45826902),,BLACK HAWK,1081400,AMERICAN SCHNAPPS,065,JIM BEAM BRANDS,73517,DEKUYPER CACTUS JUICE,12,1000,7.87,11.81,1,11.81,1.00,0.26
INV-65786300265,2023-12-29T00:00:00.000,2538,HY-VEE FOOD STORE #3 (1866) / WATERLOO,1422 FLAMMANG DR,WATERLOO,50702,POINT (-92.327689003 42.45826902),,BLACK HAWK,1081300,AMERICAN CORDIALS & LIQUEURS,065,JIM BEAM BRANDS,73526,DEKUYPER MELON LIQUEUR,12,750,6.75,10.13,2,20.26,1.50,0.39
INV-65786300266,2023-12-29T00:00:00.000,2538,HY-VEE FOOD STORE #3 (1866) / WATERLOO,1422 FLAMMANG DR,WATERLOO,50702,POINT (-92.327689003 42.45826902),,BLACK HAWK,1051100,AMERICAN BRANDIES,205,E & J GALLO WINERY,73762,E & J PEACH,12,750,6.50,9.75,2,19.50,1.50,0.39
INV-65786300267,2023-12-29T00:00:00.000,2538,HY-VEE FOOD STORE #3 (1866) / WATERLOO,1422 FLAMMANG DR,WATERLOO,50702,POINT (-92.327689003 42.45826902),,BLACK HAWK,1081300,AMERICAN CORDIALS & LIQUEURS,421,SAZERAC COMPANY  INC,73986,DI AMORE AMARETTO,12,750,6.25,9.38,2,18.76,1.50,0.39
INV-65786300269,2023-12-29T00:00:00.000,2538,HY-VEE FOOD STORE #3 (1866) / WATERLOO,1422 FLAMMANG DR,WATERLOO,50702,POINT (-92.327689003 42.45826902),,BLACK HAWK,1031200,AMERICAN FLAVORED VODKA,772,INTERCONTINENTAL PACKAGING COMPANY/PRESTIGE BEVERAGE GROUP,75198,KINKY BLUE,6,750,10.00,15.00,6,90.00,4.50,1.18
INV-65786300270,2023-12-29T00:00:00.000,2538,HY-VEE FOOD STORE #3 (1866) / WATERLOO,1422 FLAMMANG DR,WATERLOO,50702,POINT (-92.327689003 42.45826902),,BLACK HAWK,1031200,AMERICAN FLAVORED VODKA,772,INTERCONTINENTAL PACKAGING COMPANY/PRESTIGE BEVERAGE GROUP,75210,KINKY PINK,6,750,10.00,15.00,1,15.00,0.75,0.19
INV-65786300271,2023-12-29T00:00:00.000,2538,HY-VEE FOOD STORE #3 (1866) / WATERLOO,1422 FLAMMANG DR,WATERLOO,50702,POINT (-92.327689003 42.45826902),,BLACK HAWK,1011100,BLENDED WHISKIES,305,MHW LTD,75268,KURVBALL WHISKEY,6,750,14.00,21.00,3,63.00,2.25,0.59
INV-65786300272,2023-12-29T00:00:00.000,2538,HY-VEE FOOD STORE #3 (1866) / WATERLOO,1422 FLAMMANG DR,WATERLOO,50702,POINT (-92.327689003 42.45826902),,BLACK HAWK,1091300,NEUTRAL GRAIN SPIRITS FLAVORED,346,OLE SMOKY DISTILLERY LLC,76413,OLE SMOKY BUTTER PECAN MOONSHINE,6,750,13.00,19.50,6,117.00,4.50,1.18
INV-65786300273,2023-12-29T00:00:00.000,2538,HY-VEE FOOD STORE #3 (1866) / WATERLOO,1422 FLAMMANG DR,WATERLOO,50702,POINT (-92.327689003 42.45826902),,BLACK HAWK,1081300,AMERICAN CORDIALS & LIQUEURS,434,LUXCO INC,76486,PARAMOUNT AMARETTO,12,750,3.75,5.63,3,16.89,2.25,0.59
INV-65786300274,2023-12-29T00:00:00.000,2538,HY-VEE FOOD STORE #3 (1866) / WATERLOO,1422 FLAMMANG DR,WATERLOO,50702,POINT (-92.327689003 42.45826902),,BLACK HAWK,1062100,GOLD RUM,395,PROXIMO,76497,KRAKEN GOLD SPICED RUM,12,750,11.00,16.50,2,33.00,1.50,0.39
INV-65786300275,2023-12-29T00:00:00.000,2538,HY-VEE FOOD STORE #3 (1866) / WATERLOO,1422 FLAMMANG DR,WATERLOO,50702,POINT (-92.327689003 42.45826902),,BLACK HAWK,1031200,AMERICAN FLAVORED VODKA,118,AMERICAN SPIRITS EXCHANGE,76501,THE ORIGINAL PICKLE SHOT DILL PICKLE VODKA,12,750,8.34,12.51,12,150.12,9.00,2.37
INV-65786300276,2023-12-29T00:00:00.000,2538,HY-VEE FOOD STORE #3 (1866) / WATERLOO,1422 FLAMMANG DR,WATERLOO,50702,POINT (-92.327689003 42.45826902),,BLACK HAWK,1031200,AMERICAN FLAVORED VODKA,434,LUXCO INC,76669,PEARL VANILLA BEAN,12,750,7.25,10.88,2,21.76,1.50,0.39
INV-65786300277,2023-12-29T00:00:00.000,2538,HY-VEE FOOD STORE #3 (1866) / WATERLOO,1422 FLAMMANG DR,WATERLOO,50702,POINT (-92.327689003 42.45826902),,BLACK HAWK,1091100,AMERICAN DISTILLED SPIRITS SPECIALTY,481,SUGARLANDS DISTILLING COMPANY LLC,77330,SUGARLANDS APPALACHIAN APPLE PIE MOONSHINE,6,750,12.80,19.20,6,115.20,4.50,1.18
INV-65786300278,2023-12-29T00:00:00.000,2538,HY-VEE FOOD STORE #3 (1866) / WATERLOO,1422 FLAMMANG DR,WATERLOO,50702,POINT (-92.327689003 42.45826902),,BLACK HAWK,1031200,AMERICAN FLAVORED VODKA,260,DIAGEO AMERICAS,77632,SMIRNOFF BLUEBERRY,12,750,8.25,12.38,3,37.14,2.25,0.59
INV-65786300279,2023-12-29T00:00:00.000,2538,HY-VEE FOOD STORE #3 (1866) / WATERLOO,1422 FLAMMANG DR,WATERLOO,50702,POINT (-92.327689003 42.45826902),,BLACK HAWK,1031200,AMERICAN FLAVORED VODKA,260,DIAGEO AMERICAS,77637,SMIRNOFF CHERRY,12,750,8.25,12.38,3,37.14,2.25,0.59
INV-65786300280,2023-12-29T00:00:00.000,2538,HY-VEE FOOD STORE #3 (1866) / WATERLOO,1422 FLAMMANG DR,WATERLOO,50702,POINT (-92.327689003 42.45826902),,BLACK HAWK,1031200,AMERICAN FLAVORED VODKA,260,DIAGEO AMERICAS,77647,SMIRNOFF CITRUS,12,750,8.25,12.38,3,37.14,2.25,0.59
INV-65786300281,2023-12-29T00:00:00.000,2538,HY-VEE FOOD STORE #3 (1866) / WATERLOO,1422 FLAMMANG DR,WATERLOO,50702,POINT (-92.327689003 42.45826902),,BLACK HAWK,1031200,AMERICAN FLAVORED VODKA,260,DIAGEO AMERICAS,77683,SMIRNOFF KISSED CARAMEL,12,750,8.25,12.38,4,49.52,3.00,0.79
INV-65786300282,2023-12-29T00:00:00.000,2538,HY-VEE FOOD STORE #3 (1866) / WATERLOO,1422 FLAMMANG DR,WATERLOO,50702,POINT (-92.327689003 42.45826902),,BLACK HAWK,1031200,AMERICAN FLAVORED VODKA,260,DIAGEO AMERICAS,77688,SMIRNOFF LIME,12,750,8.25,12.38,1,12.38,0.75,0.19
INV-65786300283,2023-12-29T00:00:00.000,2538,HY-VEE FOOD STORE #3 (1866) / WATERLOO,1422 FLAMMANG DR,WATERLOO,50702,POINT (-92.327689003 42.45826902),,BLACK HAWK,1031200,AMERICAN FLAVORED VODKA,260,DIAGEO AMERICAS,77709,SMIRNOFF PEACH,12,750,8.25,12.38,1,12.38,0.75,0.19
INV-65786300284,2023-12-29T00:00:00.000,2538,HY-VEE FOOD STORE #3 (1866) / WATERLOO,1422 FLAMMANG DR,WATERLOO,50702,POINT (-92.327689003 42.45826902),,BLACK HAWK,1031200,AMERICAN FLAVORED VODKA,260,DIAGEO AMERICAS,77740,SMIRNOFF RASPBERRY,12,750,8.25,12.38,3,37.14,2.25,0.59
INV-65786300285,2023-12-29T00:00:00.000,2538,HY-VEE FOOD STORE #3 (1866) / WATERLOO,1422 FLAMMANG DR,WATERLOO,50702,POINT (-92.327689003 42.45826902),,BLACK HAWK,1081300,AMERICAN CORDIALS & LIQUEURS,619,CAMPARI AMERICA,77776,WILD TURKEY AMERICAN HONEY,12,750,11.50,17.25,2,34.50,1.50,0.39
INV-65786300286,2023-12-29T00:00:00.000,2538,HY-VEE FOOD STORE #3 (1866) / WATERLOO,1422 FLAMMANG DR,WATERLOO,50702,POINT (-92.327689003 42.45826902),,BLACK HAWK,1031200,AMERICAN FLAVORED VODKA,260,DIAGEO AMERICAS,77842,SMIRNOFF STRAWBERRY,12,750,8.25,12.38,3,37.14,2.25,0.59
INV-65786300287,2023-12-29T00:00:00.000,2538,HY-VEE FOOD STORE #3 (1866) / WATERLOO,1422 FLAMMANG DR,WATERLOO,50702,POINT (-92.327689003 42.45826902),,BLACK HAWK,1031200,AMERICAN FLAVORED VODKA,260,DIAGEO AMERICAS,77847,SMIRNOFF VANILLA,12,750,8.25,12.38,4,49.52,3.00,0.79
INV-65786300288,2023-12-29T00:00:00.000,2538,HY-VEE FOOD STORE #3 (1866) / WATERLOO,1422 FLAMMANG DR,WATERLOO,50702,POINT (-92.327689003 42.45826902),,BLACK HAWK,1031200,AMERICAN FLAVORED VODKA,260,DIAGEO AMERICAS,77858,SMIRNOFF WHIPPED CREAM,12,750,8.25,12.38,3,37.14,2.25,0.59
INV-65786300289,2023-12-29T00:00:00.000,2538,HY-VEE FOOD STORE #3 (1866) / WATERLOO,1422 FLAMMANG DR,WATERLOO,50702,POINT (-92.327689003 42.45826902),,BLACK HAWK,1031200,AMERICAN FLAVORED VODKA,260,DIAGEO AMERICAS,78071,SMIRNOFF ZERO SUGAR INFUSION CUCUMBER & LIME,12,750,8.25,12.38,2,24.76,1.50,0.39
INV-65786300290,2023-12-29T00:00:00.000,2538,HY-VEE FOOD STORE #3 (1866) / WATERLOO,1422 FLAMMANG DR,WATERLOO,50702,POINT (-92.327689003 42.45826902),,BLACK HAWK,1091100,AMERICAN DISTILLED SPIRITS SPECIALTY,481,SUGARLANDS DISTILLING COMPANY LLC,78107,SUGARLANDS APPALACHIAN BANANA PUDDING SIPPIN CREAM,6,750,12.80,19.20,6,115.20,4.50,1.18
INV-65786300291,2023-12-29T00:00:00.000,2538,HY-VEE FOOD STORE #3 (1866) / WATERLOO,1422 FLAMMANG DR,WATERLOO,50702,POINT (-92.327689003 42.45826902),,BLACK HAWK,1031200,AMERICAN FLAVORED VODKA,260,DIAGEO AMERICAS,78133,SMIRNOFF PINK LEMONADE,12,750,8.25,12.38,1,12.38,0.75,0.19
INV-65786300292,2023-12-29T00:00:00.000,2538,HY-VEE FOOD STORE #3 (1866) / WATERLOO,1422 FLAMMANG DR,WATERLOO,50702,POINT (-92.327689003 42.45826902),,BLACK HAWK,1081300,AMERICAN CORDIALS & LIQUEURS,434,LUXCO INC,78456,PARAMOUNT CREME DE CACAO DARK,12,750,5.25,7.88,12,94.56,9.00,2.37
INV-65786300293,2023-12-29T00:00:00.000,2538,HY-VEE FOOD STORE #3 (1866) / WATERLOO,1422 FLAMMANG DR,WATERLOO,50702,POINT (-92.327689003 42.45826902),,BLACK HAWK,1081300,AMERICAN CORDIALS & LIQUEURS,434,LUXCO INC,78866,PARAMOUNT CREME DE CACAO WHITE,12,750,5.25,7.88,12,94.56,9.00,2.37
INV-65786300294,2023-12-29T00:00:00.000,2538,HY-VEE FOOD STORE #3 (1866) / WATERLOO,1422 FLAMMANG DR,WATERLOO,50702,POINT (-92.327689003 42.45826902),,BLACK HAWK,1081300,AMERICAN CORDIALS & LIQUEURS,434,LUXCO INC,79966,ARROW CREME DE ALMOND,12,750,5.00,7.50,2,15.00,1.50,0.39
INV-65786300295,2023-12-29T00:00:00.000,2538,HY-VEE FOOD STORE #3 (1866) / WATERLOO,1422 FLAMMANG DR,WATERLOO,50702,POINT (-92.327689003 42.45826902),,BLACK HAWK,1091300,NEUTRAL GRAIN SPIRITS FLAVORED,346,OLE SMOKY DISTILLERY LLC,80362,OLE SMOKY ORANGE SHINESICLE MOONSHINE,6,750,13.00,19.50,6,117.00,4.50,1.18
INV-65786300296,2023-12-29T00:00:00.000,2538,HY-VEE FOOD STORE #3 (1866) / WATERLOO,1422 FLAMMANG DR,WATERLOO,50702,POINT (-92.327689003 42.45826902),,BLACK HAWK,1091300,NEUTRAL GRAIN SPIRITS FLAVORED,346,OLE SMOKY DISTILLERY LLC,80363,OLE SMOKY BANANA PUDDING CREAM MOONSHINE,6,750,13.00,19.50,6,117.00,4.50,1.18
INV-65786300297,2023-12-29T00:00:00.000,2538,HY-VEE FOOD STORE #3 (1866) / WATERLOO,1422 FLAMMANG DR,WATERLOO,50702,POINT (-92.327689003 42.45826902),,BLACK HAWK,1011400,TENNESSEE WHISKIES,346,OLE SMOKY DISTILLERY LLC,80382,OLE SMOKY COOKIES AND CREAM,6,750,11.00,16.50,6,99.00,4.50,1.18
INV-65786300298,2023-12-29T00:00:00.000,2538,HY-VEE FOOD STORE #3 (1866) / WATERLOO,1422 FLAMMANG DR,WATERLOO,50702,POINT (-92.327689003 42.45826902),,BLACK HAWK,1081200,CREAM LIQUEURS,421,SAZERAC COMPANY  INC,80456,RYANS CREAM LIQUEUR,12,750,6.70,10.05,2,20.10,1.50,0.39
INV-65786300300,2023-12-29T00:00:00.000,2538,HY-VEE FOOD STORE #3 (1866) / WATERLOO,1422 FLAMMANG DR,WATERLOO,50702,POINT (-92.327689003 42.45826902),,BLACK HAWK,1081400,AMERICAN SCHNAPPS,434,LUXCO INC,80576,ARROW PEPPERMINT SCHNAPPS,12,750,3.75,5.63,12,67.56,9.00,2.37
INV-65786300301,2023-12-29T00:00:00.000,2538,HY-VEE FOOD STORE #3 (1866) / WATERLOO,1422 FLAMMANG DR,WATERLOO,50702,POINT (-92.327689003 42.45826902),,BLACK HAWK,1081400,AMERICAN SCHNAPPS,434,LUXCO INC,81206,PARAMOUNT PEPPERMINT SCHNAPPS,12,750,4.25,6.38,12,76.56,9.00,2.37
INV-65786300302,2023-12-29T00:00:00.000,2538,HY-VEE FOOD STORE #3 (1866) / WATERLOO,1422 FLAMMANG DR,WATERLOO,50702,POINT (-92.327689003 42.45826902),,BLACK HAWK,1081400,AMERICAN SCHNAPPS,434,LUXCO INC,82187,ARROW SPEARMINT SCHNAPPS,12,1000,5.25,7.88,2,15.76,2.00,0.52
INV-65786300303,2023-12-29T00:00:00.000,2538,HY-VEE FOOD STORE #3 (1866) / WATERLOO,1422 FLAMMANG DR,WATERLOO,50702,POINT (-92.327689003 42.45826902),,BLACK HAWK,1081400,AMERICAN SCHNAPPS,065,JIM BEAM BRANDS,82606,DEKUYPER SOUR APPLE PUCKER,12,750,6.75,10.13,12,121.56,9.00,2.37
INV-65786300304,2023-12-29T00:00:00.000,2538,HY-VEE FOOD STORE #3 (1866) / WATERLOO,1422 FLAMMANG DR,WATERLOO,50702,POINT (-92.327689003 42.45826902),,BLACK HAWK,1081400,AMERICAN SCHNAPPS,065,JIM BEAM BRANDS,82611,DEKUYPER HOT DAMN!,12,750,6.75,10.13,3,30.39,2.25,0.59
INV-65786300305,2023-12-29T00:00:00.000,2538,HY-VEE FOOD STORE #3 (1866) / WATERLOO,1422 FLAMMANG DR,WATERLOO,50702,POINT (-92.327689003 42.45826902),,BLACK HAWK,1081400,AMERICAN SCHNAPPS,065,JIM BEAM BRANDS,82636,DEKUYPER GRAPE PUCKER,12,750,6.75,10.13,2,20.26,1.50,0.39
INV-65786300306,2023-12-29T00:00:00.000,2538,HY-VEE FOOD STORE #3 (1866) / WATERLOO,1422 FLAMMANG DR,WATERLOO,50702,POINT (-92.327689003 42.45826902),,BLACK HAWK,1081400,AMERICAN SCHNAPPS,065,JIM BEAM BRANDS,82786,DEKUYPER BUTTERSHOTS,12,750,6.75,10.13,12,121.56,9.00,2.37
INV-65786300307,2023-12-29T00:00:00.000,2538,HY-VEE FOOD STORE #3 (1866) / WATERLOO,1422 FLAMMANG DR,WATERLOO,50702,POINT (-92.327689003 42.45826902),,BLACK HAWK,1081400,AMERICAN SCHNAPPS,065,JIM BEAM BRANDS,82820,DEKUYPER STRAWBERRY PUCKER,12,750,6.75,10.13,3,30.39,2.25,0.59
INV-65786300309,2023-12-29T00:00:00.000,2538,HY-VEE FOOD STORE #3 (1866) / WATERLOO,1422 FLAMMANG DR,WATERLOO,50702,POINT (-92.327689003 42.45826902),,BLACK HAWK,1081400,AMERICAN SCHNAPPS,065,JIM BEAM BRANDS,82846,DEKUYPER LUSCIOUS PEACHTREE,12,750,6.75,10.13,12,121.56,9.00,2.37
INV-65786300310,2023-12-29T00:00:00.000,2538,HY-VEE FOOD STORE #3 (1866) / WATERLOO,1422 FLAMMANG DR,WATERLOO,50702,POINT (-92.327689003 42.45826902),,BLACK HAWK,1081400,AMERICAN SCHNAPPS,065,JIM BEAM BRANDS,82866,DEKUYPER WATERMELON PUCKER,12,750,6.75,10.13,2,20.26,1.50,0.39
INV-65786300311,2023-12-29T00:00:00.000,2538,HY-VEE FOOD STORE #3 (1866) / WATERLOO,1422 FLAMMANG DR,WATERLOO,50702,POINT (-92.327689003 42.45826902),,BLACK HAWK,1081400,AMERICAN SCHNAPPS,421,SAZERAC COMPANY  INC,83907,MAUI BLUE HAWAIIAN SCHNAPPS,12,1000,5.00,7.50,2,15.00,2.00,0.52
INV-65786300312,2023-12-29T00:00:00.000,2538,HY-VEE FOOD STORE #3 (1866) / WATERLOO,1422 FLAMMANG DR,WATERLOO,50702,POINT (-92.327689003 42.45826902),,BLACK HAWK,1081400,AMERICAN SCHNAPPS,421,SAZERAC COMPANY  INC,84171,99 BANANAS,48,100,1.00,1.50,48,72.00,4.80,1.26
INV-65786300313,2023-12-29T00:00:00.000,2538,HY-VEE FOOD STORE #3 (1866) / WATERLOO,1422 FLAMMANG DR,WATERLOO,50702,POINT (-92.327689003 42.45826902),,BLACK HAWK,1081400,AMERICAN SCHNAPPS,421,SAZERAC COMPANY  INC,85437,MR BOSTON BLUE CURACAO,12,1000,4.50,6.75,2,13.50,2.00,0.52
INV-65786300314,2023-12-29T00:00:00.000,2538,HY-VEE FOOD STORE #3 (1866) / WATERLOO,1422 FLAMMANG DR,WATERLOO,50702,POINT (-92.327689003 42.45826902),,BLACK HAWK,1081300,AMERICAN CORDIALS & LIQUEURS,434,LUXCO INC,85606,PARAMOUNT BLUE CURACAO,12,750,5.25,7.88,2,15.76,1.50,0.39
INV-65786300315,2023-12-29T00:00:00.000,2538,HY-VEE FOOD STORE #3 (1866) / WATERLOO,1422 FLAMMANG DR,WATERLOO,50702,POINT (-92.327689003 42.45826902),,BLACK HAWK,1081500,TRIPLE SEC,065,JIM BEAM BRANDS,86112,DEKUYPER TRIPLE SEC,12,1000,2.33,3.50,12,42.00,12.00,3.17
INV-65786300317,2023-12-29T00:00:00.000,2538,HY-VEE FOOD STORE #3 (1866) / WATERLOO,1422 FLAMMANG DR,WATERLOO,50702,POINT (-92.327689003 42.45826902),,BLACK HAWK,1081500,TRIPLE SEC,421,SAZERAC COMPANY  INC,86390,MONTEZUMA TRIPLE SEC,12,1000,2.13,3.20,12,38.40,12.00,3.17
INV-65786300318,2023-12-29T00:00:00.000,2538,HY-VEE FOOD STORE #3 (1866) / WATERLOO,1422 FLAMMANG DR,WATERLOO,50702,POINT (-92.327689003 42.45826902),,BLACK HAWK,1081200,CREAM LIQUEURS,654,REVELTON DISTILLING COMPANY,86420,REVELTON WHISKEY AND CREAM LIQUEUR,6,750,15.00,22.50,6,135.00,4.50,1.18
INV-65786300320,2023-12-29T00:00:00.000,2538,HY-VEE FOOD STORE #3 (1866) / WATERLOO,1422 FLAMMANG DR,WATERLOO,50702,POINT (-92.327689003 42.45826902),,BLACK HAWK,1011100,BLENDED WHISKIES,370,PERNOD RICARD USA,86438,SKREWBALL PEANUT BUTTER WHISKEY,12,375,7.99,11.99,1,11.99,0.37,0.09
INV-65786300321,2023-12-29T00:00:00.000,2538,HY-VEE FOOD STORE #3 (1866) / WATERLOO,1422 FLAMMANG DR,WATERLOO,50702,POINT (-92.327689003 42.45826902),,BLACK HAWK,1091100,AMERICAN DISTILLED SPIRITS SPECIALTY,370,PERNOD RICARD USA,86439,SKREWBALL PEANUT BUTTER WHISKEY,12,750,14.99,22.49,2,44.98,1.50,0.39
INV-65786300322,2023-12-29T00:00:00.000,2538,HY-VEE FOOD STORE #3 (1866) / WATERLOO,1422 FLAMMANG DR,WATERLOO,50702,POINT (-92.327689003 42.45826902),,BLACK HAWK,1011200,STRAIGHT BOURBON WHISKIES,619,CAMPARI AMERICA,86503,HOWLER HEAD KSB BANANA,12,750,13.69,20.54,2,41.08,1.50,0.39
INV-65786300323,2023-12-29T00:00:00.000,2538,HY-VEE FOOD STORE #3 (1866) / WATERLOO,1422 FLAMMANG DR,WATERLOO,50702,POINT (-92.327689003 42.45826902),,BLACK HAWK,1011100,BLENDED WHISKIES,421,SAZERAC COMPANY  INC,86559,SHEEP DOG PEANUT BUTTER,12,750,8.50,12.75,2,25.50,1.50,0.39
INV-65786300324,2023-12-29T00:00:00.000,2538,HY-VEE FOOD STORE #3 (1866) / WATERLOO,1422 FLAMMANG DR,WATERLOO,50702,POINT (-92.327689003 42.45826902),,BLACK HAWK,1011400,TENNESSEE WHISKIES,085,BROWN FORMAN CORP.,86670,JACK DANIELS TENNESSEE HONEY,12,750,15.91,23.87,12,286.44,9.00,2.37
INV-65786300325,2023-12-29T00:00:00.000,2538,HY-VEE FOOD STORE #3 (1866) / WATERLOO,1422 FLAMMANG DR,WATERLOO,50702,POINT (-92.327689003 42.45826902),,BLACK HAWK,1091300,NEUTRAL GRAIN SPIRITS FLAVORED,346,OLE SMOKY DISTILLERY LLC,86785,OLE SMOKY APPLE PIE MOONSHINE 70PRF,6,750,13.00,19.50,6,117.00,4.50,1.18
INV-65786300326,2023-12-29T00:00:00.000,2538,HY-VEE FOOD STORE #3 (1866) / WATERLOO,1422 FLAMMANG DR,WATERLOO,50702,POINT (-92.327689003 42.45826902),,BLACK HAWK,1011400,TENNESSEE WHISKIES,346,OLE SMOKY DISTILLERY LLC,86841,OLE SMOKY ROOT BEER WHISKEY,6,750,11.00,16.50,6,99.00,4.50,1.18
INV-65786300327,2023-12-29T00:00:00.000,2538,HY-VEE FOOD STORE #3 (1866) / WATERLOO,1422 FLAMMANG DR,WATERLOO,50702,POINT (-92.327689003 42.45826902),,BLACK HAWK,1091300,NEUTRAL GRAIN SPIRITS FLAVORED,346,OLE SMOKY DISTILLERY LLC,86843,OLE SMOKY SALTY CARAMEL WHISKEY,6,750,11.00,16.50,6,99.00,4.50,1.18
INV-65786300328,2023-12-29T00:00:00.000,2538,HY-VEE FOOD STORE #3 (1866) / WATERLOO,1422 FLAMMANG DR,WATERLOO,50702,POINT (-92.327689003 42.45826902),,BLACK HAWK,1081600,WHISKEY LIQUEUR,421,SAZERAC COMPANY  INC,86886,SOUTHERN COMFORT,12,750,10.33,15.50,3,46.50,2.25,0.59
INV-65786300329,2023-12-29T00:00:00.000,2538,HY-VEE FOOD STORE #3 (1866) / WATERLOO,1422 FLAMMANG DR,WATERLOO,50702,POINT (-92.327689003 42.45826902),,BLACK HAWK,1081600,WHISKEY LIQUEUR,421,SAZERAC COMPANY  INC,86888,SOUTHERN COMFORT PET,6,1750,20.26,30.39,6,182.34,10.50,2.77
INV-65786300330,2023-12-29T00:00:00.000,2538,HY-VEE FOOD STORE #3 (1866) / WATERLOO,1422 FLAMMANG DR,WATERLOO,50702,POINT (-92.327689003 42.45826902),,BLACK HAWK,1081600,WHISKEY LIQUEUR,421,SAZERAC COMPANY  INC,86916,SOUTHERN COMFORT 100PRF,12,750,12.15,18.23,2,36.46,1.50,0.39
INV-65786300331,2023-12-29T00:00:00.000,2538,HY-VEE FOOD STORE #3 (1866) / WATERLOO,1422 FLAMMANG DR,WATERLOO,50702,POINT (-92.327689003 42.45826902),,BLACK HAWK,1011400,TENNESSEE WHISKIES,346,OLE SMOKY DISTILLERY LLC,86987,OLE SMOKY SALTY WATERMELON WHISKEY,6,750,11.00,16.50,6,99.00,4.50,1.18
INV-65786300333,2023-12-29T00:00:00.000,2538,HY-VEE FOOD STORE #3 (1866) / WATERLOO,1422 FLAMMANG DR,WATERLOO,50702,POINT (-92.327689003 42.45826902),,BLACK HAWK,1011400,TENNESSEE WHISKIES,346,OLE SMOKY DISTILLERY LLC,87043,OLE SMOKY PEANUT BUTTER WHISKEY,6,750,11.00,16.50,6,99.00,4.50,1.18
INV-65786300334,2023-12-29T00:00:00.000,2538,HY-VEE FOOD STORE #3 (1866) / WATERLOO,1422 FLAMMANG DR,WATERLOO,50702,POINT (-92.327689003 42.45826902),,BLACK HAWK,1022200,100% AGAVE TEQUILA,611,"GLOBAL BEVERAGE TEAM, LLC",87110,AZTECA AZUL PLATA TEQUILA,12,750,14.00,21.00,1,21.00,0.75,0.19
INV-65786300335,2023-12-29T00:00:00.000,2538,HY-VEE FOOD STORE #3 (1866) / WATERLOO,1422 FLAMMANG DR,WATERLOO,50702,POINT (-92.327689003 42.45826902),,BLACK HAWK,1022200,100% AGAVE TEQUILA,035,BACARDI USA INC,87306,CAZADORES BLANCO,12,750,14.50,21.75,1,21.75,0.75,0.19
INV-65786300336,2023-12-29T00:00:00.000,2538,HY-VEE FOOD STORE #3 (1866) / WATERLOO,1422 FLAMMANG DR,WATERLOO,50702,POINT (-92.327689003 42.45826902),,BLACK HAWK,1022200,100% AGAVE TEQUILA,255,INFINIUM SPIRITS,87385,CORRALEJO SILVER,6,750,15.99,23.99,6,143.94,4.50,1.18
INV-65786300337,2023-12-29T00:00:00.000,2538,HY-VEE FOOD STORE #3 (1866) / WATERLOO,1422 FLAMMANG DR,WATERLOO,50702,POINT (-92.327689003 42.45826902),,BLACK HAWK,1022100,MIXTO TEQUILA,395,PROXIMO,87408,JOSE CUERVO ESPECIAL SILVER,12,750,12.00,18.00,12,216.00,9.00,2.37
INV-65786300338,2023-12-29T00:00:00.000,2538,HY-VEE FOOD STORE #3 (1866) / WATERLOO,1422 FLAMMANG DR,WATERLOO,50702,POINT (-92.327689003 42.45826902),,BLACK HAWK,1022200,100% AGAVE TEQUILA,260,DIAGEO AMERICAS,87485,DON JULIO BLANCO,6,750,30.99,46.49,1,46.49,0.75,0.19
INV-65786300339,2023-12-29T00:00:00.000,2538,HY-VEE FOOD STORE #3 (1866) / WATERLOO,1422 FLAMMANG DR,WATERLOO,50702,POINT (-92.327689003 42.45826902),,BLACK HAWK,1022200,100% AGAVE TEQUILA,434,LUXCO INC,87596,EL MAYOR BLANCO,6,750,16.00,24.00,6,144.00,4.50,1.18
INV-65786300340,2023-12-29T00:00:00.000,2538,HY-VEE FOOD STORE #3 (1866) / WATERLOO,1422 FLAMMANG DR,WATERLOO,50702,POINT (-92.327689003 42.45826902),,BLACK HAWK,1022200,100% AGAVE TEQUILA,619,CAMPARI AMERICA,87619,ESPOLON BLANCO,12,750,16.00,24.00,1,24.00,0.75,0.19
INV-65786300341,2023-12-29T00:00:00.000,2538,HY-VEE FOOD STORE #3 (1866) / WATERLOO,1422 FLAMMANG DR,WATERLOO,50702,POINT (-92.327689003 42.45826902),,BLACK HAWK,1022200,100% AGAVE TEQUILA,259,HEAVEN HILL BRANDS,88018,LUNAZUL BLANCO,12,750,13.50,20.25,3,60.75,2.25,0.59
INV-65786300342,2023-12-29T00:00:00.000,2538,HY-VEE FOOD STORE #3 (1866) / WATERLOO,1422 FLAMMANG DR,WATERLOO,50702,POINT (-92.327689003 42.45826902),,BLACK HAWK,1022200,100% AGAVE TEQUILA,370,PERNOD RICARD USA,88186,OLMECA ALTOS PLATA,6,750,15.99,23.99,6,143.94,4.50,1.18
INV-65786300343,2023-12-29T00:00:00.000,2538,HY-VEE FOOD STORE #3 (1866) / WATERLOO,1422 FLAMMANG DR,WATERLOO,50702,POINT (-92.327689003 42.45826902),,BLACK HAWK,1022200,100% AGAVE TEQUILA,035,BACARDI USA INC,88290,PATRON SILVER,12,200,9.50,14.25,2,28.50,0.40,0.10
INV-65786300344,2023-12-29T00:00:00.000,2538,HY-VEE FOOD STORE #3 (1866) / WATERLOO,1422 FLAMMANG DR,WATERLOO,50702,POINT (-92.327689003 42.45826902),,BLACK HAWK,1022200,100% AGAVE TEQUILA,192,"MAST-JAGERMEISTER US, INC",88354,TEREMANA BLANCO TEQUILA,12,375,8.52,12.78,1,12.78,0.37,0.09
INV-65786300345,2023-12-29T00:00:00.000,2538,HY-VEE FOOD STORE #3 (1866) / WATERLOO,1422 FLAMMANG DR,WATERLOO,50702,POINT (-92.327689003 42.45826902),,BLACK HAWK,1022200,100% AGAVE TEQUILA,192,"MAST-JAGERMEISTER US, INC",88369,TEREMANA REPOSADO TEQUILA,12,375,9.53,14.30,1,14.30,0.37,0.09
INV-65786300346,2023-12-29T00:00:00.000,2538,HY-VEE FOOD STORE #3 (1866) / WATERLOO,1422 FLAMMANG DR,WATERLOO,50702,POINT (-92.327689003 42.45826902),,BLACK HAWK,1022200,100% AGAVE TEQUILA,342,DV SPIRITS LLC,88413,CAMPO BRAVO PLATA TEQUILA,12,750,11.50,17.25,2,34.50,1.50,0.39
INV-65786300347,2023-12-29T00:00:00.000,2538,HY-VEE FOOD STORE #3 (1866) / WATERLOO,1422 FLAMMANG DR,WATERLOO,50702,POINT (-92.327689003 42.45826902),,BLACK HAWK,1022200,100% AGAVE TEQUILA,065,JIM BEAM BRANDS,88540,HORNITOS LIME SHOT,12,750,15.00,22.50,2,45.00,1.50,0.39
INV-65786300349,2023-12-29T00:00:00.000,2538,HY-VEE FOOD STORE #3 (1866) / WATERLOO,1422 FLAMMANG DR,WATERLOO,50702,POINT (-92.327689003 42.45826902),,BLACK HAWK,1022100,MIXTO TEQUILA,421,SAZERAC COMPANY  INC,89301,DORADO GOLD TEQUILA,12,1000,6.00,9.00,2,18.00,2.00,0.52
INV-65786300350,2023-12-29T00:00:00.000,2538,HY-VEE FOOD STORE #3 (1866) / WATERLOO,1422 FLAMMANG DR,WATERLOO,50702,POINT (-92.327689003 42.45826902),,BLACK HAWK,1022200,100% AGAVE TEQUILA,434,LUXCO INC,89443,EXOTICO REPOSADO,12,750,12.50,18.75,1,18.75,0.75,0.19
INV-65786300351,2023-12-29T00:00:00.000,2538,HY-VEE FOOD STORE #3 (1866) / WATERLOO,1422 FLAMMANG DR,WATERLOO,50702,POINT (-92.327689003 42.45826902),,BLACK HAWK,1022200,100% AGAVE TEQUILA,035,BACARDI USA INC,89624,PATRON REPOSADO,12,375,16.50,24.75,1,24.75,0.37,0.09
INV-65786300352,2023-12-29T00:00:00.000,2538,HY-VEE FOOD STORE #3 (1866) / WATERLOO,1422 FLAMMANG DR,WATERLOO,50702,POINT (-92.327689003 42.45826902),,BLACK HAWK,1022200,100% AGAVE TEQUILA,035,BACARDI USA INC,89626,PATRON REPOSADO,12,750,29.00,43.50,1,43.50,0.75,0.19
INV-65786400001,2023-12-29T00:00:00.000,2538,HY-VEE FOOD STORE #3 (1866) / WATERLOO,1422 FLAMMANG DR,WATERLOO,50702,POINT (-92.327689003 42.45826902),,BLACK HAWK,1012100,CANADIAN WHISKIES,946,IROKOS GROUP LLC,14845,SWEAR JAR MAPLE DONUT,12,750,12.50,18.75,2,37.50,1.50,0.39
INV-65786400002,2023-12-29T00:00:00.000,2538,HY-VEE FOOD STORE #3 (1866) / WATERLOO,1422 FLAMMANG DR,WATERLOO,50702,POINT (-92.327689003 42.45826902),,BLACK HAWK,1012100,CANADIAN WHISKIES,946,IROKOS GROUP LLC,14846,SWEAR JAR CANDIED GREEN APPLE,12,750,12.50,18.75,2,37.50,1.50,0.39
INV-65786400003,2023-12-29T00:00:00.000,2538,HY-VEE FOOD STORE #3 (1866) / WATERLOO,1422 FLAMMANG DR,WATERLOO,50702,POINT (-92.327689003 42.45826902),,BLACK HAWK,1012100,CANADIAN WHISKIES,946,IROKOS GROUP LLC,14854,SWEAR JAR 6YR,12,750,12.50,18.75,2,37.50,1.50,0.39
INV-65786400004,2023-12-29T00:00:00.000,2538,HY-VEE FOOD STORE #3 (1866) / WATERLOO,1422 FLAMMANG DR,WATERLOO,50702,POINT (-92.327689003 42.45826902),,BLACK HAWK,1081600,WHISKEY LIQUEUR,368,PARK STREET IMPORTS,22545,THE REVEREND DAN CALL SOUR MASH WHISKEY,12,750,19.20,28.80,2,57.60,1.50,0.39
INV-65786400005,2023-12-29T00:00:00.000,2538,HY-VEE FOOD STORE #3 (1866) / WATERLOO,1422 FLAMMANG DR,WATERLOO,50702,POINT (-92.327689003 42.45826902),,BLACK HAWK,1062400,SPICED RUM,380,PHILLIPS BEVERAGE,73199,CORAL ISLE SPICED RUM,6,1750,9.18,13.77,12,165.24,21.00,5.54
INV-65786500001,2023-12-29T00:00:00.000,4150,FAREWAY STORES #951 / WATERLOO,40  W SAN MARNAN,WATERLOO,50701,POINT (-92.358120006 42.458951013),,BLACK HAWK,1012100,CANADIAN WHISKIES,259,HEAVEN HILL BRANDS,11776,BLACK VELVET,12,750,5.50,8.25,12,99.00,9.00,2.37
INV-65786500002,2023-12-29T00:00:00.000,4150,FAREWAY STORES #951 / WATERLOO,40  W SAN MARNAN,WATERLOO,50701,POINT (-92.358120006 42.458951013),,BLACK HAWK,1012400,IRISH WHISKIES,370,PERNOD RICARD USA,15627,JAMESON,12,1000,20.98,31.47,1,31.47,1.00,0.26
INV-65786500003,2023-12-29T00:00:00.000,4150,FAREWAY STORES #951 / WATERLOO,40  W SAN MARNAN,WATERLOO,50701,POINT (-92.358120006 42.458951013),,BLACK HAWK,1011200,STRAIGHT BOURBON WHISKIES,259,HEAVEN HILL BRANDS,17915,ELIJAH CRAIG SMALL BATCH,12,375,9.50,14.25,3,42.75,1.12,0.29
INV-65786500004,2023-12-29T00:00:00.000,4150,FAREWAY STORES #951 / WATERLOO,40  W SAN MARNAN,WATERLOO,50701,POINT (-92.358120006 42.458951013),,BLACK HAWK,1011200,STRAIGHT BOURBON WHISKIES,434,LUXCO INC,18201,EZRA BROOKS 99PR BOURBON,6,750,13.50,20.25,6,121.50,4.50,1.18
INV-65786500005,2023-12-29T00:00:00.000,4150,FAREWAY STORES #951 / WATERLOO,40  W SAN MARNAN,WATERLOO,50701,POINT (-92.358120006 42.458951013),,BLACK HAWK,1011200,STRAIGHT BOURBON WHISKIES,830,KIRIN BEER & SPIRITS OF AMERICA INC / FOUR ROSES DISTILLERY,18348,FOUR ROSES SMALL BATCH,6,750,18.50,27.75,6,166.50,4.50,1.18
INV-65786500006,2023-12-29T00:00:00.000,4150,FAREWAY STORES #951 / WATERLOO,40  W SAN MARNAN,WATERLOO,50701,POINT (-92.358120006 42.458951013),,BLACK HAWK,1011200,STRAIGHT BOURBON WHISKIES,065,JIM BEAM BRANDS,19476,MAKERS MARK,12,750,18.00,27.00,12,324.00,9.00,2.37
INV-65786500007,2023-12-29T00:00:00.000,4150,FAREWAY STORES #951 / WATERLOO,40  W SAN MARNAN,WATERLOO,50701,POINT (-92.358120006 42.458951013),,BLACK HAWK,1011400,TENNESSEE WHISKIES,085,BROWN FORMAN CORP.,26827,JACK DANIELS OLD #7 BLACK LABEL,12,1000,20.27,30.41,1,30.41,1.00,0.26
INV-65786500008,2023-12-29T00:00:00.000,4150,FAREWAY STORES #951 / WATERLOO,40  W SAN MARNAN,WATERLOO,50701,POINT (-92.358120006 42.458951013),,BLACK HAWK,1031100,AMERICAN VODKAS,434,LUXCO INC,36308,HAWKEYE VODKA,6,1750,7.50,11.25,6,67.50,10.50,2.77
INV-65786500009,2023-12-29T00:00:00.000,4150,FAREWAY STORES #951 / WATERLOO,40  W SAN MARNAN,WATERLOO,50701,POINT (-92.358120006 42.458951013),,BLACK HAWK,1031200,AMERICAN FLAVORED VODKA,115,CONSTELLATION BRANDS INC,36576,SVEDKA BLUE RASPBERRY,12,750,8.00,12.00,3,36.00,2.25,0.59
INV-65786500010,2023-12-29T00:00:00.000,4150,FAREWAY STORES #951 / WATERLOO,40  W SAN MARNAN,WATERLOO,50701,POINT (-92.358120006 42.458951013),,BLACK HAWK,1031100,AMERICAN VODKAS,380,PHILLIPS BEVERAGE,37338,UV VODKA PET,6,1750,11.50,17.25,6,103.50,10.50,2.77
INV-65786500011,2023-12-29T00:00:00.000,4150,FAREWAY STORES #951 / WATERLOO,40  W SAN MARNAN,WATERLOO,50701,POINT (-92.358120006 42.458951013),,BLACK HAWK,1031100,AMERICAN VODKAS,229,DEHNER DISTILLERY,37465,MULLETS,12,1000,9.20,13.80,12,165.60,12.00,3.17
INV-65786500012,2023-12-29T00:00:00.000,4150,FAREWAY STORES #951 / WATERLOO,40  W SAN MARNAN,WATERLOO,50701,POINT (-92.358120006 42.458951013),,BLACK HAWK,1031100,AMERICAN VODKAS,255,INFINIUM SPIRITS,37880,SEAGRAMS EXTRA SMOOTH VODKA,24,200,1.76,2.64,1,2.64,0.20,0.05
INV-65786500013,2023-12-29T00:00:00.000,4150,FAREWAY STORES #951 / WATERLOO,40  W SAN MARNAN,WATERLOO,50701,POINT (-92.358120006 42.458951013),,BLACK HAWK,1031100,AMERICAN VODKAS,255,INFINIUM SPIRITS,37881,SEAGRAMS EXTRA SMOOTH VODKA MINI,12,50,4.60,6.90,1,6.90,0.05,0.01
INV-65786500014,2023-12-29T00:00:00.000,4150,FAREWAY STORES #951 / WATERLOO,40  W SAN MARNAN,WATERLOO,50701,POINT (-92.358120006 42.458951013),,BLACK HAWK,1031100,AMERICAN VODKAS,255,INFINIUM SPIRITS,37886,SEAGRAMS EXTRA SMOOTH VODKA,12,750,5.38,8.07,1,8.07,0.75,0.19
INV-65786500015,2023-12-29T00:00:00.000,4150,FAREWAY STORES #951 / WATERLOO,40  W SAN MARNAN,WATERLOO,50701,POINT (-92.358120006 42.458951013),,BLACK HAWK,1031100,AMERICAN VODKAS,255,INFINIUM SPIRITS,37888,SEAGRAMS EXTRA SMOOTH VODKA,6,1750,10.00,15.00,1,15.00,1.75,0.46
INV-65786500016,2023-12-29T00:00:00.000,4150,FAREWAY STORES #951 / WATERLOO,40  W SAN MARNAN,WATERLOO,50701,POINT (-92.358120006 42.458951013),,BLACK HAWK,1031100,AMERICAN VODKAS,255,INFINIUM SPIRITS,37889,SEAGRAMS EXTRA SMOOTH VODKA,12,375,2.80,4.20,1,4.20,0.37,0.09
INV-65786500017,2023-12-29T00:00:00.000,4150,FAREWAY STORES #951 / WATERLOO,40  W SAN MARNAN,WATERLOO,50701,POINT (-92.358120006 42.458951013),,BLACK HAWK,1031100,AMERICAN VODKAS,260,DIAGEO AMERICAS,37997,SMIRNOFF 80PRF,12,1000,9.25,13.88,2,27.76,2.00,0.52
INV-65786500018,2023-12-29T00:00:00.000,4150,FAREWAY STORES #951 / WATERLOO,40  W SAN MARNAN,WATERLOO,50701,POINT (-92.358120006 42.458951013),,BLACK HAWK,1031100,AMERICAN VODKAS,301,FIFTH GENERATION INC,38174,TITOS HANDMADE VODKA,12,375,5.42,8.13,3,24.39,1.12,0.29
INV-65786500019,2023-12-29T00:00:00.000,4150,FAREWAY STORES #951 / WATERLOO,40  W SAN MARNAN,WATERLOO,50701,POINT (-92.358120006 42.458951013),,BLACK HAWK,1031100,AMERICAN VODKAS,301,FIFTH GENERATION INC,38177,TITOS HANDMADE VODKA,12,1000,13.17,19.76,12,237.12,12.00,3.17
INV-65786500020,2023-12-29T00:00:00.000,4150,FAREWAY STORES #951 / WATERLOO,40  W SAN MARNAN,WATERLOO,50701,POINT (-92.358120006 42.458951013),,BLACK HAWK,1031100,AMERICAN VODKAS,301,FIFTH GENERATION INC,38179,TITOS HANDMADE VODKA,24,200,3.49,5.24,3,15.72,0.60,0.15
INV-65786500021,2023-12-29T00:00:00.000,4150,FAREWAY STORES #951 / WATERLOO,40  W SAN MARNAN,WATERLOO,50701,POINT (-92.358120006 42.458951013),,BLACK HAWK,1031200,AMERICAN FLAVORED VODKA,300,MCCORMICK DISTILLING CO.,41019,360 DOUBLE CHOCOLATE,12,750,8.49,12.74,4,50.96,3.00,0.79
INV-65786500022,2023-12-29T00:00:00.000,4150,FAREWAY STORES #951 / WATERLOO,40  W SAN MARNAN,WATERLOO,50701,POINT (-92.358120006 42.458951013),,BLACK HAWK,1031200,AMERICAN FLAVORED VODKA,380,PHILLIPS BEVERAGE,41692,UV BLUE RASPBERRY,6,1750,11.50,17.25,12,207.00,21.00,5.54
INV-65786500023,2023-12-29T00:00:00.000,4150,FAREWAY STORES #951 / WATERLOO,40  W SAN MARNAN,WATERLOO,50701,POINT (-92.358120006 42.458951013),,BLACK HAWK,1062500,FLAVORED RUM,035,BACARDI USA INC,43136,BACARDI LIMON,12,750,8.76,13.14,3,39.42,2.25,0.59
INV-65786500024,2023-12-29T00:00:00.000,4150,FAREWAY STORES #951 / WATERLOO,40  W SAN MARNAN,WATERLOO,50701,POINT (-92.358120006 42.458951013),,BLACK HAWK,1062500,FLAVORED RUM,260,DIAGEO AMERICAS,43299,CAPTAIN MORGAN COCONUT,12,750,8.26,12.39,3,37.17,2.25,0.59
INV-65786500025,2023-12-29T00:00:00.000,4150,FAREWAY STORES #951 / WATERLOO,40  W SAN MARNAN,WATERLOO,50701,POINT (-92.358120006 42.458951013),,BLACK HAWK,1062400,SPICED RUM,260,DIAGEO AMERICAS,43337,CAPTAIN MORGAN ORIGINAL SPICED,12,1000,12.99,19.49,2,38.98,2.00,0.52
INV-65786500026,2023-12-29T00:00:00.000,4150,FAREWAY STORES #951 / WATERLOO,40  W SAN MARNAN,WATERLOO,50701,POINT (-92.358120006 42.458951013),,BLACK HAWK,1052100,IMPORTED BRANDIES,420,MOET HENNESSY USA,48106,HENNESSY VS,12,750,19.99,29.99,3,89.97,2.25,0.59
INV-65786500027,2023-12-29T00:00:00.000,4150,FAREWAY STORES #951 / WATERLOO,40  W SAN MARNAN,WATERLOO,50701,POINT (-92.358120006 42.458951013),,BLACK HAWK,1071000,COCKTAILS/RTD,421,SAZERAC COMPANY  INC,57125,CHI-CHI'S GOLD MARGARITA,6,1750,6.50,9.75,6,58.50,10.50,2.77
INV-65786500028,2023-12-29T00:00:00.000,4150,FAREWAY STORES #951 / WATERLOO,40  W SAN MARNAN,WATERLOO,50701,POINT (-92.358120006 42.458951013),,BLACK HAWK,1071000,COCKTAILS/RTD,395,PROXIMO,58838,JOSE CUERVO AUTHENTIC LIME MARGARITA,6,1750,8.74,13.11,6,78.66,10.50,2.77
INV-65786500029,2023-12-29T00:00:00.000,4150,FAREWAY STORES #951 / WATERLOO,40  W SAN MARNAN,WATERLOO,50701,POINT (-92.358120006 42.458951013),,BLACK HAWK,1071000,COCKTAILS/RTD,395,PROXIMO,58872,JOSE CUERVO AUTHENTIC LIGHT LIME MARGARITA,6,1750,8.74,13.11,6,78.66,10.50,2.77
INV-65786500030,2023-12-29T00:00:00.000,4150,FAREWAY STORES #951 / WATERLOO,40  W SAN MARNAN,WATERLOO,50701,POINT (-92.358120006 42.458951013),,BLACK HAWK,1081600,WHISKEY LIQUEUR,421,SAZERAC COMPANY  INC,64870,FIREBALL CINNAMON WHISKEY,48,100,1.00,1.50,48,72.00,4.80,1.26
INV-65786500031,2023-12-29T00:00:00.000,4150,FAREWAY STORES #951 / WATERLOO,40  W SAN MARNAN,WATERLOO,50701,POINT (-92.358120006 42.458951013),,BLACK HAWK,1081200,CREAM LIQUEURS,205,E & J GALLO WINERY,73055,RUMCHATA,12,750,14.00,21.00,12,252.00,9.00,2.37
INV-65786500032,2023-12-29T00:00:00.000,4150,FAREWAY STORES #951 / WATERLOO,40  W SAN MARNAN,WATERLOO,50701,POINT (-92.358120006 42.458951013),,BLACK HAWK,1081400,AMERICAN SCHNAPPS,065,JIM BEAM BRANDS,82846,DEKUYPER LUSCIOUS PEACHTREE,12,750,6.75,10.13,3,30.39,2.25,0.59
INV-65786500033,2023-12-29T00:00:00.000,4150,FAREWAY STORES #951 / WATERLOO,40  W SAN MARNAN,WATERLOO,50701,POINT (-92.358120006 42.458951013),,BLACK HAWK,1081500,TRIPLE SEC,434,LUXCO INC,86506,PARAMOUNT TRIPLE SEC,12,750,3.75,5.63,12,67.56,9.00,2.37
INV-65786500034,2023-12-29T00:00:00.000,4150,FAREWAY STORES #951 / WATERLOO,40  W SAN MARNAN,WATERLOO,50701,POINT (-92.358120006 42.458951013),,BLACK HAWK,1081500,TRIPLE SEC,434,LUXCO INC,86507,PARAMOUNT TRIPLE SEC,12,1000,4.09,6.14,1,6.14,1.00,0.26
INV-65786500035,2023-12-29T00:00:00.000,4150,FAREWAY STORES #951 / WATERLOO,40  W SAN MARNAN,WATERLOO,50701,POINT (-92.358120006 42.458951013),,BLACK HAWK,1022300,MEZCAL,260,DIAGEO AMERICAS,87288,CASAMIGOS MEZCAL JOVEN,6,750,34.99,52.49,1,52.49,0.75,0.19
INV-65786500036,2023-12-29T00:00:00.000,4150,FAREWAY STORES #951 / WATERLOO,40  W SAN MARNAN,WATERLOO,50701,POINT (-92.358120006 42.458951013),,BLACK HAWK,1022100,MIXTO TEQUILA,395,PROXIMO,89194,JOSE CUERVO ESPECIAL REPOSADO FLASK,24,375,6.53,9.80,3,29.40,1.12,0.29
INV-65786600001,2023-12-29T00:00:00.000,2575,HY-VEE FOOD STORE #1 / WATERLOO,2834 ANSBOROUGH AVE,WATERLOO,50702,POINT (-92.376732218 42.471831456),,BLACK HAWK,1701100,TEMPORARY & SPECIALTY PACKAGES,260,DIAGEO AMERICAS,100639,CROWN ROYAL W/NFL JERSEY BAG,12,750,17.49,26.24,4,104.96,3.00,0.79
INV-65786600002,2023-12-29T00:00:00.000,2575,HY-VEE FOOD STORE #1 / WATERLOO,2834 ANSBOROUGH AVE,WATERLOO,50702,POINT (-92.376732218 42.471831456),,BLACK HAWK,1012100,CANADIAN WHISKIES,260,DIAGEO AMERICAS,10802,CROWN ROYAL PEACH,12,750,17.49,26.24,12,314.88,9.00,2.37
INV-65786600003,2023-12-29T00:00:00.000,2575,HY-VEE FOOD STORE #1 / WATERLOO,2834 ANSBOROUGH AVE,WATERLOO,50702,POINT (-92.376732218 42.471831456),,BLACK HAWK,1012100,CANADIAN WHISKIES,260,DIAGEO AMERICAS,10807,CROWN ROYAL REGAL APPLE,12,750,17.49,26.24,12,314.88,9.00,2.37
INV-65786600004,2023-12-29T00:00:00.000,2575,HY-VEE FOOD STORE #1 / WATERLOO,2834 ANSBOROUGH AVE,WATERLOO,50702,POINT (-92.376732218 42.471831456),,BLACK HAWK,1012100,CANADIAN WHISKIES,260,DIAGEO AMERICAS,11296,CROWN ROYAL,12,750,17.49,26.24,12,314.88,9.00,2.37
INV-65786600005,2023-12-29T00:00:00.000,2575,HY-VEE FOOD STORE #1 / WATERLOO,2834 ANSBOROUGH AVE,WATERLOO,50702,POINT (-92.376732218 42.471831456),,BLACK HAWK,1012100,CANADIAN WHISKIES,259,HEAVEN HILL BRANDS,11586,BLACK VELVET RESERVE,12,750,8.00,12.00,12,144.00,9.00,2.37
INV-65786600006,2023-12-29T00:00:00.000,2575,HY-VEE FOOD STORE #1 / WATERLOO,2834 ANSBOROUGH AVE,WATERLOO,50702,POINT (-92.376732218 42.471831456),,BLACK HAWK,1012100,CANADIAN WHISKIES,259,HEAVEN HILL BRANDS,11776,BLACK VELVET,12,750,5.50,8.25,12,99.00,9.00,2.37
INV-65786600007,2023-12-29T00:00:00.000,2575,HY-VEE FOOD STORE #1 / WATERLOO,2834 ANSBOROUGH AVE,WATERLOO,50702,POINT (-92.376732218 42.471831456),,BLACK HAWK,1012100,CANADIAN WHISKIES,259,HEAVEN HILL BRANDS,11788,BLACK VELVET,6,1750,11.00,16.50,12,198.00,21.00,5.54
INV-65786600008,2023-12-29T00:00:00.000,2575,HY-VEE FOOD STORE #1 / WATERLOO,2834 ANSBOROUGH AVE,WATERLOO,50702,POINT (-92.376732218 42.471831456),,BLACK HAWK,1012100,CANADIAN WHISKIES,421,SAZERAC COMPANY  INC,11940,CANADIAN HUNTER RYE,12,750,5.50,8.25,12,99.00,9.00,2.37
INV-65786600009,2023-12-29T00:00:00.000,2575,HY-VEE FOOD STORE #1 / WATERLOO,2834 ANSBOROUGH AVE,WATERLOO,50702,POINT (-92.376732218 42.471831456),,BLACK HAWK,1012400,IRISH WHISKIES,370,PERNOD RICARD USA,15626,JAMESON,12,750,17.49,26.24,2,52.48,1.50,0.39
INV-65786600010,2023-12-29T00:00:00.000,2575,HY-VEE FOOD STORE #1 / WATERLOO,2834 ANSBOROUGH AVE,WATERLOO,50702,POINT (-92.376732218 42.471831456),,BLACK HAWK,1012400,IRISH WHISKIES,240,WILLIAM GRANT & SONS INC,15940,TULLAMORE DEW,12,750,17.50,26.25,2,52.50,1.50,0.39
INV-65786600011,2023-12-29T00:00:00.000,2575,HY-VEE FOOD STORE #1 / WATERLOO,2834 ANSBOROUGH AVE,WATERLOO,50702,POINT (-92.376732218 42.471831456),,BLACK HAWK,1011200,STRAIGHT BOURBON WHISKIES,125,CEDAR RIDGE VINEYARDS LL,17206,CEDAR RIDGE BOURBON,6,750,18.67,28.01,2,56.02,1.50,0.39
INV-65786600013,2023-12-29T00:00:00.000,2575,HY-VEE FOOD STORE #1 / WATERLOO,2834 ANSBOROUGH AVE,WATERLOO,50702,POINT (-92.376732218 42.471831456),,BLACK HAWK,1062400,SPICED RUM,260,DIAGEO AMERICAS,1799,CAPTAIN MORGAN ORIGINAL SPICED BARREL,6,1750,18.99,28.49,6,170.94,10.50,2.77
INV-65786600014,2023-12-29T00:00:00.000,2575,HY-VEE FOOD STORE #1 / WATERLOO,2834 ANSBOROUGH AVE,WATERLOO,50702,POINT (-92.376732218 42.471831456),,BLACK HAWK,1011200,STRAIGHT BOURBON WHISKIES,065,JIM BEAM BRANDS,19226,KNOB CREEK,6,750,21.00,31.50,1,31.50,0.75,0.19
INV-65786600015,2023-12-29T00:00:00.000,2575,HY-VEE FOOD STORE #1 / WATERLOO,2834 ANSBOROUGH AVE,WATERLOO,50702,POINT (-92.376732218 42.471831456),,BLACK HAWK,1011200,STRAIGHT BOURBON WHISKIES,065,JIM BEAM BRANDS,19476,MAKERS MARK,12,750,18.00,27.00,12,324.00,9.00,2.37
INV-65786600016,2023-12-29T00:00:00.000,2575,HY-VEE FOOD STORE #1 / WATERLOO,2834 ANSBOROUGH AVE,WATERLOO,50702,POINT (-92.376732218 42.471831456),,BLACK HAWK,1011100,BLENDED WHISKIES,297,LAIRD & COMPANY,23826,FIVE STAR,12,750,4.13,6.20,12,74.40,9.00,2.37
INV-65786600017,2023-12-29T00:00:00.000,2575,HY-VEE FOOD STORE #1 / WATERLOO,2834 ANSBOROUGH AVE,WATERLOO,50702,POINT (-92.376732218 42.471831456),,BLACK HAWK,1011100,BLENDED WHISKIES,260,DIAGEO AMERICAS,25606,SEAGRAMS 7 CROWN,12,750,7.50,11.25,12,135.00,9.00,2.37
INV-65786600018,2023-12-29T00:00:00.000,2575,HY-VEE FOOD STORE #1 / WATERLOO,2834 ANSBOROUGH AVE,WATERLOO,50702,POINT (-92.376732218 42.471831456),,BLACK HAWK,1011600,STRAIGHT RYE WHISKIES,255,INFINIUM SPIRITS,27102,TEMPLETON RYE 4YR,6,750,15.40,23.10,2,54.28,1.50,0.39
INV-65786600019,2023-12-29T00:00:00.000,2575,HY-VEE FOOD STORE #1 / WATERLOO,2834 ANSBOROUGH AVE,WATERLOO,50702,POINT (-92.376732218 42.471831456),,BLACK HAWK,1042100,IMPORTED DRY GINS,260,DIAGEO AMERICAS,28866,TANQUERAY GIN,12,750,13.99,20.99,3,62.97,2.25,0.59
INV-65786600020,2023-12-29T00:00:00.000,2575,HY-VEE FOOD STORE #1 / WATERLOO,2834 ANSBOROUGH AVE,WATERLOO,50702,POINT (-92.376732218 42.471831456),,BLACK HAWK,1041200,FLAVORED GIN,654,REVELTON DISTILLING COMPANY,33180,REVELTON MULBERRY GIN,6,750,17.50,26.25,6,157.50,4.50,1.18
INV-65786600021,2023-12-29T00:00:00.000,2575,HY-VEE FOOD STORE #1 / WATERLOO,2834 ANSBOROUGH AVE,WATERLOO,50702,POINT (-92.376732218 42.471831456),,BLACK HAWK,1032200,IMPORTED FLAVORED VODKA,370,PERNOD RICARD USA,34014,ABSOLUT APEACH,12,750,9.99,14.99,12,179.88,9.00,2.37
INV-65786600022,2023-12-29T00:00:00.000,2575,HY-VEE FOOD STORE #1 / WATERLOO,2834 ANSBOROUGH AVE,WATERLOO,50702,POINT (-92.376732218 42.471831456),,BLACK HAWK,1031100,AMERICAN VODKAS,065,JIM BEAM BRANDS,34578,PINNACLE,6,1750,10.00,15.00,12,180.00,21.00,5.54
INV-65786600023,2023-12-29T00:00:00.000,2575,HY-VEE FOOD STORE #1 / WATERLOO,2834 ANSBOROUGH AVE,WATERLOO,50702,POINT (-92.376732218 42.471831456),,BLACK HAWK,1031100,AMERICAN VODKAS,115,CONSTELLATION BRANDS INC,34821,SVEDKA 80PRF,6,1750,13.40,20.10,6,120.60,10.50,2.77
INV-65786600024,2023-12-29T00:00:00.000,2575,HY-VEE FOOD STORE #1 / WATERLOO,2834 ANSBOROUGH AVE,WATERLOO,50702,POINT (-92.376732218 42.471831456),,BLACK HAWK,1031100,AMERICAN VODKAS,421,SAZERAC COMPANY  INC,35318,BARTON VODKA,6,1750,7.06,10.59,6,63.54,10.50,2.77
INV-65786600025,2023-12-29T00:00:00.000,2575,HY-VEE FOOD STORE #1 / WATERLOO,2834 ANSBOROUGH AVE,WATERLOO,50702,POINT (-92.376732218 42.471831456),,BLACK HAWK,1031100,AMERICAN VODKAS,297,LAIRD & COMPANY,35918,FIVE O'CLOCK VODKA,6,1750,7.72,11.58,6,69.48,10.50,2.77
INV-65786600026,2023-12-29T00:00:00.000,2575,HY-VEE FOOD STORE #1 / WATERLOO,2834 ANSBOROUGH AVE,WATERLOO,50702,POINT (-92.376732218 42.471831456),,BLACK HAWK,1031100,AMERICAN VODKAS,421,SAZERAC COMPANY  INC,35948,FLEISCHMANNS 80PRF VODKA,6,1750,6.50,9.75,6,58.50,10.50,2.77
INV-65786600027,2023-12-29T00:00:00.000,2575,HY-VEE FOOD STORE #1 / WATERLOO,2834 ANSBOROUGH AVE,WATERLOO,50702,POINT (-92.376732218 42.471831456),,BLACK HAWK,1031100,AMERICAN VODKAS,434,LUXCO INC,36306,HAWKEYE VODKA,12,750,3.50,5.25,12,63.00,9.00,2.37
INV-65786600028,2023-12-29T00:00:00.000,2575,HY-VEE FOOD STORE #1 / WATERLOO,2834 ANSBOROUGH AVE,WATERLOO,50702,POINT (-92.376732218 42.471831456),,BLACK HAWK,1031100,AMERICAN VODKAS,260,DIAGEO AMERICAS,38008,SMIRNOFF 80PRF PET,6,1750,14.75,22.13,6,132.78,10.50,2.77
INV-65786600029,2023-12-29T00:00:00.000,2575,HY-VEE FOOD STORE #1 / WATERLOO,2834 ANSBOROUGH AVE,WATERLOO,50702,POINT (-92.376732218 42.471831456),,BLACK HAWK,1031100,AMERICAN VODKAS,301,FIFTH GENERATION INC,38176,TITOS HANDMADE VODKA,12,750,10.00,15.00,36,540.00,27.00,7.13
INV-65786600030,2023-12-29T00:00:00.000,2575,HY-VEE FOOD STORE #1 / WATERLOO,2834 ANSBOROUGH AVE,WATERLOO,50702,POINT (-92.376732218 42.471831456),,BLACK HAWK,1031100,AMERICAN VODKAS,301,FIFTH GENERATION INC,38178,TITOS HANDMADE VODKA,6,1750,19.00,28.50,18,513.00,31.50,8.32
INV-65786600031,2023-12-29T00:00:00.000,2575,HY-VEE FOOD STORE #1 / WATERLOO,2834 ANSBOROUGH AVE,WATERLOO,50702,POINT (-92.376732218 42.471831456),,BLACK HAWK,1031200,AMERICAN FLAVORED VODKA,205,E & J GALLO WINERY,39492,NEW AMSTERDAM PINK WHITNEY,12,750,8.00,12.00,4,48.00,3.00,0.79
INV-65786600032,2023-12-29T00:00:00.000,2575,HY-VEE FOOD STORE #1 / WATERLOO,2834 ANSBOROUGH AVE,WATERLOO,50702,POINT (-92.376732218 42.471831456),,BLACK HAWK,1062500,FLAVORED RUM,370,PERNOD RICARD USA,42716,MALIBU COCONUT,12,750,8.99,13.49,6,80.94,4.50,1.18
INV-65786600033,2023-12-29T00:00:00.000,2575,HY-VEE FOOD STORE #1 / WATERLOO,2834 ANSBOROUGH AVE,WATERLOO,50702,POINT (-92.376732218 42.471831456),,BLACK HAWK,1062400,SPICED RUM,259,HEAVEN HILL BRANDS,43026,ADMIRAL NELSON SPICED,12,750,6.50,9.75,12,117.00,9.00,2.37
INV-65786600034,2023-12-29T00:00:00.000,2575,HY-VEE FOOD STORE #1 / WATERLOO,2834 ANSBOROUGH AVE,WATERLOO,50702,POINT (-92.376732218 42.471831456),,BLACK HAWK,1062400,SPICED RUM,259,HEAVEN HILL BRANDS,43028,ADMIRAL NELSON SPICED,6,1750,12.00,18.00,6,108.00,10.50,2.77
INV-65786600035,2023-12-29T00:00:00.000,2575,HY-VEE FOOD STORE #1 / WATERLOO,2834 ANSBOROUGH AVE,WATERLOO,50702,POINT (-92.376732218 42.471831456),,BLACK HAWK,1062200,WHITE RUM,035,BACARDI USA INC,43128,BACARDI SUPERIOR,6,1750,15.50,23.25,6,139.50,10.50,2.77
INV-65786600036,2023-12-29T00:00:00.000,2575,HY-VEE FOOD STORE #1 / WATERLOO,2834 ANSBOROUGH AVE,WATERLOO,50702,POINT (-92.376732218 42.471831456),,BLACK HAWK,1062400,SPICED RUM,260,DIAGEO AMERICAS,43331,CAPTAIN MORGAN ORIGINAL SPICED MINI,12,50,4.80,7.20,12,86.40,0.60,0.15
INV-65786600037,2023-12-29T00:00:00.000,2575,HY-VEE FOOD STORE #1 / WATERLOO,2834 ANSBOROUGH AVE,WATERLOO,50702,POINT (-92.376732218 42.471831456),,BLACK HAWK,1062400,SPICED RUM,260,DIAGEO AMERICAS,43336,CAPTAIN MORGAN ORIGINAL SPICED,12,750,9.49,14.24,12,170.88,9.00,2.37
INV-65786600038,2023-12-29T00:00:00.000,2575,HY-VEE FOOD STORE #1 / WATERLOO,2834 ANSBOROUGH AVE,WATERLOO,50702,POINT (-92.376732218 42.471831456),,BLACK HAWK,1062200,WHITE RUM,434,LUXCO INC,45276,PARAMOUNT WHITE RUM,12,750,4.25,6.38,12,76.56,9.00,2.37
INV-65786600039,2023-12-29T00:00:00.000,2575,HY-VEE FOOD STORE #1 / WATERLOO,2834 ANSBOROUGH AVE,WATERLOO,50702,POINT (-92.376732218 42.471831456),,BLACK HAWK,1062400,SPICED RUM,240,WILLIAM GRANT & SONS INC,45886,SAILOR JERRY SPICED NAVY RUM,12,750,10.00,15.00,4,60.00,3.00,0.79
INV-65786600040,2023-12-29T00:00:00.000,2575,HY-VEE FOOD STORE #1 / WATERLOO,2834 ANSBOROUGH AVE,WATERLOO,50702,POINT (-92.376732218 42.471831456),,BLACK HAWK,1052100,IMPORTED BRANDIES,420,MOET HENNESSY USA,48106,HENNESSY VS,12,750,19.99,29.99,4,119.96,3.00,0.79
INV-65786600042,2023-12-29T00:00:00.000,2575,HY-VEE FOOD STORE #1 / WATERLOO,2834 ANSBOROUGH AVE,WATERLOO,50702,POINT (-92.376732218 42.471831456),,BLACK HAWK,1051100,AMERICAN BRANDIES,205,E & J GALLO WINERY,52596,E & J VS,12,750,6.50,9.75,3,29.25,2.25,0.59
INV-65786600043,2023-12-29T00:00:00.000,2575,HY-VEE FOOD STORE #1 / WATERLOO,2834 ANSBOROUGH AVE,WATERLOO,50702,POINT (-92.376732218 42.471831456),,BLACK HAWK,1012200,SCOTCH WHISKIES,260,DIAGEO AMERICAS,5346,JOHNNIE WALKER RED,12,750,13.50,20.25,2,40.50,1.50,0.39
INV-65786600044,2023-12-29T00:00:00.000,2575,HY-VEE FOOD STORE #1 / WATERLOO,2834 ANSBOROUGH AVE,WATERLOO,50702,POINT (-92.376732218 42.471831456),,BLACK HAWK,1051100,AMERICAN BRANDIES,421,SAZERAC COMPANY  INC,56196,PAUL MASSON PEACH GRANDE AMBER BRANDY,12,750,6.41,9.62,12,115.44,9.00,2.37
INV-65786600045,2023-12-29T00:00:00.000,2575,HY-VEE FOOD STORE #1 / WATERLOO,2834 ANSBOROUGH AVE,WATERLOO,50702,POINT (-92.376732218 42.471831456),,BLACK HAWK,1071000,COCKTAILS/RTD,395,PROXIMO,58872,JOSE CUERVO AUTHENTIC LIGHT LIME MARGARITA,6,1750,8.74,13.11,6,78.66,10.50,2.77
INV-65786600046,2023-12-29T00:00:00.000,2575,HY-VEE FOOD STORE #1 / WATERLOO,2834 ANSBOROUGH AVE,WATERLOO,50702,POINT (-92.376732218 42.471831456),,BLACK HAWK,1081600,WHISKEY LIQUEUR,421,SAZERAC COMPANY  INC,64858,FIREBALL CINNAMON WHISKEY MINI DISPENSER,1,50,25.80,38.70,1,38.70,0.05,0.01
INV-65786600047,2023-12-29T00:00:00.000,2575,HY-VEE FOOD STORE #1 / WATERLOO,2834 ANSBOROUGH AVE,WATERLOO,50702,POINT (-92.376732218 42.471831456),,BLACK HAWK,1081600,WHISKEY LIQUEUR,421,SAZERAC COMPANY  INC,64865,FIREBALL CINNAMON WHISKEY PET,12,750,9.00,13.50,3,40.50,2.25,0.59
INV-65786600048,2023-12-29T00:00:00.000,2575,HY-VEE FOOD STORE #1 / WATERLOO,2834 ANSBOROUGH AVE,WATERLOO,50702,POINT (-92.376732218 42.471831456),,BLACK HAWK,1081600,WHISKEY LIQUEUR,421,SAZERAC COMPANY  INC,64868,FIREBALL CINNAMON WHISKEY,6,1750,16.00,24.00,6,144.00,10.50,2.77
INV-65786600049,2023-12-29T00:00:00.000,2575,HY-VEE FOOD STORE #1 / WATERLOO,2834 ANSBOROUGH AVE,WATERLOO,50702,POINT (-92.376732218 42.471831456),,BLACK HAWK,1081200,CREAM LIQUEURS,260,DIAGEO AMERICAS,68024,BAILEYS VANILLA MINT SHAKE,12,750,16.49,24.74,6,148.44,4.50,1.18
INV-65786600050,2023-12-29T00:00:00.000,2575,HY-VEE FOOD STORE #1 / WATERLOO,2834 ANSBOROUGH AVE,WATERLOO,50702,POINT (-92.376732218 42.471831456),,BLACK HAWK,1081200,CREAM LIQUEURS,380,PHILLIPS BEVERAGE,80069,CASHEL IRISH CREAM,12,750,7.08,10.62,6,63.72,4.50,1.18
INV-65786600051,2023-12-29T00:00:00.000,2575,HY-VEE FOOD STORE #1 / WATERLOO,2834 ANSBOROUGH AVE,WATERLOO,50702,POINT (-92.376732218 42.471831456),,BLACK HAWK,1081400,AMERICAN SCHNAPPS,434,LUXCO INC,81208,PARAMOUNT PEPPERMINT SCHNAPPS,6,1750,8.00,12.00,6,72.00,10.50,2.77
INV-65786600052,2023-12-29T00:00:00.000,2575,HY-VEE FOOD STORE #1 / WATERLOO,2834 ANSBOROUGH AVE,WATERLOO,50702,POINT (-92.376732218 42.471831456),,BLACK HAWK,1012100,CANADIAN WHISKIES,259,HEAVEN HILL BRANDS,86455,BLACK VELVET APPLE,12,750,5.50,8.25,12,99.00,9.00,2.37
INV-65786600053,2023-12-29T00:00:00.000,2575,HY-VEE FOOD STORE #1 / WATERLOO,2834 ANSBOROUGH AVE,WATERLOO,50702,POINT (-92.376732218 42.471831456),,BLACK HAWK,1081600,WHISKEY LIQUEUR,421,SAZERAC COMPANY  INC,86886,SOUTHERN COMFORT,12,750,10.33,15.50,12,186.00,9.00,2.37
INV-65786600054,2023-12-29T00:00:00.000,2575,HY-VEE FOOD STORE #1 / WATERLOO,2834 ANSBOROUGH AVE,WATERLOO,50702,POINT (-92.376732218 42.471831456),,BLACK HAWK,1022200,100% AGAVE TEQUILA,611,"GLOBAL BEVERAGE TEAM, LLC",87110,AZTECA AZUL PLATA TEQUILA,12,750,14.00,21.00,4,84.00,3.00,0.79
INV-65786600055,2023-12-29T00:00:00.000,2575,HY-VEE FOOD STORE #1 / WATERLOO,2834 ANSBOROUGH AVE,WATERLOO,50702,POINT (-92.376732218 42.471831456),,BLACK HAWK,1022100,MIXTO TEQUILA,434,LUXCO INC,87936,JUAREZ SILVER,12,750,8.50,12.75,12,144.00,9.00,2.37
INV-65786700001,2023-12-29T00:00:00.000,3769,WAL-MART 0753 / CEDAR FALLS,525 BRANDILYNN BLVD,CEDAR FALLS,50613,POINT (-92.440126032 42.48685198),,BLACK HAWK,1012100,CANADIAN WHISKIES,260,DIAGEO AMERICAS,10790,CROWN ROYAL VANILLA,24,375,8.49,12.74,24,305.76,9.00,2.37
INV-65786700002,2023-12-29T00:00:00.000,3769,WAL-MART 0753 / CEDAR FALLS,525 BRANDILYNN BLVD,CEDAR FALLS,50613,POINT (-92.440126032 42.48685198),,BLACK HAWK,1012100,CANADIAN WHISKIES,260,DIAGEO AMERICAS,10802,CROWN ROYAL PEACH,12,750,17.49,26.24,12,314.88,9.00,2.37
INV-65786700003,2023-12-29T00:00:00.000,3769,WAL-MART 0753 / CEDAR FALLS,525 BRANDILYNN BLVD,CEDAR FALLS,50613,POINT (-92.440126032 42.48685198),,BLACK HAWK,1012100,CANADIAN WHISKIES,434,LUXCO INC,10935,HAWKEYE CANADIAN WHISKY,6,1750,9.50,14.25,6,85.50,10.50,2.77
INV-65786700004,2023-12-29T00:00:00.000,3769,WAL-MART 0753 / CEDAR FALLS,525 BRANDILYNN BLVD,CEDAR FALLS,50613,POINT (-92.440126032 42.48685198),,BLACK HAWK,1012100,CANADIAN WHISKIES,260,DIAGEO AMERICAS,11294,CROWN ROYAL,24,375,8.49,12.74,24,305.76,9.00,2.37
INV-65786700005,2023-12-29T00:00:00.000,3769,WAL-MART 0753 / CEDAR FALLS,525 BRANDILYNN BLVD,CEDAR FALLS,50613,POINT (-92.440126032 42.48685198),,BLACK HAWK,1012100,CANADIAN WHISKIES,260,DIAGEO AMERICAS,11298,CROWN ROYAL,6,1750,33.99,50.99,6,305.94,10.50,2.77
INV-65786700006,2023-12-29T00:00:00.000,3769,WAL-MART 0753 / CEDAR FALLS,525 BRANDILYNN BLVD,CEDAR FALLS,50613,POINT (-92.440126032 42.48685198),,BLACK HAWK,1012100,CANADIAN WHISKIES,421,SAZERAC COMPANY  INC,11348,SEAGRAMS VO CANADIAN WHISKEY PET,6,1750,11.49,17.24,6,103.44,10.50,2.77
INV-65786700007,2023-12-29T00:00:00.000,3769,WAL-MART 0753 / CEDAR FALLS,525 BRANDILYNN BLVD,CEDAR FALLS,50613,POINT (-92.440126032 42.48685198),,BLACK HAWK,1012100,CANADIAN WHISKIES,259,HEAVEN HILL BRANDS,11586,BLACK VELVET RESERVE,12,750,8.00,12.00,12,144.00,9.00,2.37
INV-65786700008,2023-12-29T00:00:00.000,3769,WAL-MART 0753 / CEDAR FALLS,525 BRANDILYNN BLVD,CEDAR FALLS,50613,POINT (-92.440126032 42.48685198),,BLACK HAWK,1012100,CANADIAN WHISKIES,259,HEAVEN HILL BRANDS,11788,BLACK VELVET,6,1750,11.00,16.50,30,495.00,52.50,13.86
INV-65786700009,2023-12-29T00:00:00.000,3769,WAL-MART 0753 / CEDAR FALLS,525 BRANDILYNN BLVD,CEDAR FALLS,50613,POINT (-92.440126032 42.48685198),,BLACK HAWK,1012400,IRISH WHISKIES,370,PERNOD RICARD USA,15856,REDBREAST 12YR,6,750,39.98,59.97,6,359.82,4.50,1.18
INV-65786700010,2023-12-29T00:00:00.000,3769,WAL-MART 0753 / CEDAR FALLS,525 BRANDILYNN BLVD,CEDAR FALLS,50613,POINT (-92.440126032 42.48685198),,BLACK HAWK,1011200,STRAIGHT BOURBON WHISKIES,065,JIM BEAM BRANDS,19064,JIM BEAM,24,375,5.60,8.40,24,201.60,9.00,2.37
INV-65786700011,2023-12-29T00:00:00.000,3769,WAL-MART 0753 / CEDAR FALLS,525 BRANDILYNN BLVD,CEDAR FALLS,50613,POINT (-92.440126032 42.48685198),,BLACK HAWK,1011200,STRAIGHT BOURBON WHISKIES,065,JIM BEAM BRANDS,19068,JIM BEAM,6,1750,21.50,32.25,6,193.50,10.50,2.77
INV-65786700012,2023-12-29T00:00:00.000,3769,WAL-MART 0753 / CEDAR FALLS,525 BRANDILYNN BLVD,CEDAR FALLS,50613,POINT (-92.440126032 42.48685198),,BLACK HAWK,1011200,STRAIGHT BOURBON WHISKIES,065,JIM BEAM BRANDS,19226,KNOB CREEK,6,750,21.00,31.50,6,189.00,4.50,1.18
INV-65786700014,2023-12-29T00:00:00.000,3769,WAL-MART 0753 / CEDAR FALLS,525 BRANDILYNN BLVD,CEDAR FALLS,50613,POINT (-92.440126032 42.48685198),,BLACK HAWK,1011200,STRAIGHT BOURBON WHISKIES,085,BROWN FORMAN CORP.,22215,WOODFORD RESERVE,12,750,23.50,35.25,12,423.00,9.00,2.37
INV-65786700015,2023-12-29T00:00:00.000,3769,WAL-MART 0753 / CEDAR FALLS,525 BRANDILYNN BLVD,CEDAR FALLS,50613,POINT (-92.440126032 42.48685198),,BLACK HAWK,1011100,BLENDED WHISKIES,065,JIM BEAM BRANDS,24458,KESSLER BLEND WHISKEY,6,1750,11.00,16.50,6,99.00,10.50,2.77
INV-65786700016,2023-12-29T00:00:00.000,3769,WAL-MART 0753 / CEDAR FALLS,525 BRANDILYNN BLVD,CEDAR FALLS,50613,POINT (-92.440126032 42.48685198),,BLACK HAWK,1011100,BLENDED WHISKIES,260,DIAGEO AMERICAS,25608,SEAGRAMS 7 CROWN,6,1750,13.99,20.99,12,251.88,21.00,5.54
INV-65786700017,2023-12-29T00:00:00.000,3769,WAL-MART 0753 / CEDAR FALLS,525 BRANDILYNN BLVD,CEDAR FALLS,50613,POINT (-92.440126032 42.48685198),,BLACK HAWK,1011400,TENNESSEE WHISKIES,085,BROWN FORMAN CORP.,26826,JACK DANIELS OLD #7 BLACK LABEL,12,750,15.91,23.87,12,286.44,9.00,2.37
INV-65786700018,2023-12-29T00:00:00.000,3769,WAL-MART 0753 / CEDAR FALLS,525 BRANDILYNN BLVD,CEDAR FALLS,50613,POINT (-92.440126032 42.48685198),,BLACK HAWK,1011400,TENNESSEE WHISKIES,085,BROWN FORMAN CORP.,26828,JACK DANIELS OLD #7 BLACK LABEL,6,1750,33.28,49.92,6,299.52,10.50,2.77
INV-65786700019,2023-12-29T00:00:00.000,3769,WAL-MART 0753 / CEDAR FALLS,525 BRANDILYNN BLVD,CEDAR FALLS,50613,POINT (-92.440126032 42.48685198),,BLACK HAWK,1011600,STRAIGHT RYE WHISKIES,260,DIAGEO AMERICAS,27025,BULLEIT 95 RYE,12,750,17.99,26.99,12,323.88,9.00,2.37
INV-65786700020,2023-12-29T00:00:00.000,3769,WAL-MART 0753 / CEDAR FALLS,525 BRANDILYNN BLVD,CEDAR FALLS,50613,POINT (-92.440126032 42.48685198),,BLACK HAWK,1011100,BLENDED WHISKIES,065,JIM BEAM BRANDS,27544,RED STAG BLACK CHERRY,12,750,11.00,16.50,12,198.00,9.00,2.37
INV-65786700021,2023-12-29T00:00:00.000,3769,WAL-MART 0753 / CEDAR FALLS,525 BRANDILYNN BLVD,CEDAR FALLS,50613,POINT (-92.440126032 42.48685198),,BLACK HAWK,1011200,STRAIGHT BOURBON WHISKIES,065,JIM BEAM BRANDS,27783,JIM BEAM APPLE,12,750,11.00,16.50,12,198.00,9.00,2.37
INV-65786700022,2023-12-29T00:00:00.000,3769,WAL-MART 0753 / CEDAR FALLS,525 BRANDILYNN BLVD,CEDAR FALLS,50613,POINT (-92.440126032 42.48685198),,BLACK HAWK,1042100,IMPORTED DRY GINS,370,PERNOD RICARD USA,28086,BEEFEATER GIN,12,750,11.99,17.99,12,215.88,9.00,2.37
INV-65786700023,2023-12-29T00:00:00.000,3769,WAL-MART 0753 / CEDAR FALLS,525 BRANDILYNN BLVD,CEDAR FALLS,50613,POINT (-92.440126032 42.48685198),,BLACK HAWK,1011200,STRAIGHT BOURBON WHISKIES,065,JIM BEAM BRANDS,28279,JIM BEAM PEACH,12,750,11.00,16.50,12,198.00,9.00,2.37
INV-65786700024,2023-12-29T00:00:00.000,3769,WAL-MART 0753 / CEDAR FALLS,525 BRANDILYNN BLVD,CEDAR FALLS,50613,POINT (-92.440126032 42.48685198),,BLACK HAWK,1041100,AMERICAN DRY GINS,421,SAZERAC COMPANY  INC,29710,CALIBER GIN,12,750,3.22,4.83,12,57.96,9.00,2.37
INV-65786700025,2023-12-29T00:00:00.000,3769,WAL-MART 0753 / CEDAR FALLS,525 BRANDILYNN BLVD,CEDAR FALLS,50613,POINT (-92.440126032 42.48685198),,BLACK HAWK,1041100,AMERICAN DRY GINS,421,SAZERAC COMPANY  INC,29712,CALIBER GIN,6,1750,6.92,10.38,6,62.28,10.50,2.77
INV-65786700026,2023-12-29T00:00:00.000,3769,WAL-MART 0753 / CEDAR FALLS,525 BRANDILYNN BLVD,CEDAR FALLS,50613,POINT (-92.440126032 42.48685198),,BLACK HAWK,1041100,AMERICAN DRY GINS,205,E & J GALLO WINERY,31473,NEW AMSTERDAM GIN,6,1750,16.00,24.00,6,144.00,10.50,2.77
INV-65786700027,2023-12-29T00:00:00.000,3769,WAL-MART 0753 / CEDAR FALLS,525 BRANDILYNN BLVD,CEDAR FALLS,50613,POINT (-92.440126032 42.48685198),,BLACK HAWK,1032200,IMPORTED FLAVORED VODKA,370,PERNOD RICARD USA,34030,ABSOLUT CITRON,12,750,9.99,14.99,12,179.88,9.00,2.37
INV-65786700028,2023-12-29T00:00:00.000,3769,WAL-MART 0753 / CEDAR FALLS,525 BRANDILYNN BLVD,CEDAR FALLS,50613,POINT (-92.440126032 42.48685198),,BLACK HAWK,1032100,IMPORTED VODKAS,035,BACARDI USA INC,34425,GREY GOOSE,6,1750,27.00,40.50,6,243.00,10.50,2.77
INV-65786700029,2023-12-29T00:00:00.000,3769,WAL-MART 0753 / CEDAR FALLS,525 BRANDILYNN BLVD,CEDAR FALLS,50613,POINT (-92.440126032 42.48685198),,BLACK HAWK,1032200,IMPORTED FLAVORED VODKA,065,JIM BEAM BRANDS,35626,PINNACLE WHIPPED,12,750,6.50,9.75,12,117.00,9.00,2.37
INV-65786700030,2023-12-29T00:00:00.000,3769,WAL-MART 0753 / CEDAR FALLS,525 BRANDILYNN BLVD,CEDAR FALLS,50613,POINT (-92.440126032 42.48685198),,BLACK HAWK,1031100,AMERICAN VODKAS,297,LAIRD & COMPANY,35916,FIVE O'CLOCK VODKA,12,750,3.79,5.69,12,68.28,9.00,2.37
INV-65786700031,2023-12-29T00:00:00.000,3769,WAL-MART 0753 / CEDAR FALLS,525 BRANDILYNN BLVD,CEDAR FALLS,50613,POINT (-92.440126032 42.48685198),,BLACK HAWK,1031100,AMERICAN VODKAS,434,LUXCO INC,36304,HAWKEYE VODKA,24,375,2.00,3.00,24,72.00,9.00,2.37
INV-65786700032,2023-12-29T00:00:00.000,3769,WAL-MART 0753 / CEDAR FALLS,525 BRANDILYNN BLVD,CEDAR FALLS,50613,POINT (-92.440126032 42.48685198),,BLACK HAWK,1031100,AMERICAN VODKAS,434,LUXCO INC,36306,HAWKEYE VODKA,12,750,3.50,5.25,24,126.00,18.00,4.75
INV-65786700033,2023-12-29T00:00:00.000,3769,WAL-MART 0753 / CEDAR FALLS,525 BRANDILYNN BLVD,CEDAR FALLS,50613,POINT (-92.440126032 42.48685198),,BLACK HAWK,1031100,AMERICAN VODKAS,421,SAZERAC COMPANY  INC,36650,CALIBER VODKA,6,1750,6.92,10.38,12,124.56,21.00,5.54
INV-65786700034,2023-12-29T00:00:00.000,3769,WAL-MART 0753 / CEDAR FALLS,525 BRANDILYNN BLVD,CEDAR FALLS,50613,POINT (-92.440126032 42.48685198),,BLACK HAWK,1031100,AMERICAN VODKAS,205,E & J GALLO WINERY,36969,NEW AMSTERDAM 80PRF,12,750,8.00,12.00,12,144.00,9.00,2.37
INV-65786700035,2023-12-29T00:00:00.000,3769,WAL-MART 0753 / CEDAR FALLS,525 BRANDILYNN BLVD,CEDAR FALLS,50613,POINT (-92.440126032 42.48685198),,BLACK HAWK,1031100,AMERICAN VODKAS,380,PHILLIPS BEVERAGE,37338,UV VODKA PET,6,1750,11.50,17.25,6,103.50,10.50,2.77
INV-65786700036,2023-12-29T00:00:00.000,3769,WAL-MART 0753 / CEDAR FALLS,525 BRANDILYNN BLVD,CEDAR FALLS,50613,POINT (-92.440126032 42.48685198),,BLACK HAWK,1031100,AMERICAN VODKAS,255,INFINIUM SPIRITS,37886,SEAGRAMS EXTRA SMOOTH VODKA,12,750,5.38,8.07,12,96.84,9.00,2.37
INV-65786700037,2023-12-29T00:00:00.000,3769,WAL-MART 0753 / CEDAR FALLS,525 BRANDILYNN BLVD,CEDAR FALLS,50613,POINT (-92.440126032 42.48685198),,BLACK HAWK,1031100,AMERICAN VODKAS,619,CAMPARI AMERICA,37986,SKYY VODKA,12,750,8.00,12.00,12,144.00,9.00,2.37
INV-65786700038,2023-12-29T00:00:00.000,3769,WAL-MART 0753 / CEDAR FALLS,525 BRANDILYNN BLVD,CEDAR FALLS,50613,POINT (-92.440126032 42.48685198),,BLACK HAWK,1031100,AMERICAN VODKAS,619,CAMPARI AMERICA,37988,SKYY VODKA,6,1750,15.00,22.50,6,135.00,10.50,2.77
INV-65786700039,2023-12-29T00:00:00.000,3769,WAL-MART 0753 / CEDAR FALLS,525 BRANDILYNN BLVD,CEDAR FALLS,50613,POINT (-92.440126032 42.48685198),,BLACK HAWK,1031100,AMERICAN VODKAS,260,DIAGEO AMERICAS,37994,SMIRNOFF 80PRF,24,375,4.99,7.49,24,179.76,9.00,2.37
INV-65786700040,2023-12-29T00:00:00.000,3769,WAL-MART 0753 / CEDAR FALLS,525 BRANDILYNN BLVD,CEDAR FALLS,50613,POINT (-92.440126032 42.48685198),,BLACK HAWK,1031100,AMERICAN VODKAS,260,DIAGEO AMERICAS,37996,SMIRNOFF 80PRF,12,750,8.25,12.38,12,148.56,9.00,2.37
INV-65786700041,2023-12-29T00:00:00.000,3769,WAL-MART 0753 / CEDAR FALLS,525 BRANDILYNN BLVD,CEDAR FALLS,50613,POINT (-92.440126032 42.48685198),,BLACK HAWK,1031100,AMERICAN VODKAS,260,DIAGEO AMERICAS,38008,SMIRNOFF 80PRF PET,6,1750,14.75,22.13,6,132.78,10.50,2.77
INV-65786700042,2023-12-29T00:00:00.000,3769,WAL-MART 0753 / CEDAR FALLS,525 BRANDILYNN BLVD,CEDAR FALLS,50613,POINT (-92.440126032 42.48685198),,BLACK HAWK,1031100,AMERICAN VODKAS,301,FIFTH GENERATION INC,38174,TITOS HANDMADE VODKA,12,375,5.42,8.13,12,97.56,4.50,1.18
INV-65786700043,2023-12-29T00:00:00.000,3769,WAL-MART 0753 / CEDAR FALLS,525 BRANDILYNN BLVD,CEDAR FALLS,50613,POINT (-92.440126032 42.48685198),,BLACK HAWK,1031100,AMERICAN VODKAS,301,FIFTH GENERATION INC,38176,TITOS HANDMADE VODKA,12,750,10.00,15.00,12,180.00,9.00,2.37
INV-65786700044,2023-12-29T00:00:00.000,3769,WAL-MART 0753 / CEDAR FALLS,525 BRANDILYNN BLVD,CEDAR FALLS,50613,POINT (-92.440126032 42.48685198),,BLACK HAWK,1031200,AMERICAN FLAVORED VODKA,421,SAZERAC COMPANY  INC,39753,CALIBER CITRUS VODKA,6,1750,6.92,10.38,6,62.28,10.50,2.77
INV-65786700045,2023-12-29T00:00:00.000,3769,WAL-MART 0753 / CEDAR FALLS,525 BRANDILYNN BLVD,CEDAR FALLS,50613,POINT (-92.440126032 42.48685198),,BLACK HAWK,1031200,AMERICAN FLAVORED VODKA,259,HEAVEN HILL BRANDS,40053,DEEP EDDY LEMON,12,750,9.50,14.25,12,171.00,9.00,2.37
INV-65786700046,2023-12-29T00:00:00.000,3769,WAL-MART 0753 / CEDAR FALLS,525 BRANDILYNN BLVD,CEDAR FALLS,50613,POINT (-92.440126032 42.48685198),,BLACK HAWK,1031200,AMERICAN FLAVORED VODKA,380,PHILLIPS BEVERAGE,41360,UV PINK LEMONADE,12,750,7.50,11.25,12,135.00,9.00,2.37
INV-65786700047,2023-12-29T00:00:00.000,3769,WAL-MART 0753 / CEDAR FALLS,525 BRANDILYNN BLVD,CEDAR FALLS,50613,POINT (-92.440126032 42.48685198),,BLACK HAWK,1062500,FLAVORED RUM,370,PERNOD RICARD USA,42699,MALIBU MANGO,12,750,8.99,13.49,12,161.88,9.00,2.37
INV-65786700048,2023-12-29T00:00:00.000,3769,WAL-MART 0753 / CEDAR FALLS,525 BRANDILYNN BLVD,CEDAR FALLS,50613,POINT (-92.440126032 42.48685198),,BLACK HAWK,1062500,FLAVORED RUM,370,PERNOD RICARD USA,42714,MALIBU COCONUT,24,375,5.49,8.24,24,197.76,9.00,2.37
INV-65786700049,2023-12-29T00:00:00.000,3769,WAL-MART 0753 / CEDAR FALLS,525 BRANDILYNN BLVD,CEDAR FALLS,50613,POINT (-92.440126032 42.48685198),,BLACK HAWK,1062500,FLAVORED RUM,370,PERNOD RICARD USA,42716,MALIBU COCONUT,12,750,8.99,13.49,24,323.76,18.00,4.75
INV-65786700050,2023-12-29T00:00:00.000,3769,WAL-MART 0753 / CEDAR FALLS,525 BRANDILYNN BLVD,CEDAR FALLS,50613,POINT (-92.440126032 42.48685198),,BLACK HAWK,1062400,SPICED RUM,259,HEAVEN HILL BRANDS,43028,ADMIRAL NELSON SPICED,6,1750,12.00,18.00,12,216.00,21.00,5.54
INV-65786700051,2023-12-29T00:00:00.000,3769,WAL-MART 0753 / CEDAR FALLS,525 BRANDILYNN BLVD,CEDAR FALLS,50613,POINT (-92.440126032 42.48685198),,BLACK HAWK,1062200,WHITE RUM,035,BACARDI USA INC,43127,BACARDI SUPERIOR,12,1000,9.50,14.25,12,171.00,12.00,3.17
INV-65786700054,2023-12-29T00:00:00.000,3769,WAL-MART 0753 / CEDAR FALLS,525 BRANDILYNN BLVD,CEDAR FALLS,50613,POINT (-92.440126032 42.48685198),,BLACK HAWK,1062400,SPICED RUM,260,DIAGEO AMERICAS,43336,CAPTAIN MORGAN ORIGINAL SPICED,12,750,9.49,14.24,24,341.76,18.00,4.75
INV-65786700055,2023-12-29T00:00:00.000,3769,WAL-MART 0753 / CEDAR FALLS,525 BRANDILYNN BLVD,CEDAR FALLS,50613,POINT (-92.440126032 42.48685198),,BLACK HAWK,1062500,FLAVORED RUM,260,DIAGEO AMERICAS,43352,CAPTAIN MORGAN PINEAPPLE,12,750,8.26,12.39,12,148.68,9.00,2.37
INV-65786700056,2023-12-29T00:00:00.000,3769,WAL-MART 0753 / CEDAR FALLS,525 BRANDILYNN BLVD,CEDAR FALLS,50613,POINT (-92.440126032 42.48685198),,BLACK HAWK,1062200,WHITE RUM,434,LUXCO INC,45278,PARAMOUNT WHITE RUM,6,1750,8.00,12.00,12,144.00,21.00,5.54
INV-65786700057,2023-12-29T00:00:00.000,3769,WAL-MART 0753 / CEDAR FALLS,525 BRANDILYNN BLVD,CEDAR FALLS,50613,POINT (-92.440126032 42.48685198),,BLACK HAWK,1062400,SPICED RUM,421,SAZERAC COMPANY  INC,46144,CALIBER SPICED RUM,6,1750,7.36,11.04,6,66.24,10.50,2.77
INV-65786700059,2023-12-29T00:00:00.000,3769,WAL-MART 0753 / CEDAR FALLS,525 BRANDILYNN BLVD,CEDAR FALLS,50613,POINT (-92.440126032 42.48685198),,BLACK HAWK,1062400,SPICED RUM,395,PROXIMO,46504,KRAKEN BLACK SPICED RUM,12,750,11.00,16.50,12,198.00,9.00,2.37
INV-65786700060,2023-12-29T00:00:00.000,3769,WAL-MART 0753 / CEDAR FALLS,525 BRANDILYNN BLVD,CEDAR FALLS,50613,POINT (-92.440126032 42.48685198),,BLACK HAWK,1052100,IMPORTED BRANDIES,065,JIM BEAM BRANDS,47786,COURVOISIER VS COGNAC,12,750,19.50,29.25,12,351.00,9.00,2.37
INV-65786700062,2023-12-29T00:00:00.000,3769,WAL-MART 0753 / CEDAR FALLS,525 BRANDILYNN BLVD,CEDAR FALLS,50613,POINT (-92.440126032 42.48685198),,BLACK HAWK,1051100,AMERICAN BRANDIES,259,HEAVEN HILL BRANDS,56006,CHRISTIAN BROS PEACH,12,750,6.50,9.75,12,108.00,9.00,2.37
INV-65786700063,2023-12-29T00:00:00.000,3769,WAL-MART 0753 / CEDAR FALLS,525 BRANDILYNN BLVD,CEDAR FALLS,50613,POINT (-92.440126032 42.48685198),,BLACK HAWK,1071000,COCKTAILS/RTD,260,DIAGEO AMERICAS,58801,CAPTAIN MORGAN LONG ISLAND ICED TEA,6,1750,11.00,16.50,6,99.00,10.50,2.77
INV-65786700064,2023-12-29T00:00:00.000,3769,WAL-MART 0753 / CEDAR FALLS,525 BRANDILYNN BLVD,CEDAR FALLS,50613,POINT (-92.440126032 42.48685198),,BLACK HAWK,1071000,COCKTAILS/RTD,395,PROXIMO,58838,JOSE CUERVO AUTHENTIC LIME MARGARITA,6,1750,8.74,13.11,12,157.32,21.00,5.54
INV-65786700065,2023-12-29T00:00:00.000,3769,WAL-MART 0753 / CEDAR FALLS,525 BRANDILYNN BLVD,CEDAR FALLS,50613,POINT (-92.440126032 42.48685198),,BLACK HAWK,1071000,COCKTAILS/RTD,395,PROXIMO,58860,JOSE CUERVO AUTHENTIC MANGO MARGARITA,6,1750,8.74,13.11,6,78.66,10.50,2.77
INV-65786700066,2023-12-29T00:00:00.000,3769,WAL-MART 0753 / CEDAR FALLS,525 BRANDILYNN BLVD,CEDAR FALLS,50613,POINT (-92.440126032 42.48685198),,BLACK HAWK,1071000,COCKTAILS/RTD,395,PROXIMO,59154,1800 ULTIMATE MARGARITA PET,6,1750,10.04,15.06,6,90.36,10.50,2.77
INV-65786700067,2023-12-29T00:00:00.000,3769,WAL-MART 0753 / CEDAR FALLS,525 BRANDILYNN BLVD,CEDAR FALLS,50613,POINT (-92.440126032 42.48685198),,BLACK HAWK,1071000,COCKTAILS/RTD,370,PERNOD RICARD USA,62061,KAHLUA FROZEN MUDSLIDE,6,1750,7.99,11.99,6,71.94,10.50,2.77
INV-65786700069,2023-12-29T00:00:00.000,3769,WAL-MART 0753 / CEDAR FALLS,525 BRANDILYNN BLVD,CEDAR FALLS,50613,POINT (-92.440126032 42.48685198),,BLACK HAWK,1081600,WHISKEY LIQUEUR,421,SAZERAC COMPANY  INC,64865,FIREBALL CINNAMON WHISKEY PET,12,750,9.00,13.50,12,162.00,9.00,2.37
INV-65786700070,2023-12-29T00:00:00.000,3769,WAL-MART 0753 / CEDAR FALLS,525 BRANDILYNN BLVD,CEDAR FALLS,50613,POINT (-92.440126032 42.48685198),,BLACK HAWK,1081600,WHISKEY LIQUEUR,421,SAZERAC COMPANY  INC,64866,FIREBALL CINNAMON WHISKEY,12,750,9.00,13.50,12,162.00,9.00,2.37
INV-65786700071,2023-12-29T00:00:00.000,3769,WAL-MART 0753 / CEDAR FALLS,525 BRANDILYNN BLVD,CEDAR FALLS,50613,POINT (-92.440126032 42.48685198),,BLACK HAWK,1081600,WHISKEY LIQUEUR,421,SAZERAC COMPANY  INC,64868,FIREBALL CINNAMON WHISKEY,6,1750,16.00,24.00,6,144.00,10.50,2.77
INV-65786700072,2023-12-29T00:00:00.000,3769,WAL-MART 0753 / CEDAR FALLS,525 BRANDILYNN BLVD,CEDAR FALLS,50613,POINT (-92.440126032 42.48685198),,BLACK HAWK,1081600,WHISKEY LIQUEUR,421,SAZERAC COMPANY  INC,65013,FIREBALL CINNAMON WHISKEY MINI SLEEVE,12,50,4.30,6.45,24,154.80,1.20,0.31
INV-65786700073,2023-12-29T00:00:00.000,3769,WAL-MART 0753 / CEDAR FALLS,525 BRANDILYNN BLVD,CEDAR FALLS,50613,POINT (-92.440126032 42.48685198),,BLACK HAWK,1082100,IMPORTED CORDIALS & LIQUEURS,368,PARK STREET IMPORTS,65426,LICOR 43,12,750,14.50,21.75,12,261.00,9.00,2.37
INV-65786700074,2023-12-29T00:00:00.000,3769,WAL-MART 0753 / CEDAR FALLS,525 BRANDILYNN BLVD,CEDAR FALLS,50613,POINT (-92.440126032 42.48685198),,BLACK HAWK,1081100,COFFEE LIQUEURS,370,PERNOD RICARD USA,67524,KAHLUA COFFEE,24,375,8.99,13.49,24,323.76,9.00,2.37
INV-65786700075,2023-12-29T00:00:00.000,3769,WAL-MART 0753 / CEDAR FALLS,525 BRANDILYNN BLVD,CEDAR FALLS,50613,POINT (-92.440126032 42.48685198),,BLACK HAWK,1081100,COFFEE LIQUEURS,370,PERNOD RICARD USA,67527,KAHLUA COFFEE,12,1000,18.99,28.49,12,341.88,12.00,3.17
INV-65786700078,2023-12-29T00:00:00.000,3769,WAL-MART 0753 / CEDAR FALLS,525 BRANDILYNN BLVD,CEDAR FALLS,50613,POINT (-92.440126032 42.48685198),,BLACK HAWK,1081200,CREAM LIQUEURS,482,"SOVEREIGN BRANDS, LLC",68080,BUMBU CREME,6,750,18.50,27.75,6,166.50,4.50,1.18
INV-65786700080,2023-12-29T00:00:00.000,3769,WAL-MART 0753 / CEDAR FALLS,525 BRANDILYNN BLVD,CEDAR FALLS,50613,POINT (-92.440126032 42.48685198),,BLACK HAWK,1082200,IMPORTED SCHNAPPS,421,SAZERAC COMPANY  INC,69636,DR MCGILLICUDDYS CHERRY,12,750,8.89,13.34,12,155.88,9.00,2.37
INV-65786700081,2023-12-29T00:00:00.000,3769,WAL-MART 0753 / CEDAR FALLS,525 BRANDILYNN BLVD,CEDAR FALLS,50613,POINT (-92.440126032 42.48685198),,BLACK HAWK,1082200,IMPORTED SCHNAPPS,421,SAZERAC COMPANY  INC,69715,DR MCGILLICUDDYS PEACH,12,750,8.89,13.34,12,155.88,9.00,2.37
INV-65786700082,2023-12-29T00:00:00.000,3769,WAL-MART 0753 / CEDAR FALLS,525 BRANDILYNN BLVD,CEDAR FALLS,50613,POINT (-92.440126032 42.48685198),,BLACK HAWK,1081200,CREAM LIQUEURS,205,E & J GALLO WINERY,73055,RUMCHATA,12,750,14.00,21.00,12,252.00,9.00,2.37
INV-65786700083,2023-12-29T00:00:00.000,3769,WAL-MART 0753 / CEDAR FALLS,525 BRANDILYNN BLVD,CEDAR FALLS,50613,POINT (-92.440126032 42.48685198),,BLACK HAWK,1081300,AMERICAN CORDIALS & LIQUEURS,772,INTERCONTINENTAL PACKAGING COMPANY/PRESTIGE BEVERAGE GROUP,75209,KINKY PINK,12,375,5.00,7.50,12,90.00,4.50,1.18
INV-65786700084,2023-12-29T00:00:00.000,3769,WAL-MART 0753 / CEDAR FALLS,525 BRANDILYNN BLVD,CEDAR FALLS,50613,POINT (-92.440126032 42.48685198),,BLACK HAWK,1031200,AMERICAN FLAVORED VODKA,772,INTERCONTINENTAL PACKAGING COMPANY/PRESTIGE BEVERAGE GROUP,75210,KINKY PINK,6,750,10.00,15.00,6,90.00,4.50,1.18
INV-65786700085,2023-12-29T00:00:00.000,3769,WAL-MART 0753 / CEDAR FALLS,525 BRANDILYNN BLVD,CEDAR FALLS,50613,POINT (-92.440126032 42.48685198),,BLACK HAWK,1031200,AMERICAN FLAVORED VODKA,772,INTERCONTINENTAL PACKAGING COMPANY/PRESTIGE BEVERAGE GROUP,75230,KINKY RED,6,750,10.00,15.00,6,90.00,4.50,1.18
INV-65786700086,2023-12-29T00:00:00.000,3769,WAL-MART 0753 / CEDAR FALLS,525 BRANDILYNN BLVD,CEDAR FALLS,50613,POINT (-92.440126032 42.48685198),,BLACK HAWK,1031200,AMERICAN FLAVORED VODKA,772,INTERCONTINENTAL PACKAGING COMPANY/PRESTIGE BEVERAGE GROUP,75264,KINKY FRUIT PUNCH,6,750,10.00,15.00,6,90.00,4.50,1.18
INV-65786700087,2023-12-29T00:00:00.000,3769,WAL-MART 0753 / CEDAR FALLS,525 BRANDILYNN BLVD,CEDAR FALLS,50613,POINT (-92.440126032 42.48685198),,BLACK HAWK,1031200,AMERICAN FLAVORED VODKA,260,DIAGEO AMERICAS,77858,SMIRNOFF WHIPPED CREAM,12,750,8.25,12.38,12,148.56,9.00,2.37
INV-65786700089,2023-12-29T00:00:00.000,3769,WAL-MART 0753 / CEDAR FALLS,525 BRANDILYNN BLVD,CEDAR FALLS,50613,POINT (-92.440126032 42.48685198),,BLACK HAWK,1081400,AMERICAN SCHNAPPS,421,SAZERAC COMPANY  INC,84367,MR BOSTON SOUR APPLE SCHNAPPS,12,1000,5.00,7.50,12,90.00,12.00,3.17
INV-65786700090,2023-12-29T00:00:00.000,3769,WAL-MART 0753 / CEDAR FALLS,525 BRANDILYNN BLVD,CEDAR FALLS,50613,POINT (-92.440126032 42.48685198),,BLACK HAWK,1022200,100% AGAVE TEQUILA,192,"MAST-JAGERMEISTER US, INC",86139,TEREMANA ANEJO TEQUILA,6,750,21.32,31.98,6,191.88,4.50,1.18
INV-65786700091,2023-12-29T00:00:00.000,3769,WAL-MART 0753 / CEDAR FALLS,525 BRANDILYNN BLVD,CEDAR FALLS,50613,POINT (-92.440126032 42.48685198),,BLACK HAWK,1011400,TENNESSEE WHISKIES,085,BROWN FORMAN CORP.,86670,JACK DANIELS TENNESSEE HONEY,12,750,15.91,23.87,12,286.44,9.00,2.37
INV-65786700092,2023-12-29T00:00:00.000,3769,WAL-MART 0753 / CEDAR FALLS,525 BRANDILYNN BLVD,CEDAR FALLS,50613,POINT (-92.440126032 42.48685198),,BLACK HAWK,1091300,NEUTRAL GRAIN SPIRITS FLAVORED,346,OLE SMOKY DISTILLERY LLC,86839,OLE SMOKY MANGO HABANERO WHISKEY,6,750,11.00,16.50,6,99.00,4.50,1.18
INV-65786700093,2023-12-29T00:00:00.000,3769,WAL-MART 0753 / CEDAR FALLS,525 BRANDILYNN BLVD,CEDAR FALLS,50613,POINT (-92.440126032 42.48685198),,BLACK HAWK,1081600,WHISKEY LIQUEUR,421,SAZERAC COMPANY  INC,86886,SOUTHERN COMFORT,12,750,10.33,15.50,12,186.00,9.00,2.37
INV-65786700094,2023-12-29T00:00:00.000,3769,WAL-MART 0753 / CEDAR FALLS,525 BRANDILYNN BLVD,CEDAR FALLS,50613,POINT (-92.440126032 42.48685198),,BLACK HAWK,1022200,100% AGAVE TEQUILA,259,HEAVEN HILL BRANDS,88018,LUNAZUL BLANCO,12,750,13.50,20.25,12,243.00,9.00,2.37
INV-65786700095,2023-12-29T00:00:00.000,3769,WAL-MART 0753 / CEDAR FALLS,525 BRANDILYNN BLVD,CEDAR FALLS,50613,POINT (-92.440126032 42.48685198),,BLACK HAWK,1022200,100% AGAVE TEQUILA,035,BACARDI USA INC,88294,PATRON SILVER,12,375,15.00,22.50,12,270.00,4.50,1.18
INV-65786700096,2023-12-29T00:00:00.000,3769,WAL-MART 0753 / CEDAR FALLS,525 BRANDILYNN BLVD,CEDAR FALLS,50613,POINT (-92.440126032 42.48685198),,BLACK HAWK,1022200,100% AGAVE TEQUILA,065,JIM BEAM BRANDS,88566,TRES GENERACIONES PLATA,6,750,21.50,32.25,6,193.50,4.50,1.18
INV-65786800001,2023-12-29T00:00:00.000,2572,HY-VEE FOOD STORE / CEDAR FALLS,6301 UNIVERSITY,CEDAR FALLS,50613,POINT (-92.434183011 42.512328021),,BLACK HAWK,1012300,SINGLE MALT SCOTCH,420,MOET HENNESSY USA,4096,ARDBEG 10YR ISLAY,6,750,34.49,51.74,1,51.74,0.75,0.19
INV-65786800002,2023-12-29T00:00:00.000,2572,HY-VEE FOOD STORE / CEDAR FALLS,6301 UNIVERSITY,CEDAR FALLS,50613,POINT (-92.434183011 42.512328021),,BLACK HAWK,1012300,SINGLE MALT SCOTCH,420,MOET HENNESSY USA,4111,ARDBEG UIGEADAIL,6,750,47.49,71.24,1,71.24,0.75,0.19
INV-65786800003,2023-12-29T00:00:00.000,2572,HY-VEE FOOD STORE / CEDAR FALLS,6301 UNIVERSITY,CEDAR FALLS,50613,POINT (-92.434183011 42.512328021),,BLACK HAWK,1012300,SINGLE MALT SCOTCH,420,MOET HENNESSY USA,4246,ARDBEG WEE BEASTIE,6,750,26.99,40.49,1,40.49,0.75,0.19
INV-65786800004,2023-12-29T00:00:00.000,2572,HY-VEE FOOD STORE / CEDAR FALLS,6301 UNIVERSITY,CEDAR FALLS,50613,POINT (-92.434183011 42.512328021),,BLACK HAWK,1012300,SINGLE MALT SCOTCH,065,JIM BEAM BRANDS,4636,BOWMORE SCOTCH 12YR,6,750,35.00,52.50,1,51.75,0.75,0.19
INV-65786800005,2023-12-29T00:00:00.000,2572,HY-VEE FOOD STORE / CEDAR FALLS,6301 UNIVERSITY,CEDAR FALLS,50613,POINT (-92.434183011 42.512328021),,BLACK HAWK,1012200,SCOTCH WHISKIES,370,PERNOD RICARD USA,4716,CHIVAS REGAL 12YR,12,750,20.48,30.72,2,61.44,1.50,0.39
INV-65786800006,2023-12-29T00:00:00.000,2572,HY-VEE FOOD STORE / CEDAR FALLS,6301 UNIVERSITY,CEDAR FALLS,50613,POINT (-92.434183011 42.512328021),,BLACK HAWK,1012300,SINGLE MALT SCOTCH,260,DIAGEO AMERICAS,4846,DALWHINNIE 15YR SINGLE MALT SCOTCH,12,750,44.99,67.49,1,67.49,0.75,0.19
INV-65786800007,2023-12-29T00:00:00.000,2572,HY-VEE FOOD STORE / CEDAR FALLS,6301 UNIVERSITY,CEDAR FALLS,50613,POINT (-92.434183011 42.512328021),,BLACK HAWK,1012200,SCOTCH WHISKIES,035,BACARDI USA INC,4868,DEWARS WHITE LABEL SCOTCH,6,1750,26.50,39.75,1,39.75,1.75,0.46
INV-65786800009,2023-12-29T00:00:00.000,2572,HY-VEE FOOD STORE / CEDAR FALLS,6301 UNIVERSITY,CEDAR FALLS,50613,POINT (-92.434183011 42.512328021),,BLACK HAWK,1012300,SINGLE MALT SCOTCH,420,MOET HENNESSY USA,5103,GLENMORANGIE LASANTA,6,750,31.49,47.24,1,47.24,0.75,0.19
INV-65786800012,2023-12-29T00:00:00.000,2572,HY-VEE FOOD STORE / CEDAR FALLS,6301 UNIVERSITY,CEDAR FALLS,50613,POINT (-92.434183011 42.512328021),,BLACK HAWK,1012200,SCOTCH WHISKIES,260,DIAGEO AMERICAS,5318,JOHNNIE WALKER DOUBLE BLACK,6,750,24.99,37.49,2,74.98,1.50,0.39
INV-65786800013,2023-12-29T00:00:00.000,2572,HY-VEE FOOD STORE / CEDAR FALLS,6301 UNIVERSITY,CEDAR FALLS,50613,POINT (-92.434183011 42.512328021),,BLACK HAWK,1012200,SCOTCH WHISKIES,260,DIAGEO AMERICAS,5325,JOHNNIE WALKER BLACK,24,375,11.99,17.99,2,35.98,0.75,0.19
INV-65786800014,2023-12-29T00:00:00.000,2572,HY-VEE FOOD STORE / CEDAR FALLS,6301 UNIVERSITY,CEDAR FALLS,50613,POINT (-92.434183011 42.512328021),,BLACK HAWK,1012300,SINGLE MALT SCOTCH,065,JIM BEAM BRANDS,5404,LAPHROAIG SELECT,6,750,27.00,40.50,1,40.50,0.75,0.19
INV-65786800018,2023-12-29T00:00:00.000,2572,HY-VEE FOOD STORE / CEDAR FALLS,6301 UNIVERSITY,CEDAR FALLS,50613,POINT (-92.434183011 42.512328021),,BLACK HAWK,1012200,SCOTCH WHISKIES,240,WILLIAM GRANT & SONS INC,5635,MONKEY SHOULDER,6,750,21.00,31.50,1,31.50,0.75,0.19
INV-65786900001,2023-12-29T00:00:00.000,2572,HY-VEE FOOD STORE / CEDAR FALLS,6301 UNIVERSITY,CEDAR FALLS,50613,POINT (-92.434183011 42.512328021),,BLACK HAWK,1011200,STRAIGHT BOURBON WHISKIES,065,JIM BEAM BRANDS,27408,JIM BEAM HONEY MINI,12,50,7.00,10.50,1,10.50,0.05,0.01
INV-65786900004,2023-12-29T00:00:00.000,2572,HY-VEE FOOD STORE / CEDAR FALLS,6301 UNIVERSITY,CEDAR FALLS,50613,POINT (-92.434183011 42.512328021),,BLACK HAWK,1062200,WHITE RUM,035,BACARDI USA INC,43121,BACARDI SUPERIOR MINI,12,50,5.54,8.31,1,8.31,0.05,0.01
INV-65786900006,2023-12-29T00:00:00.000,2572,HY-VEE FOOD STORE / CEDAR FALLS,6301 UNIVERSITY,CEDAR FALLS,50613,POINT (-92.434183011 42.512328021),,BLACK HAWK,1081200,CREAM LIQUEURS,260,DIAGEO AMERICAS,68039,BAILEYS ORIGINAL IRISH CREAM 100ML,4,2400,41.76,62.64,2,125.28,4.80,1.26
INV-65786900007,2023-12-29T00:00:00.000,2572,HY-VEE FOOD STORE / CEDAR FALLS,6301 UNIVERSITY,CEDAR FALLS,50613,POINT (-92.434183011 42.512328021),,BLACK HAWK,1701100,TEMPORARY & SPECIALTY PACKAGES,384,PIEDMONT DISTILLERS INC,68620,MIDNIGHT MOON APPLE PIE MOONSHAKE MINI,4,50,17.16,25.74,1,25.74,0.05,0.01
INV-65786900008,2023-12-29T00:00:00.000,2572,HY-VEE FOOD STORE / CEDAR FALLS,6301 UNIVERSITY,CEDAR FALLS,50613,POINT (-92.434183011 42.512328021),,BLACK HAWK,1701100,TEMPORARY & SPECIALTY PACKAGES,384,PIEDMONT DISTILLERS INC,68624,MIDNIGHT MOON COOKIES & CREAM MOONSHAKE MINI,4,50,17.16,25.74,1,25.74,0.05,0.01
INV-65786900009,2023-12-29T00:00:00.000,2572,HY-VEE FOOD STORE / CEDAR FALLS,6301 UNIVERSITY,CEDAR FALLS,50613,POINT (-92.434183011 42.512328021),,BLACK HAWK,1082200,IMPORTED SCHNAPPS,260,DIAGEO AMERICAS,69940,RUMPLE MINZE PEPPERMINT SCHNAPPS LIQUEUR MINI,12,50,13.50,20.25,1,20.25,0.05,0.01
INV-65786900010,2023-12-29T00:00:00.000,2572,HY-VEE FOOD STORE / CEDAR FALLS,6301 UNIVERSITY,CEDAR FALLS,50613,POINT (-92.434183011 42.512328021),,BLACK HAWK,1091300,NEUTRAL GRAIN SPIRITS FLAVORED,384,PIEDMONT DISTILLERS INC,76069,MIDNIGHT MOON APPLE PIE MINI,4,50,17.16,25.74,1,25.74,0.05,0.01
INV-65786900011,2023-12-29T00:00:00.000,2572,HY-VEE FOOD STORE / CEDAR FALLS,6301 UNIVERSITY,CEDAR FALLS,50613,POINT (-92.434183011 42.512328021),,BLACK HAWK,1091300,NEUTRAL GRAIN SPIRITS FLAVORED,346,OLE SMOKY DISTILLERY LLC,76412,OLE SMOKY BUTTER PECAN MOONSHINE MINI,8,50,8.75,13.13,1,13.13,0.05,0.01
INV-65786900012,2023-12-29T00:00:00.000,2572,HY-VEE FOOD STORE / CEDAR FALLS,6301 UNIVERSITY,CEDAR FALLS,50613,POINT (-92.434183011 42.512328021),,BLACK HAWK,1031200,AMERICAN FLAVORED VODKA,764,SODA JERK LLC,77201,SODA JERK ROOT BEER SHOT MINI,12,50,12.00,18.00,1,18.00,0.05,0.01
INV-65786900013,2023-12-29T00:00:00.000,2572,HY-VEE FOOD STORE / CEDAR FALLS,6301 UNIVERSITY,CEDAR FALLS,50613,POINT (-92.434183011 42.512328021),,BLACK HAWK,1031200,AMERICAN FLAVORED VODKA,764,SODA JERK LLC,77209,SODA JERK ORANGE CREAM SHOT MINI,12,50,12.00,18.00,1,18.00,0.05,0.01
INV-65786900014,2023-12-29T00:00:00.000,2572,HY-VEE FOOD STORE / CEDAR FALLS,6301 UNIVERSITY,CEDAR FALLS,50613,POINT (-92.434183011 42.512328021),,BLACK HAWK,1091100,AMERICAN DISTILLED SPIRITS SPECIALTY,154,DUNKEL CORPORATION / IOWA DISTILLING,78115,SAINTS N SINNERS MINI,8,50,8.38,12.57,1,12.57,0.05,0.01
INV-65786900015,2023-12-29T00:00:00.000,2572,HY-VEE FOOD STORE / CEDAR FALLS,6301 UNIVERSITY,CEDAR FALLS,50613,POINT (-92.434183011 42.512328021),,BLACK HAWK,1091300,NEUTRAL GRAIN SPIRITS FLAVORED,346,OLE SMOKY DISTILLERY LLC,80371,OLE SMOKY MOUNTAIN JAVA MOONSHINE MINI,8,50,8.75,13.13,2,26.26,0.10,0.02
INV-65786900017,2023-12-29T00:00:00.000,2572,HY-VEE FOOD STORE / CEDAR FALLS,6301 UNIVERSITY,CEDAR FALLS,50613,POINT (-92.434183011 42.512328021),,BLACK HAWK,1011400,TENNESSEE WHISKIES,346,OLE SMOKY DISTILLERY LLC,86543,OLE SMOKY PEACH WHISKEY MINI,4,50,17.50,26.25,1,26.25,0.05,0.01
INV-65786900018,2023-12-29T00:00:00.000,2572,HY-VEE FOOD STORE / CEDAR FALLS,6301 UNIVERSITY,CEDAR FALLS,50613,POINT (-92.434183011 42.512328021),,BLACK HAWK,1011400,TENNESSEE WHISKIES,346,OLE SMOKY DISTILLERY LLC,86544,OLE SMOKY SALTY CARAMEL WHISKEY MINI,4,50,17.50,26.25,1,26.25,0.05,0.01
INV-65786900019,2023-12-29T00:00:00.000,2572,HY-VEE FOOD STORE / CEDAR FALLS,6301 UNIVERSITY,CEDAR FALLS,50613,POINT (-92.434183011 42.512328021),,BLACK HAWK,1091300,NEUTRAL GRAIN SPIRITS FLAVORED,346,OLE SMOKY DISTILLERY LLC,86828,OLE SMOKY HUNCH PUNCH MOONSHINE MINI,8,50,8.75,13.13,1,13.13,0.05,0.01
INV-65786900020,2023-12-29T00:00:00.000,2572,HY-VEE FOOD STORE / CEDAR FALLS,6301 UNIVERSITY,CEDAR FALLS,50613,POINT (-92.434183011 42.512328021),,BLACK HAWK,1011100,BLENDED WHISKIES,370,PERNOD RICARD USA,87035,SKREWBALL PEANUT BUTTER WHISKEY MINI,12,50,14.00,21.00,1,21.00,0.05,0.01
INV-65786900021,2023-12-29T00:00:00.000,2572,HY-VEE FOOD STORE / CEDAR FALLS,6301 UNIVERSITY,CEDAR FALLS,50613,POINT (-92.434183011 42.512328021),,BLACK HAWK,1081400,AMERICAN SCHNAPPS,421,SAZERAC COMPANY  INC,87054,99 PEANUT BUTTER WHISKEY MINI,1,50,51.60,77.40,1,77.40,0.05,0.01
INV-65787000003,2023-12-29T00:00:00.000,2572,HY-VEE FOOD STORE / CEDAR FALLS,6301 UNIVERSITY,CEDAR FALLS,50613,POINT (-92.434183011 42.512328021),,BLACK HAWK,1012100,CANADIAN WHISKIES,380,PHILLIPS BEVERAGE,14474,REVEL STOKE SHELLSHOCKED ROASTED PECAN,12,750,9.50,14.25,3,42.75,2.25,0.59
INV-65787000005,2023-12-29T00:00:00.000,2572,HY-VEE FOOD STORE / CEDAR FALLS,6301 UNIVERSITY,CEDAR FALLS,50613,POINT (-92.434183011 42.512328021),,BLACK HAWK,1012400,IRISH WHISKIES,421,SAZERAC COMPANY  INC,15818,PADDY OLD IRISH WHISKEY,12,750,10.50,15.75,2,31.50,1.50,0.39
INV-65787000011,2023-12-29T00:00:00.000,2572,HY-VEE FOOD STORE / CEDAR FALLS,6301 UNIVERSITY,CEDAR FALLS,50613,POINT (-92.434183011 42.512328021),,BLACK HAWK,1011200,STRAIGHT BOURBON WHISKIES,259,HEAVEN HILL BRANDS,17919,ELIJAH CRAIG SMALL BATCH,6,1750,32.50,48.75,1,48.75,1.75,0.46
INV-65787000013,2023-12-29T00:00:00.000,2572,HY-VEE FOOD STORE / CEDAR FALLS,6301 UNIVERSITY,CEDAR FALLS,50613,POINT (-92.434183011 42.512328021),,BLACK HAWK,1011100,BLENDED WHISKIES,297,LAIRD & COMPANY,23827,FIVE STAR,12,1000,4.86,7.29,4,29.16,4.00,1.05
INV-65787000016,2023-12-29T00:00:00.000,2572,HY-VEE FOOD STORE / CEDAR FALLS,6301 UNIVERSITY,CEDAR FALLS,50613,POINT (-92.434183011 42.512328021),,BLACK HAWK,1031100,AMERICAN VODKAS,566,"FOUNDRY DISTILLING COMPANY, LLC",37095,BUTCHERS BLOCK VODKA,12,750,8.43,12.65,2,25.30,1.50,0.39
INV-65787000017,2023-12-29T00:00:00.000,2572,HY-VEE FOOD STORE / CEDAR FALLS,6301 UNIVERSITY,CEDAR FALLS,50613,POINT (-92.434183011 42.512328021),,BLACK HAWK,1031100,AMERICAN VODKAS,301,FIFTH GENERATION INC,38178,TITOS HANDMADE VODKA,6,1750,19.00,28.50,30,855.00,52.50,13.86
INV-65787000018,2023-12-29T00:00:00.000,2572,HY-VEE FOOD STORE / CEDAR FALLS,6301 UNIVERSITY,CEDAR FALLS,50613,POINT (-92.434183011 42.512328021),,BLACK HAWK,1062100,GOLD RUM,389,REMY COINTREAU USA INC,42666,MT GAY ECLIPSE RUM,12,750,11.98,17.97,3,53.91,2.25,0.59
INV-65787000021,2023-12-29T00:00:00.000,2572,HY-VEE FOOD STORE / CEDAR FALLS,6301 UNIVERSITY,CEDAR FALLS,50613,POINT (-92.434183011 42.512328021),,BLACK HAWK,1062200,WHITE RUM,260,DIAGEO AMERICAS,43323,CAPTAIN MORGAN WHITE PET,6,1750,15.00,22.50,1,22.50,1.75,0.46
INV-65787000023,2023-12-29T00:00:00.000,2572,HY-VEE FOOD STORE / CEDAR FALLS,6301 UNIVERSITY,CEDAR FALLS,50613,POINT (-92.434183011 42.512328021),,BLACK HAWK,1062500,FLAVORED RUM,259,HEAVEN HILL BRANDS,43986,ADMIRAL NELSON CHERRY SPICED,6,1750,12.00,18.00,2,36.00,3.50,0.92
INV-65787000024,2023-12-29T00:00:00.000,2572,HY-VEE FOOD STORE / CEDAR FALLS,6301 UNIVERSITY,CEDAR FALLS,50613,POINT (-92.434183011 42.512328021),,BLACK HAWK,1062500,FLAVORED RUM,065,JIM BEAM BRANDS,44499,CRUZAN MANGO,12,750,7.00,10.50,1,10.50,0.75,0.19
INV-65787000025,2023-12-29T00:00:00.000,2572,HY-VEE FOOD STORE / CEDAR FALLS,6301 UNIVERSITY,CEDAR FALLS,50613,POINT (-92.434183011 42.512328021),,BLACK HAWK,1062200,WHITE RUM,434,LUXCO INC,45277,PARAMOUNT WHITE RUM,12,1000,4.75,7.13,2,14.26,2.00,0.52
INV-65787000026,2023-12-29T00:00:00.000,2572,HY-VEE FOOD STORE / CEDAR FALLS,6301 UNIVERSITY,CEDAR FALLS,50613,POINT (-92.434183011 42.512328021),,BLACK HAWK,1052100,IMPORTED BRANDIES,557,"WORLDWIDE LIBATIONS, LLC",51326,MARASKA SLIVOVITZ,6,750,14.60,21.90,2,43.80,1.50,0.39
INV-65787000029,2023-12-29T00:00:00.000,2572,HY-VEE FOOD STORE / CEDAR FALLS,6301 UNIVERSITY,CEDAR FALLS,50613,POINT (-92.434183011 42.512328021),,BLACK HAWK,1051100,AMERICAN BRANDIES,421,SAZERAC COMPANY  INC,56670,PAUL MASSON GRAPE GRANDE AMBER BRANDY,12,750,6.41,9.62,2,19.24,1.50,0.39
INV-65787000030,2023-12-29T00:00:00.000,2572,HY-VEE FOOD STORE / CEDAR FALLS,6301 UNIVERSITY,CEDAR FALLS,50613,POINT (-92.434183011 42.512328021),,BLACK HAWK,1071000,COCKTAILS/RTD,421,SAZERAC COMPANY  INC,57179,CHI-CHI'S RUBY RED MARGARITA,6,1750,6.50,9.75,6,58.50,10.50,2.77
INV-65787000033,2023-12-29T00:00:00.000,2572,HY-VEE FOOD STORE / CEDAR FALLS,6301 UNIVERSITY,CEDAR FALLS,50613,POINT (-92.434183011 42.512328021),,BLACK HAWK,1081100,COFFEE LIQUEURS,370,PERNOD RICARD USA,67526,KAHLUA COFFEE,12,750,14.99,22.49,12,269.88,9.00,2.37
INV-65787000038,2023-12-29T00:00:00.000,2572,HY-VEE FOOD STORE / CEDAR FALLS,6301 UNIVERSITY,CEDAR FALLS,50613,POINT (-92.434183011 42.512328021),,BLACK HAWK,1081200,CREAM LIQUEURS,380,PHILLIPS BEVERAGE,80069,CASHEL IRISH CREAM,12,750,7.08,10.62,12,127.44,9.00,2.37
INV-65787000040,2023-12-29T00:00:00.000,2572,HY-VEE FOOD STORE / CEDAR FALLS,6301 UNIVERSITY,CEDAR FALLS,50613,POINT (-92.434183011 42.512328021),,BLACK HAWK,1022200,100% AGAVE TEQUILA,370,PERNOD RICARD USA,88188,OLMECA ALTOS PLATA,6,1750,26.97,40.46,1,40.46,1.75,0.46
INV-65787000041,2023-12-29T00:00:00.000,2572,HY-VEE FOOD STORE / CEDAR FALLS,6301 UNIVERSITY,CEDAR FALLS,50613,POINT (-92.434183011 42.512328021),,BLACK HAWK,1022200,100% AGAVE TEQUILA,434,LUXCO INC,89178,EL MAYOR ANEJO,6,750,18.50,27.75,1,27.75,0.75,0.19
INV-65787000042,2023-12-29T00:00:00.000,2572,HY-VEE FOOD STORE / CEDAR FALLS,6301 UNIVERSITY,CEDAR FALLS,50613,POINT (-92.434183011 42.512328021),,BLACK HAWK,1022200,100% AGAVE TEQUILA,434,LUXCO INC,89182,EL MAYOR REPOSADO,6,750,17.00,25.50,2,48.00,1.50,0.39
INV-65787100001,2023-12-29T00:00:00.000,5685,FAREWAY STORES #190 / CEDAR FALLS,4500 S MAIN ST,CEDAR FALLS,50613,POINT (-92.445026009 42.497803021),,BLACK HAWK,1011200,STRAIGHT BOURBON WHISKIES,260,DIAGEO AMERICAS,17086,BULLEIT BOURBON,12,750,17.99,26.99,3,80.97,2.25,0.59
INV-65787100002,2023-12-29T00:00:00.000,5685,FAREWAY STORES #190 / CEDAR FALLS,4500 S MAIN ST,CEDAR FALLS,50613,POINT (-92.445026009 42.497803021),,BLACK HAWK,1062400,SPICED RUM,260,DIAGEO AMERICAS,1799,CAPTAIN MORGAN ORIGINAL SPICED BARREL,6,1750,18.99,28.49,18,512.82,31.50,8.32
INV-65787100003,2023-12-29T00:00:00.000,5685,FAREWAY STORES #190 / CEDAR FALLS,4500 S MAIN ST,CEDAR FALLS,50613,POINT (-92.445026009 42.497803021),,BLACK HAWK,1011200,STRAIGHT BOURBON WHISKIES,065,JIM BEAM BRANDS,19066,JIM BEAM,12,750,11.00,16.50,6,99.00,4.50,1.18
INV-65787100004,2023-12-29T00:00:00.000,5685,FAREWAY STORES #190 / CEDAR FALLS,4500 S MAIN ST,CEDAR FALLS,50613,POINT (-92.445026009 42.497803021),,BLACK HAWK,1011200,STRAIGHT BOURBON WHISKIES,065,JIM BEAM BRANDS,19476,MAKERS MARK,12,750,18.00,27.00,3,81.00,2.25,0.59
INV-65787100005,2023-12-29T00:00:00.000,5685,FAREWAY STORES #190 / CEDAR FALLS,4500 S MAIN ST,CEDAR FALLS,50613,POINT (-92.445026009 42.497803021),,BLACK HAWK,1011200,STRAIGHT BOURBON WHISKIES,085,BROWN FORMAN CORP.,20366,OLD FORESTER BOURBON 86PRF,12,750,12.00,18.00,3,54.00,2.25,0.59
INV-65787100006,2023-12-29T00:00:00.000,5685,FAREWAY STORES #190 / CEDAR FALLS,4500 S MAIN ST,CEDAR FALLS,50613,POINT (-92.445026009 42.497803021),,BLACK HAWK,1701100,TEMPORARY & SPECIALTY PACKAGES,125,CEDAR RIDGE VINEYARDS LL,22487,THE QUINTESSENTIAL SPECIAL RELEASE,6,750,47.50,71.25,1,71.25,0.75,0.19
INV-65787100007,2023-12-29T00:00:00.000,5685,FAREWAY STORES #190 / CEDAR FALLS,4500 S MAIN ST,CEDAR FALLS,50613,POINT (-92.445026009 42.497803021),,BLACK HAWK,1701100,TEMPORARY & SPECIALTY PACKAGES,125,CEDAR RIDGE VINEYARDS LL,25165,SLIPKNOT NO 9 RED CASK,6,750,25.00,37.50,1,37.50,0.75,0.19
INV-65787100008,2023-12-29T00:00:00.000,5685,FAREWAY STORES #190 / CEDAR FALLS,4500 S MAIN ST,CEDAR FALLS,50613,POINT (-92.445026009 42.497803021),,BLACK HAWK,1701100,TEMPORARY & SPECIALTY PACKAGES,578,S&B FARMS DISTILLERY,26231,SIR WINSTON WHEAT,6,750,15.50,23.25,1,23.25,0.75,0.19
INV-65787100009,2023-12-29T00:00:00.000,5685,FAREWAY STORES #190 / CEDAR FALLS,4500 S MAIN ST,CEDAR FALLS,50613,POINT (-92.445026009 42.497803021),,BLACK HAWK,1011600,STRAIGHT RYE WHISKIES,260,DIAGEO AMERICAS,27025,BULLEIT 95 RYE,12,750,17.99,26.99,3,80.97,2.25,0.59
INV-65787100010,2023-12-29T00:00:00.000,5685,FAREWAY STORES #190 / CEDAR FALLS,4500 S MAIN ST,CEDAR FALLS,50613,POINT (-92.445026009 42.497803021),,BLACK HAWK,1011200,STRAIGHT BOURBON WHISKIES,065,JIM BEAM BRANDS,27410,JIM BEAM HONEY,12,750,11.00,16.50,3,49.50,2.25,0.59
INV-65787100011,2023-12-29T00:00:00.000,5685,FAREWAY STORES #190 / CEDAR FALLS,4500 S MAIN ST,CEDAR FALLS,50613,POINT (-92.445026009 42.497803021),,BLACK HAWK,1042100,IMPORTED DRY GINS,260,DIAGEO AMERICAS,28866,TANQUERAY GIN,12,750,13.99,20.99,3,62.97,2.25,0.59
INV-65787100012,2023-12-29T00:00:00.000,5685,FAREWAY STORES #190 / CEDAR FALLS,4500 S MAIN ST,CEDAR FALLS,50613,POINT (-92.445026009 42.497803021),,BLACK HAWK,1041200,FLAVORED GIN,370,PERNOD RICARD USA,33256,SEAGRAMS LIME TWISTED GIN,12,750,7.99,11.99,3,35.97,2.25,0.59
INV-65787100013,2023-12-29T00:00:00.000,5685,FAREWAY STORES #190 / CEDAR FALLS,4500 S MAIN ST,CEDAR FALLS,50613,POINT (-92.445026009 42.497803021),,BLACK HAWK,1032100,IMPORTED VODKAS,370,PERNOD RICARD USA,34006,ABSOLUT SWEDISH VODKA 80PRF,12,750,9.99,14.99,12,179.88,9.00,2.37
INV-65787100014,2023-12-29T00:00:00.000,5685,FAREWAY STORES #190 / CEDAR FALLS,4500 S MAIN ST,CEDAR FALLS,50613,POINT (-92.445026009 42.497803021),,BLACK HAWK,1031100,AMERICAN VODKAS,301,FIFTH GENERATION INC,38178,TITOS HANDMADE VODKA,6,1750,19.00,28.50,12,342.00,21.00,5.54
INV-65787100015,2023-12-29T00:00:00.000,5685,FAREWAY STORES #190 / CEDAR FALLS,4500 S MAIN ST,CEDAR FALLS,50613,POINT (-92.445026009 42.497803021),,BLACK HAWK,1031100,AMERICAN VODKAS,301,FIFTH GENERATION INC,38194,TITOS HANDMADE VODKA MINI,5,50,12.80,19.20,1,19.20,0.05,0.01
INV-65787100016,2023-12-29T00:00:00.000,5685,FAREWAY STORES #190 / CEDAR FALLS,4500 S MAIN ST,CEDAR FALLS,50613,POINT (-92.445026009 42.497803021),,BLACK HAWK,1062100,GOLD RUM,434,LUXCO INC,45248,PARAMOUNT GOLD RUM,6,1750,8.00,12.00,3,36.00,5.25,1.38
INV-65787100017,2023-12-29T00:00:00.000,5685,FAREWAY STORES #190 / CEDAR FALLS,4500 S MAIN ST,CEDAR FALLS,50613,POINT (-92.445026009 42.497803021),,BLACK HAWK,1012200,SCOTCH WHISKIES,260,DIAGEO AMERICAS,5346,JOHNNIE WALKER RED,12,750,13.50,20.25,3,60.75,2.25,0.59
INV-65787100018,2023-12-29T00:00:00.000,5685,FAREWAY STORES #190 / CEDAR FALLS,4500 S MAIN ST,CEDAR FALLS,50613,POINT (-92.445026009 42.497803021),,BLACK HAWK,1071000,COCKTAILS/RTD,421,SAZERAC COMPANY  INC,57148,CHI-CHI'S MARGARITA,6,1750,6.50,9.75,3,29.25,5.25,1.38
INV-65787100019,2023-12-29T00:00:00.000,5685,FAREWAY STORES #190 / CEDAR FALLS,4500 S MAIN ST,CEDAR FALLS,50613,POINT (-92.445026009 42.497803021),,BLACK HAWK,1071000,COCKTAILS/RTD,772,INTERCONTINENTAL PACKAGING COMPANY/PRESTIGE BEVERAGE GROUP,62122,KINKY BLUE PATIO PUNCH,6,1750,9.00,13.50,1,13.50,1.75,0.46
INV-65787100020,2023-12-29T00:00:00.000,5685,FAREWAY STORES #190 / CEDAR FALLS,4500 S MAIN ST,CEDAR FALLS,50613,POINT (-92.445026009 42.497803021),,BLACK HAWK,1081100,COFFEE LIQUEURS,370,PERNOD RICARD USA,67522,KAHLUA COFFEE MINI,12,50,6.60,9.90,1,9.90,0.05,0.01
INV-65787100021,2023-12-29T00:00:00.000,5685,FAREWAY STORES #190 / CEDAR FALLS,4500 S MAIN ST,CEDAR FALLS,50613,POINT (-92.445026009 42.497803021),,BLACK HAWK,1081100,COFFEE LIQUEURS,370,PERNOD RICARD USA,67526,KAHLUA COFFEE,12,750,14.99,22.49,3,67.47,2.25,0.59
INV-65787100022,2023-12-29T00:00:00.000,5685,FAREWAY STORES #190 / CEDAR FALLS,4500 S MAIN ST,CEDAR FALLS,50613,POINT (-92.445026009 42.497803021),,BLACK HAWK,1081200,CREAM LIQUEURS,205,E & J GALLO WINERY,73055,RUMCHATA,12,750,14.00,21.00,3,63.00,2.25,0.59
INV-65787100023,2023-12-29T00:00:00.000,5685,FAREWAY STORES #190 / CEDAR FALLS,4500 S MAIN ST,CEDAR FALLS,50613,POINT (-92.445026009 42.497803021),,BLACK HAWK,1081300,AMERICAN CORDIALS & LIQUEURS,772,INTERCONTINENTAL PACKAGING COMPANY/PRESTIGE BEVERAGE GROUP,75263,KINKY FRUIT PUNCH MINI,6,50,4.90,7.35,1,7.35,0.05,0.01
INV-65787100024,2023-12-29T00:00:00.000,5685,FAREWAY STORES #190 / CEDAR FALLS,4500 S MAIN ST,CEDAR FALLS,50613,POINT (-92.445026009 42.497803021),,BLACK HAWK,1011100,BLENDED WHISKIES,305,MHW LTD,75267,KURVBALL WHISKEY MINI,6,50,9.84,14.76,1,14.76,0.05,0.01
INV-65787100025,2023-12-29T00:00:00.000,5685,FAREWAY STORES #190 / CEDAR FALLS,4500 S MAIN ST,CEDAR FALLS,50613,POINT (-92.445026009 42.497803021),,BLACK HAWK,1011100,BLENDED WHISKIES,305,MHW LTD,75268,KURVBALL WHISKEY,6,750,14.00,21.00,1,21.00,0.75,0.19
INV-65787100026,2023-12-29T00:00:00.000,5685,FAREWAY STORES #190 / CEDAR FALLS,4500 S MAIN ST,CEDAR FALLS,50613,POINT (-92.445026009 42.497803021),,BLACK HAWK,1081300,AMERICAN CORDIALS & LIQUEURS,772,INTERCONTINENTAL PACKAGING COMPANY/PRESTIGE BEVERAGE GROUP,76262,KINKY PEACH MANGO MINI,6,50,4.84,7.26,1,7.26,0.05,0.01
INV-65787100027,2023-12-29T00:00:00.000,5685,FAREWAY STORES #190 / CEDAR FALLS,4500 S MAIN ST,CEDAR FALLS,50613,POINT (-92.445026009 42.497803021),,BLACK HAWK,1031200,AMERICAN FLAVORED VODKA,260,DIAGEO AMERICAS,78128,SMIRNOFF PINK LEMONADE MINI,12,50,7.47,11.21,1,11.21,0.05,0.01
INV-65787100028,2023-12-29T00:00:00.000,5685,FAREWAY STORES #190 / CEDAR FALLS,4500 S MAIN ST,CEDAR FALLS,50613,POINT (-92.445026009 42.497803021),,BLACK HAWK,1091300,NEUTRAL GRAIN SPIRITS FLAVORED,346,OLE SMOKY DISTILLERY LLC,80358,OLE SMOKY ORANGE SHINESICLE MOONSHINE MINI,8,50,8.75,13.13,1,13.13,0.05,0.01
INV-65787100029,2023-12-29T00:00:00.000,5685,FAREWAY STORES #190 / CEDAR FALLS,4500 S MAIN ST,CEDAR FALLS,50613,POINT (-92.445026009 42.497803021),,BLACK HAWK,1091300,NEUTRAL GRAIN SPIRITS FLAVORED,346,OLE SMOKY DISTILLERY LLC,80398,OLE SMOKY WHITE CHOCOLATE STRAWBERRY MOONSHINE MINI,8,50,8.75,13.13,1,13.13,0.05,0.01
INV-65787100030,2023-12-29T00:00:00.000,5685,FAREWAY STORES #190 / CEDAR FALLS,4500 S MAIN ST,CEDAR FALLS,50613,POINT (-92.445026009 42.497803021),,BLACK HAWK,1081400,AMERICAN SCHNAPPS,065,JIM BEAM BRANDS,82786,DEKUYPER BUTTERSHOTS,12,750,6.75,10.13,3,30.39,2.25,0.59
INV-65787100031,2023-12-29T00:00:00.000,5685,FAREWAY STORES #190 / CEDAR FALLS,4500 S MAIN ST,CEDAR FALLS,50613,POINT (-92.445026009 42.497803021),,BLACK HAWK,1081600,WHISKEY LIQUEUR,421,SAZERAC COMPANY  INC,86886,SOUTHERN COMFORT,12,750,10.33,15.50,3,46.50,2.25,0.59
INV-65787100032,2023-12-29T00:00:00.000,5685,FAREWAY STORES #190 / CEDAR FALLS,4500 S MAIN ST,CEDAR FALLS,50613,POINT (-92.445026009 42.497803021),,BLACK HAWK,1022200,100% AGAVE TEQUILA,395,PROXIMO,87508,1800 SILVER MINI,6,50,22.10,33.15,1,33.15,0.05,0.01
INV-65787200001,2023-12-29T00:00:00.000,4147,FAREWAY STORES #974 / CEDAR FALLS,214 N MAGNOLIA DR,CEDAR FALLS,50613,POINT (-92.475827994 42.539017006),,BLACK HAWK,1012100,CANADIAN WHISKIES,260,DIAGEO AMERICAS,10802,CROWN ROYAL PEACH,12,750,17.49,26.24,12,314.88,9.00,2.37
INV-65787200002,2023-12-29T00:00:00.000,4147,FAREWAY STORES #974 / CEDAR FALLS,214 N MAGNOLIA DR,CEDAR FALLS,50613,POINT (-92.475827994 42.539017006),,BLACK HAWK,1012100,CANADIAN WHISKIES,260,DIAGEO AMERICAS,11296,CROWN ROYAL,12,750,17.49,26.24,12,314.88,9.00,2.37
INV-65787200003,2023-12-29T00:00:00.000,4147,FAREWAY STORES #974 / CEDAR FALLS,214 N MAGNOLIA DR,CEDAR FALLS,50613,POINT (-92.475827994 42.539017006),,BLACK HAWK,1012100,CANADIAN WHISKIES,260,DIAGEO AMERICAS,11298,CROWN ROYAL,6,1750,33.99,50.99,6,305.94,10.50,2.77
INV-65787200004,2023-12-29T00:00:00.000,4147,FAREWAY STORES #974 / CEDAR FALLS,214 N MAGNOLIA DR,CEDAR FALLS,50613,POINT (-92.475827994 42.539017006),,BLACK HAWK,1012100,CANADIAN WHISKIES,259,HEAVEN HILL BRANDS,11776,BLACK VELVET,12,750,5.50,8.25,24,198.00,18.00,4.75
INV-65787200005,2023-12-29T00:00:00.000,4147,FAREWAY STORES #974 / CEDAR FALLS,214 N MAGNOLIA DR,CEDAR FALLS,50613,POINT (-92.475827994 42.539017006),,BLACK HAWK,1011200,STRAIGHT BOURBON WHISKIES,085,BROWN FORMAN CORP.,16396,OLD FORESTER SIGNATURE 100PRF BOURBON,12,750,13.00,19.50,1,19.50,0.75,0.19
INV-65787200006,2023-12-29T00:00:00.000,4147,FAREWAY STORES #974 / CEDAR FALLS,214 N MAGNOLIA DR,CEDAR FALLS,50613,POINT (-92.475827994 42.539017006),,BLACK HAWK,1011200,STRAIGHT BOURBON WHISKIES,065,JIM BEAM BRANDS,16676,BASIL HAYDEN 8YR,12,750,22.50,33.75,2,67.50,1.50,0.39
INV-65787200007,2023-12-29T00:00:00.000,4147,FAREWAY STORES #974 / CEDAR FALLS,214 N MAGNOLIA DR,CEDAR FALLS,50613,POINT (-92.475827994 42.539017006),,BLACK HAWK,1011200,STRAIGHT BOURBON WHISKIES,065,JIM BEAM BRANDS,16685,BASIL HAYDEN TOAST,6,750,30.00,45.00,2,82.50,1.50,0.39
INV-65787200009,2023-12-29T00:00:00.000,4147,FAREWAY STORES #974 / CEDAR FALLS,214 N MAGNOLIA DR,CEDAR FALLS,50613,POINT (-92.475827994 42.539017006),,BLACK HAWK,1011200,STRAIGHT BOURBON WHISKIES,065,JIM BEAM BRANDS,19070,JIM BEAM PET,6,1750,21.50,32.25,6,193.50,10.50,2.77
INV-65787200010,2023-12-29T00:00:00.000,4147,FAREWAY STORES #974 / CEDAR FALLS,214 N MAGNOLIA DR,CEDAR FALLS,50613,POINT (-92.475827994 42.539017006),,BLACK HAWK,1011200,STRAIGHT BOURBON WHISKIES,065,JIM BEAM BRANDS,19476,MAKERS MARK,12,750,18.00,27.00,12,324.00,9.00,2.37
INV-65787200011,2023-12-29T00:00:00.000,4147,FAREWAY STORES #974 / CEDAR FALLS,214 N MAGNOLIA DR,CEDAR FALLS,50613,POINT (-92.475827994 42.539017006),,BLACK HAWK,1011200,STRAIGHT BOURBON WHISKIES,085,BROWN FORMAN CORP.,20366,OLD FORESTER BOURBON 86PRF,12,750,12.00,18.00,1,18.00,0.75,0.19
INV-65787200012,2023-12-29T00:00:00.000,4147,FAREWAY STORES #974 / CEDAR FALLS,214 N MAGNOLIA DR,CEDAR FALLS,50613,POINT (-92.475827994 42.539017006),,BLACK HAWK,1011200,STRAIGHT BOURBON WHISKIES,421,SAZERAC COMPANY  INC,21464,BENCHMARK SMALL BATCH,12,750,8.50,12.75,2,25.50,1.50,0.39
INV-65787200013,2023-12-29T00:00:00.000,4147,FAREWAY STORES #974 / CEDAR FALLS,214 N MAGNOLIA DR,CEDAR FALLS,50613,POINT (-92.475827994 42.539017006),,BLACK HAWK,1011200,STRAIGHT BOURBON WHISKIES,619,CAMPARI AMERICA,22156,WILD TURKEY 101,12,750,15.00,22.50,1,22.50,0.75,0.19
INV-65787200014,2023-12-29T00:00:00.000,4147,FAREWAY STORES #974 / CEDAR FALLS,214 N MAGNOLIA DR,CEDAR FALLS,50613,POINT (-92.475827994 42.539017006),,BLACK HAWK,1011200,STRAIGHT BOURBON WHISKIES,085,BROWN FORMAN CORP.,22228,WOODFORD RESERVE DOUBLE OAKED,6,750,32.50,48.75,1,48.75,0.75,0.19
INV-65787200015,2023-12-29T00:00:00.000,4147,FAREWAY STORES #974 / CEDAR FALLS,214 N MAGNOLIA DR,CEDAR FALLS,50613,POINT (-92.475827994 42.539017006),,BLACK HAWK,1011100,BLENDED WHISKIES,260,DIAGEO AMERICAS,25606,SEAGRAMS 7 CROWN,12,750,7.50,11.25,12,135.00,9.00,2.37
INV-65787200016,2023-12-29T00:00:00.000,4147,FAREWAY STORES #974 / CEDAR FALLS,214 N MAGNOLIA DR,CEDAR FALLS,50613,POINT (-92.475827994 42.539017006),,BLACK HAWK,1011100,BLENDED WHISKIES,260,DIAGEO AMERICAS,25608,SEAGRAMS 7 CROWN,6,1750,13.99,20.99,6,125.94,10.50,2.77
INV-65787200017,2023-12-29T00:00:00.000,4147,FAREWAY STORES #974 / CEDAR FALLS,214 N MAGNOLIA DR,CEDAR FALLS,50613,POINT (-92.475827994 42.539017006),,BLACK HAWK,1041100,AMERICAN DRY GINS,205,E & J GALLO WINERY,31473,NEW AMSTERDAM GIN,6,1750,16.00,24.00,6,144.00,10.50,2.77
INV-65787200018,2023-12-29T00:00:00.000,4147,FAREWAY STORES #974 / CEDAR FALLS,214 N MAGNOLIA DR,CEDAR FALLS,50613,POINT (-92.475827994 42.539017006),,BLACK HAWK,1032100,IMPORTED VODKAS,035,BACARDI USA INC,34433,GREY GOOSE,12,750,15.50,23.25,12,279.00,9.00,2.37
INV-65787200019,2023-12-29T00:00:00.000,4147,FAREWAY STORES #974 / CEDAR FALLS,214 N MAGNOLIA DR,CEDAR FALLS,50613,POINT (-92.475827994 42.539017006),,BLACK HAWK,1031100,AMERICAN VODKAS,115,CONSTELLATION BRANDS INC,34820,SVEDKA 80PRF,12,750,8.00,12.00,12,144.00,9.00,2.37
INV-65787200020,2023-12-29T00:00:00.000,4147,FAREWAY STORES #974 / CEDAR FALLS,214 N MAGNOLIA DR,CEDAR FALLS,50613,POINT (-92.475827994 42.539017006),,BLACK HAWK,1031100,AMERICAN VODKAS,115,CONSTELLATION BRANDS INC,34821,SVEDKA 80PRF,6,1750,13.40,20.10,12,241.20,21.00,5.54
INV-65787200021,2023-12-29T00:00:00.000,4147,FAREWAY STORES #974 / CEDAR FALLS,214 N MAGNOLIA DR,CEDAR FALLS,50613,POINT (-92.475827994 42.539017006),,BLACK HAWK,1032200,IMPORTED FLAVORED VODKA,370,PERNOD RICARD USA,35354,ABSOLUT MANGO,12,750,9.99,14.99,2,29.98,1.50,0.39
INV-65787200022,2023-12-29T00:00:00.000,4147,FAREWAY STORES #974 / CEDAR FALLS,214 N MAGNOLIA DR,CEDAR FALLS,50613,POINT (-92.475827994 42.539017006),,BLACK HAWK,1031200,AMERICAN FLAVORED VODKA,434,LUXCO INC,35699,PEARL CUCUMBER,12,750,7.25,10.88,2,21.76,1.50,0.39
INV-65787200023,2023-12-29T00:00:00.000,4147,FAREWAY STORES #974 / CEDAR FALLS,214 N MAGNOLIA DR,CEDAR FALLS,50613,POINT (-92.475827994 42.539017006),,BLACK HAWK,1031100,AMERICAN VODKAS,297,LAIRD & COMPANY,35918,FIVE O'CLOCK VODKA,6,1750,7.72,11.58,12,138.96,21.00,5.54
INV-65787200024,2023-12-29T00:00:00.000,4147,FAREWAY STORES #974 / CEDAR FALLS,214 N MAGNOLIA DR,CEDAR FALLS,50613,POINT (-92.475827994 42.539017006),,BLACK HAWK,1031100,AMERICAN VODKAS,434,LUXCO INC,36306,HAWKEYE VODKA,12,750,3.50,5.25,12,63.00,9.00,2.37
INV-65787200025,2023-12-29T00:00:00.000,4147,FAREWAY STORES #974 / CEDAR FALLS,214 N MAGNOLIA DR,CEDAR FALLS,50613,POINT (-92.475827994 42.539017006),,BLACK HAWK,1031100,AMERICAN VODKAS,434,LUXCO INC,36308,HAWKEYE VODKA,6,1750,7.50,11.25,6,67.50,10.50,2.77
INV-65787200026,2023-12-29T00:00:00.000,4147,FAREWAY STORES #974 / CEDAR FALLS,214 N MAGNOLIA DR,CEDAR FALLS,50613,POINT (-92.475827994 42.539017006),,BLACK HAWK,1031100,AMERICAN VODKAS,380,PHILLIPS BEVERAGE,37338,UV VODKA PET,6,1750,11.50,17.25,6,103.50,10.50,2.77
INV-65787200027,2023-12-29T00:00:00.000,4147,FAREWAY STORES #974 / CEDAR FALLS,214 N MAGNOLIA DR,CEDAR FALLS,50613,POINT (-92.475827994 42.539017006),,BLACK HAWK,1031100,AMERICAN VODKAS,260,DIAGEO AMERICAS,38008,SMIRNOFF 80PRF PET,6,1750,14.75,22.13,12,265.56,21.00,5.54
INV-65787200028,2023-12-29T00:00:00.000,4147,FAREWAY STORES #974 / CEDAR FALLS,214 N MAGNOLIA DR,CEDAR FALLS,50613,POINT (-92.475827994 42.539017006),,BLACK HAWK,1031100,AMERICAN VODKAS,301,FIFTH GENERATION INC,38176,TITOS HANDMADE VODKA,12,750,10.00,15.00,60,900.00,45.00,11.88
INV-65787200029,2023-12-29T00:00:00.000,4147,FAREWAY STORES #974 / CEDAR FALLS,214 N MAGNOLIA DR,CEDAR FALLS,50613,POINT (-92.475827994 42.539017006),,BLACK HAWK,1031100,AMERICAN VODKAS,301,FIFTH GENERATION INC,38177,TITOS HANDMADE VODKA,12,1000,13.17,19.76,48,948.48,48.00,12.68
INV-65787200030,2023-12-29T00:00:00.000,4147,FAREWAY STORES #974 / CEDAR FALLS,214 N MAGNOLIA DR,CEDAR FALLS,50613,POINT (-92.475827994 42.539017006),,BLACK HAWK,1031100,AMERICAN VODKAS,301,FIFTH GENERATION INC,38178,TITOS HANDMADE VODKA,6,1750,19.00,28.50,42,1197.00,73.50,19.41
INV-65787200031,2023-12-29T00:00:00.000,4147,FAREWAY STORES #974 / CEDAR FALLS,214 N MAGNOLIA DR,CEDAR FALLS,50613,POINT (-92.475827994 42.539017006),,BLACK HAWK,1031200,AMERICAN FLAVORED VODKA,305,MHW LTD,38811,WHITE CLAW PINEAPPLE VODKA MINI,12,50,4.47,6.71,1,6.71,0.05,0.01
INV-65787200032,2023-12-29T00:00:00.000,4147,FAREWAY STORES #974 / CEDAR FALLS,214 N MAGNOLIA DR,CEDAR FALLS,50613,POINT (-92.475827994 42.539017006),,BLACK HAWK,1031200,AMERICAN FLAVORED VODKA,305,MHW LTD,38815,WHITE CLAW BLACK CHERRY VODKA MINI,12,50,4.47,6.71,1,6.71,0.05,0.01
INV-65787200033,2023-12-29T00:00:00.000,4147,FAREWAY STORES #974 / CEDAR FALLS,214 N MAGNOLIA DR,CEDAR FALLS,50613,POINT (-92.475827994 42.539017006),,BLACK HAWK,1031200,AMERICAN FLAVORED VODKA,205,E & J GALLO WINERY,39492,NEW AMSTERDAM PINK WHITNEY,12,750,8.00,12.00,2,24.00,1.50,0.39
INV-65787200034,2023-12-29T00:00:00.000,4147,FAREWAY STORES #974 / CEDAR FALLS,214 N MAGNOLIA DR,CEDAR FALLS,50613,POINT (-92.475827994 42.539017006),,BLACK HAWK,1031200,AMERICAN FLAVORED VODKA,259,HEAVEN HILL BRANDS,39922,DEEP EDDY PEACH,12,750,9.50,14.25,12,171.00,9.00,2.37
INV-65787200035,2023-12-29T00:00:00.000,4147,FAREWAY STORES #974 / CEDAR FALLS,214 N MAGNOLIA DR,CEDAR FALLS,50613,POINT (-92.475827994 42.539017006),,BLACK HAWK,1031200,AMERICAN FLAVORED VODKA,380,PHILLIPS BEVERAGE,41692,UV BLUE RASPBERRY,6,1750,11.50,17.25,6,103.50,10.50,2.77
INV-65787200036,2023-12-29T00:00:00.000,4147,FAREWAY STORES #974 / CEDAR FALLS,214 N MAGNOLIA DR,CEDAR FALLS,50613,POINT (-92.475827994 42.539017006),,BLACK HAWK,1062400,SPICED RUM,259,HEAVEN HILL BRANDS,43026,ADMIRAL NELSON SPICED,12,750,6.50,9.75,12,117.00,9.00,2.37
INV-65787200037,2023-12-29T00:00:00.000,4147,FAREWAY STORES #974 / CEDAR FALLS,214 N MAGNOLIA DR,CEDAR FALLS,50613,POINT (-92.475827994 42.539017006),,BLACK HAWK,1062400,SPICED RUM,259,HEAVEN HILL BRANDS,43028,ADMIRAL NELSON SPICED,6,1750,12.00,18.00,6,108.00,10.50,2.77
INV-65787200038,2023-12-29T00:00:00.000,4147,FAREWAY STORES #974 / CEDAR FALLS,214 N MAGNOLIA DR,CEDAR FALLS,50613,POINT (-92.475827994 42.539017006),,BLACK HAWK,1062100,GOLD RUM,035,BACARDI USA INC,43036,BACARDI GOLD,12,750,8.76,13.14,12,157.68,9.00,2.37
INV-65787200039,2023-12-29T00:00:00.000,4147,FAREWAY STORES #974 / CEDAR FALLS,214 N MAGNOLIA DR,CEDAR FALLS,50613,POINT (-92.475827994 42.539017006),,BLACK HAWK,1062200,WHITE RUM,035,BACARDI USA INC,43120,BACARDI SUPERIOR PET,6,1750,15.50,23.25,6,139.50,10.50,2.77
INV-65787200040,2023-12-29T00:00:00.000,4147,FAREWAY STORES #974 / CEDAR FALLS,214 N MAGNOLIA DR,CEDAR FALLS,50613,POINT (-92.475827994 42.539017006),,BLACK HAWK,1062500,FLAVORED RUM,035,BACARDI USA INC,43136,BACARDI LIMON,12,750,8.76,13.14,2,26.28,1.50,0.39
INV-65787200041,2023-12-29T00:00:00.000,4147,FAREWAY STORES #974 / CEDAR FALLS,214 N MAGNOLIA DR,CEDAR FALLS,50613,POINT (-92.475827994 42.539017006),,BLACK HAWK,1062500,FLAVORED RUM,065,JIM BEAM BRANDS,44456,CRUZAN RASPBERRY,12,750,7.00,10.50,2,21.00,1.50,0.39
INV-65787200042,2023-12-29T00:00:00.000,4147,FAREWAY STORES #974 / CEDAR FALLS,214 N MAGNOLIA DR,CEDAR FALLS,50613,POINT (-92.475827994 42.539017006),,BLACK HAWK,1062400,SPICED RUM,240,WILLIAM GRANT & SONS INC,45886,SAILOR JERRY SPICED NAVY RUM,12,750,10.00,15.00,3,45.00,2.25,0.59
INV-65787200043,2023-12-29T00:00:00.000,4147,FAREWAY STORES #974 / CEDAR FALLS,214 N MAGNOLIA DR,CEDAR FALLS,50613,POINT (-92.475827994 42.539017006),,BLACK HAWK,1012200,SCOTCH WHISKIES,035,BACARDI USA INC,4866,DEWARS WHITE LABEL SCOTCH,12,750,13.50,20.25,2,40.50,1.50,0.39
INV-65787200044,2023-12-29T00:00:00.000,4147,FAREWAY STORES #974 / CEDAR FALLS,214 N MAGNOLIA DR,CEDAR FALLS,50613,POINT (-92.475827994 42.539017006),,BLACK HAWK,1012200,SCOTCH WHISKIES,260,DIAGEO AMERICAS,5329,JOHNNIE WALKER BLUE,6,750,130.00,195.00,1,195.00,0.75,0.19
INV-65787200045,2023-12-29T00:00:00.000,4147,FAREWAY STORES #974 / CEDAR FALLS,214 N MAGNOLIA DR,CEDAR FALLS,50613,POINT (-92.475827994 42.539017006),,BLACK HAWK,1071000,COCKTAILS/RTD,421,SAZERAC COMPANY  INC,57148,CHI-CHI'S MARGARITA,6,1750,6.50,9.75,6,58.50,10.50,2.77
INV-65787200046,2023-12-29T00:00:00.000,4147,FAREWAY STORES #974 / CEDAR FALLS,214 N MAGNOLIA DR,CEDAR FALLS,50613,POINT (-92.475827994 42.539017006),,BLACK HAWK,1071000,COCKTAILS/RTD,395,PROXIMO,58838,JOSE CUERVO AUTHENTIC LIME MARGARITA,6,1750,8.74,13.11,6,78.66,10.50,2.77
INV-65787200047,2023-12-29T00:00:00.000,4147,FAREWAY STORES #974 / CEDAR FALLS,214 N MAGNOLIA DR,CEDAR FALLS,50613,POINT (-92.475827994 42.539017006),,BLACK HAWK,1071000,COCKTAILS/RTD,395,PROXIMO,58872,JOSE CUERVO AUTHENTIC LIGHT LIME MARGARITA,6,1750,8.74,13.11,6,78.66,10.50,2.77
INV-65787200048,2023-12-29T00:00:00.000,4147,FAREWAY STORES #974 / CEDAR FALLS,214 N MAGNOLIA DR,CEDAR FALLS,50613,POINT (-92.475827994 42.539017006),,BLACK HAWK,1071000,COCKTAILS/RTD,421,SAZERAC COMPANY  INC,63205,HEUBLEIN CORAZON MARGARITA,12,375,6.50,9.75,12,117.00,4.50,1.18
INV-65787200049,2023-12-29T00:00:00.000,4147,FAREWAY STORES #974 / CEDAR FALLS,214 N MAGNOLIA DR,CEDAR FALLS,50613,POINT (-92.475827994 42.539017006),,BLACK HAWK,1071000,COCKTAILS/RTD,421,SAZERAC COMPANY  INC,63213,HEUBLEIN WHEATLEY COSMOPOLITAN,12,375,6.50,9.75,12,117.00,4.50,1.18
INV-65787200051,2023-12-29T00:00:00.000,4147,FAREWAY STORES #974 / CEDAR FALLS,214 N MAGNOLIA DR,CEDAR FALLS,50613,POINT (-92.475827994 42.539017006),,BLACK HAWK,1071000,COCKTAILS/RTD,421,SAZERAC COMPANY  INC,63237,HEUBLEIN DIRTY MARTINI,12,375,6.50,9.75,12,117.00,4.50,1.18
INV-65787200052,2023-12-29T00:00:00.000,4147,FAREWAY STORES #974 / CEDAR FALLS,214 N MAGNOLIA DR,CEDAR FALLS,50613,POINT (-92.475827994 42.539017006),,BLACK HAWK,1081600,WHISKEY LIQUEUR,421,SAZERAC COMPANY  INC,64870,FIREBALL CINNAMON WHISKEY,48,100,1.00,1.50,48,72.00,4.80,1.26
INV-65787200053,2023-12-29T00:00:00.000,4147,FAREWAY STORES #974 / CEDAR FALLS,214 N MAGNOLIA DR,CEDAR FALLS,50613,POINT (-92.475827994 42.539017006),,BLACK HAWK,1081600,WHISKEY LIQUEUR,421,SAZERAC COMPANY  INC,65013,FIREBALL CINNAMON WHISKEY MINI SLEEVE,12,50,4.30,6.45,36,232.20,1.80,0.47
INV-65787200054,2023-12-29T00:00:00.000,4147,FAREWAY STORES #974 / CEDAR FALLS,214 N MAGNOLIA DR,CEDAR FALLS,50613,POINT (-92.475827994 42.539017006),,BLACK HAWK,1081200,CREAM LIQUEURS,300,MCCORMICK DISTILLING CO.,65204,TEQUILA ROSE LIQUEUR MINI,6,50,5.90,8.85,1,7.05,0.05,0.01
INV-65787200055,2023-12-29T00:00:00.000,4147,FAREWAY STORES #974 / CEDAR FALLS,214 N MAGNOLIA DR,CEDAR FALLS,50613,POINT (-92.475827994 42.539017006),,BLACK HAWK,1082100,IMPORTED CORDIALS & LIQUEURS,192,"MAST-JAGERMEISTER US, INC",65256,JAGERMEISTER LIQUEUR,12,750,14.35,21.53,12,258.36,9.00,2.37
INV-65787200056,2023-12-29T00:00:00.000,4147,FAREWAY STORES #974 / CEDAR FALLS,214 N MAGNOLIA DR,CEDAR FALLS,50613,POINT (-92.475827994 42.539017006),,BLACK HAWK,1081100,COFFEE LIQUEURS,370,PERNOD RICARD USA,67522,KAHLUA COFFEE MINI,12,50,6.60,9.90,1,9.90,0.05,0.01
INV-65787200057,2023-12-29T00:00:00.000,4147,FAREWAY STORES #974 / CEDAR FALLS,214 N MAGNOLIA DR,CEDAR FALLS,50613,POINT (-92.475827994 42.539017006),,BLACK HAWK,1081100,COFFEE LIQUEURS,421,SAZERAC COMPANY  INC,67586,KAPALI COFFEE LIQUEUR,12,750,6.00,9.00,2,18.00,1.50,0.39
INV-65787200058,2023-12-29T00:00:00.000,4147,FAREWAY STORES #974 / CEDAR FALLS,214 N MAGNOLIA DR,CEDAR FALLS,50613,POINT (-92.475827994 42.539017006),,BLACK HAWK,1081200,CREAM LIQUEURS,260,DIAGEO AMERICAS,68036,BAILEYS ORIGINAL IRISH CREAM,12,750,16.49,24.74,48,1187.52,36.00,9.51
INV-65787200059,2023-12-29T00:00:00.000,4147,FAREWAY STORES #974 / CEDAR FALLS,214 N MAGNOLIA DR,CEDAR FALLS,50613,POINT (-92.475827994 42.539017006),,BLACK HAWK,1082200,IMPORTED SCHNAPPS,421,SAZERAC COMPANY  INC,69609,DR MCGILLICUDDYS APPLE PIE MINI,12,50,5.00,7.50,1,7.50,0.05,0.01
INV-65787200060,2023-12-29T00:00:00.000,4147,FAREWAY STORES #974 / CEDAR FALLS,214 N MAGNOLIA DR,CEDAR FALLS,50613,POINT (-92.475827994 42.539017006),,BLACK HAWK,1081300,AMERICAN CORDIALS & LIQUEURS,421,SAZERAC COMPANY  INC,69617,DR MCGILLICUDDYS BUTTERSCOTCH MINI,12,50,5.00,7.50,1,7.50,0.05,0.01
INV-65787200061,2023-12-29T00:00:00.000,4147,FAREWAY STORES #974 / CEDAR FALLS,214 N MAGNOLIA DR,CEDAR FALLS,50613,POINT (-92.475827994 42.539017006),,BLACK HAWK,1082200,IMPORTED SCHNAPPS,260,DIAGEO AMERICAS,69946,RUMPLE MINZE PEPPERMINT SCHNAPPS LIQUEUR,12,750,13.99,20.99,4,83.96,3.00,0.79
INV-65787200062,2023-12-29T00:00:00.000,4147,FAREWAY STORES #974 / CEDAR FALLS,214 N MAGNOLIA DR,CEDAR FALLS,50613,POINT (-92.475827994 42.539017006),,BLACK HAWK,1081200,CREAM LIQUEURS,205,E & J GALLO WINERY,73055,RUMCHATA,12,750,14.00,21.00,12,252.00,9.00,2.37
INV-65787200063,2023-12-29T00:00:00.000,4147,FAREWAY STORES #974 / CEDAR FALLS,214 N MAGNOLIA DR,CEDAR FALLS,50613,POINT (-92.475827994 42.539017006),,BLACK HAWK,1081300,AMERICAN CORDIALS & LIQUEURS,772,INTERCONTINENTAL PACKAGING COMPANY/PRESTIGE BEVERAGE GROUP,75208,KINKY PINK MINI,6,50,4.84,7.26,1,7.26,0.05,0.01
INV-65787200064,2023-12-29T00:00:00.000,4147,FAREWAY STORES #974 / CEDAR FALLS,214 N MAGNOLIA DR,CEDAR FALLS,50613,POINT (-92.475827994 42.539017006),,BLACK HAWK,1081300,AMERICAN CORDIALS & LIQUEURS,772,INTERCONTINENTAL PACKAGING COMPANY/PRESTIGE BEVERAGE GROUP,75212,KINKY BLUE MINI,6,50,4.84,7.26,1,7.26,0.05,0.01
INV-65787200065,2023-12-29T00:00:00.000,4147,FAREWAY STORES #974 / CEDAR FALLS,214 N MAGNOLIA DR,CEDAR FALLS,50613,POINT (-92.475827994 42.539017006),,BLACK HAWK,1081300,AMERICAN CORDIALS & LIQUEURS,772,INTERCONTINENTAL PACKAGING COMPANY/PRESTIGE BEVERAGE GROUP,75224,KINKY RED MINI,6,50,4.84,7.26,1,7.26,0.05,0.01
INV-65787200066,2023-12-29T00:00:00.000,4147,FAREWAY STORES #974 / CEDAR FALLS,214 N MAGNOLIA DR,CEDAR FALLS,50613,POINT (-92.475827994 42.539017006),,BLACK HAWK,1081300,AMERICAN CORDIALS & LIQUEURS,434,LUXCO INC,76486,PARAMOUNT AMARETTO,12,750,3.75,5.63,12,67.56,9.00,2.37
INV-65787200067,2023-12-29T00:00:00.000,4147,FAREWAY STORES #974 / CEDAR FALLS,214 N MAGNOLIA DR,CEDAR FALLS,50613,POINT (-92.475827994 42.539017006),,BLACK HAWK,1011400,TENNESSEE WHISKIES,346,OLE SMOKY DISTILLERY LLC,76502,OLE SMOKY COOKIE DOUGH WHISKEY,6,750,11.00,16.50,6,99.00,4.50,1.18
INV-65787200068,2023-12-29T00:00:00.000,4147,FAREWAY STORES #974 / CEDAR FALLS,214 N MAGNOLIA DR,CEDAR FALLS,50613,POINT (-92.475827994 42.539017006),,BLACK HAWK,1081300,AMERICAN CORDIALS & LIQUEURS,434,LUXCO INC,79336,PARAMOUNT CREME DE MENTHE GREEN,12,750,5.25,7.88,12,94.56,9.00,2.37
INV-65787200069,2023-12-29T00:00:00.000,4147,FAREWAY STORES #974 / CEDAR FALLS,214 N MAGNOLIA DR,CEDAR FALLS,50613,POINT (-92.475827994 42.539017006),,BLACK HAWK,1081200,CREAM LIQUEURS,421,SAZERAC COMPANY  INC,80456,RYANS CREAM LIQUEUR,12,750,6.70,10.05,24,241.20,18.00,4.75
INV-65787200070,2023-12-29T00:00:00.000,4147,FAREWAY STORES #974 / CEDAR FALLS,214 N MAGNOLIA DR,CEDAR FALLS,50613,POINT (-92.475827994 42.539017006),,BLACK HAWK,1081400,AMERICAN SCHNAPPS,065,JIM BEAM BRANDS,82606,DEKUYPER SOUR APPLE PUCKER,12,750,6.75,10.13,3,30.39,2.25,0.59
INV-65787200071,2023-12-29T00:00:00.000,4147,FAREWAY STORES #974 / CEDAR FALLS,214 N MAGNOLIA DR,CEDAR FALLS,50613,POINT (-92.475827994 42.539017006),,BLACK HAWK,1081400,AMERICAN SCHNAPPS,065,JIM BEAM BRANDS,82780,DEKUYPER BUTTERSHOTS PET,12,750,6.75,10.13,12,121.56,9.00,2.37
INV-65787200072,2023-12-29T00:00:00.000,4147,FAREWAY STORES #974 / CEDAR FALLS,214 N MAGNOLIA DR,CEDAR FALLS,50613,POINT (-92.475827994 42.539017006),,BLACK HAWK,1081400,AMERICAN SCHNAPPS,065,JIM BEAM BRANDS,82826,DEKUYPER RAGIN' ROOT BEER,12,750,6.75,10.13,2,20.26,1.50,0.39
INV-65787200073,2023-12-29T00:00:00.000,4147,FAREWAY STORES #974 / CEDAR FALLS,214 N MAGNOLIA DR,CEDAR FALLS,50613,POINT (-92.475827994 42.539017006),,BLACK HAWK,1012100,CANADIAN WHISKIES,259,HEAVEN HILL BRANDS,86019,BLACK VELVET PEACH CANADIAN WHISKEY,6,1750,11.00,16.50,6,99.00,10.50,2.77
INV-65787200074,2023-12-29T00:00:00.000,4147,FAREWAY STORES #974 / CEDAR FALLS,214 N MAGNOLIA DR,CEDAR FALLS,50613,POINT (-92.475827994 42.539017006),,BLACK HAWK,1091100,AMERICAN DISTILLED SPIRITS SPECIALTY,370,PERNOD RICARD USA,86439,SKREWBALL PEANUT BUTTER WHISKEY,12,750,14.99,22.49,4,89.96,3.00,0.79
INV-65787200075,2023-12-29T00:00:00.000,4147,FAREWAY STORES #974 / CEDAR FALLS,214 N MAGNOLIA DR,CEDAR FALLS,50613,POINT (-92.475827994 42.539017006),,BLACK HAWK,1091300,NEUTRAL GRAIN SPIRITS FLAVORED,346,OLE SMOKY DISTILLERY LLC,86843,OLE SMOKY SALTY CARAMEL WHISKEY,6,750,11.00,16.50,6,99.00,4.50,1.18
INV-65787200076,2023-12-29T00:00:00.000,4147,FAREWAY STORES #974 / CEDAR FALLS,214 N MAGNOLIA DR,CEDAR FALLS,50613,POINT (-92.475827994 42.539017006),,BLACK HAWK,1011400,TENNESSEE WHISKIES,346,OLE SMOKY DISTILLERY LLC,87043,OLE SMOKY PEANUT BUTTER WHISKEY,6,750,11.00,16.50,6,99.00,4.50,1.18
INV-65787200077,2023-12-29T00:00:00.000,4147,FAREWAY STORES #974 / CEDAR FALLS,214 N MAGNOLIA DR,CEDAR FALLS,50613,POINT (-92.475827994 42.539017006),,BLACK HAWK,1022200,100% AGAVE TEQUILA,260,DIAGEO AMERICAS,87280,CASAMIGOS BLANCO,6,750,28.49,42.74,1,42.74,0.75,0.19
INV-65787200078,2023-12-29T00:00:00.000,4147,FAREWAY STORES #974 / CEDAR FALLS,214 N MAGNOLIA DR,CEDAR FALLS,50613,POINT (-92.475827994 42.539017006),,BLACK HAWK,1022200,100% AGAVE TEQUILA,619,CAMPARI AMERICA,87619,ESPOLON BLANCO,12,750,16.00,24.00,2,48.00,1.50,0.39
INV-65787200079,2023-12-29T00:00:00.000,4147,FAREWAY STORES #974 / CEDAR FALLS,214 N MAGNOLIA DR,CEDAR FALLS,50613,POINT (-92.475827994 42.539017006),,BLACK HAWK,1022200,100% AGAVE TEQUILA,370,PERNOD RICARD USA,88186,OLMECA ALTOS PLATA,6,750,15.99,23.99,2,47.98,1.50,0.39
INV-65787200080,2023-12-29T00:00:00.000,4147,FAREWAY STORES #974 / CEDAR FALLS,214 N MAGNOLIA DR,CEDAR FALLS,50613,POINT (-92.475827994 42.539017006),,BLACK HAWK,1022200,100% AGAVE TEQUILA,192,"MAST-JAGERMEISTER US, INC",88372,TEREMANA REPOSADO TEQUILA,6,750,17.40,26.10,1,26.10,0.75,0.19
INV-65787300001,2023-12-29T00:00:00.000,2571,HY-VEE FOOD STORE #2 / WATERLOO,2181 LOGAN AVE,WATERLOO,50703,POINT (-92.338871971 42.53021299),,BLACK HAWK,1011200,STRAIGHT BOURBON WHISKIES,065,JIM BEAM BRANDS,919487,HA MAKERS MARK CELLAR AGED,3,750,75.00,112.50,1,112.50,0.75,0.19
INV-65787400001,2023-12-29T00:00:00.000,2571,HY-VEE FOOD STORE #2 / WATERLOO,2181 LOGAN AVE,WATERLOO,50703,POINT (-92.338871971 42.53021299),,BLACK HAWK,1081600,WHISKEY LIQUEUR,421,SAZERAC COMPANY  INC,100413,FIREBALL CINNAMON WHISKEY PARTY BUCKET,1,50,51.60,77.40,2,154.80,0.10,0.02
INV-65787400003,2023-12-29T00:00:00.000,2571,HY-VEE FOOD STORE #2 / WATERLOO,2181 LOGAN AVE,WATERLOO,50703,POINT (-92.338871971 42.53021299),,BLACK HAWK,1012100,CANADIAN WHISKIES,065,JIM BEAM BRANDS,10628,CANADIAN CLUB WHISKY,6,1750,14.50,21.75,6,130.50,10.50,2.77
INV-65787400004,2023-12-29T00:00:00.000,2571,HY-VEE FOOD STORE #2 / WATERLOO,2181 LOGAN AVE,WATERLOO,50703,POINT (-92.338871971 42.53021299),,BLACK HAWK,1012100,CANADIAN WHISKIES,260,DIAGEO AMERICAS,10790,CROWN ROYAL VANILLA,24,375,8.49,12.74,1,12.74,0.37,0.09
INV-65787400005,2023-12-29T00:00:00.000,2571,HY-VEE FOOD STORE #2 / WATERLOO,2181 LOGAN AVE,WATERLOO,50703,POINT (-92.338871971 42.53021299),,BLACK HAWK,1012100,CANADIAN WHISKIES,260,DIAGEO AMERICAS,10804,CROWN ROYAL REGAL APPLE,44,200,5.00,7.50,4,30.00,0.80,0.21
INV-65787400006,2023-12-29T00:00:00.000,2571,HY-VEE FOOD STORE #2 / WATERLOO,2181 LOGAN AVE,WATERLOO,50703,POINT (-92.338871971 42.53021299),,BLACK HAWK,1012100,CANADIAN WHISKIES,260,DIAGEO AMERICAS,11296,CROWN ROYAL,12,750,17.49,26.24,12,314.88,9.00,2.37
INV-65787400007,2023-12-29T00:00:00.000,2571,HY-VEE FOOD STORE #2 / WATERLOO,2181 LOGAN AVE,WATERLOO,50703,POINT (-92.338871971 42.53021299),,BLACK HAWK,1012100,CANADIAN WHISKIES,260,DIAGEO AMERICAS,11298,CROWN ROYAL,6,1750,33.99,50.99,6,305.94,10.50,2.77
INV-65787400008,2023-12-29T00:00:00.000,2571,HY-VEE FOOD STORE #2 / WATERLOO,2181 LOGAN AVE,WATERLOO,50703,POINT (-92.338871971 42.53021299),,BLACK HAWK,1012100,CANADIAN WHISKIES,421,SAZERAC COMPANY  INC,11346,SEAGRAMS VO CANADIAN WHISKEY,12,750,5.74,8.61,1,8.61,0.75,0.19
INV-65787400009,2023-12-29T00:00:00.000,2571,HY-VEE FOOD STORE #2 / WATERLOO,2181 LOGAN AVE,WATERLOO,50703,POINT (-92.338871971 42.53021299),,BLACK HAWK,1012100,CANADIAN WHISKIES,421,SAZERAC COMPANY  INC,11348,SEAGRAMS VO CANADIAN WHISKEY PET,6,1750,11.49,17.24,6,103.44,10.50,2.77
INV-65787400010,2023-12-29T00:00:00.000,2571,HY-VEE FOOD STORE #2 / WATERLOO,2181 LOGAN AVE,WATERLOO,50703,POINT (-92.338871971 42.53021299),,BLACK HAWK,1012100,CANADIAN WHISKIES,259,HEAVEN HILL BRANDS,11788,BLACK VELVET,6,1750,11.00,16.50,30,495.00,52.50,13.86
INV-65787400011,2023-12-29T00:00:00.000,2571,HY-VEE FOOD STORE #2 / WATERLOO,2181 LOGAN AVE,WATERLOO,50703,POINT (-92.338871971 42.53021299),,BLACK HAWK,1012100,CANADIAN WHISKIES,421,SAZERAC COMPANY  INC,12863,RICH & RARE APPLE,12,750,5.50,8.25,2,16.50,1.50,0.39
INV-65787400012,2023-12-29T00:00:00.000,2571,HY-VEE FOOD STORE #2 / WATERLOO,2181 LOGAN AVE,WATERLOO,50703,POINT (-92.338871971 42.53021299),,BLACK HAWK,1012100,CANADIAN WHISKIES,421,SAZERAC COMPANY  INC,12872,RICH & RARE PEACH,12,750,5.50,8.25,2,16.50,1.50,0.39
INV-65787400015,2023-12-29T00:00:00.000,2571,HY-VEE FOOD STORE #2 / WATERLOO,2181 LOGAN AVE,WATERLOO,50703,POINT (-92.338871971 42.53021299),,BLACK HAWK,1012100,CANADIAN WHISKIES,380,PHILLIPS BEVERAGE,14536,REVEL STOKE SMOREGASM TOASTED SMORES WHISKY,12,750,9.50,14.25,2,28.50,1.50,0.39
INV-65787400016,2023-12-29T00:00:00.000,2571,HY-VEE FOOD STORE #2 / WATERLOO,2181 LOGAN AVE,WATERLOO,50703,POINT (-92.338871971 42.53021299),,BLACK HAWK,1012400,IRISH WHISKIES,370,PERNOD RICARD USA,15644,JAMESON,24,375,9.49,14.24,1,14.24,0.37,0.09
INV-65787400023,2023-12-29T00:00:00.000,2571,HY-VEE FOOD STORE #2 / WATERLOO,2181 LOGAN AVE,WATERLOO,50703,POINT (-92.338871971 42.53021299),,BLACK HAWK,1701100,TEMPORARY & SPECIALTY PACKAGES,434,LUXCO INC,18202,BP EZRA BROOKS CASK STRENGTH,6,750,27.50,41.25,1,41.25,0.75,0.19
INV-65787400024,2023-12-29T00:00:00.000,2571,HY-VEE FOOD STORE #2 / WATERLOO,2181 LOGAN AVE,WATERLOO,50703,POINT (-92.338871971 42.53021299),,BLACK HAWK,1011200,STRAIGHT BOURBON WHISKIES,830,KIRIN BEER & SPIRITS OF AMERICA INC / FOUR ROSES DISTILLERY,18352,FOUR ROSES BOURBON,12,750,13.50,20.25,1,20.25,0.75,0.19
INV-65787400027,2023-12-29T00:00:00.000,2571,HY-VEE FOOD STORE #2 / WATERLOO,2181 LOGAN AVE,WATERLOO,50703,POINT (-92.338871971 42.53021299),,BLACK HAWK,1011200,STRAIGHT BOURBON WHISKIES,065,JIM BEAM BRANDS,19066,JIM BEAM,12,750,11.00,16.50,12,198.00,9.00,2.37
INV-65787400031,2023-12-29T00:00:00.000,2571,HY-VEE FOOD STORE #2 / WATERLOO,2181 LOGAN AVE,WATERLOO,50703,POINT (-92.338871971 42.53021299),,BLACK HAWK,1011200,STRAIGHT BOURBON WHISKIES,421,SAZERAC COMPANY  INC,21878,VERY OLD BARTON BOURBON CRAFTED 86PRF,6,1750,16.00,24.00,6,144.00,10.50,2.77
INV-65787400032,2023-12-29T00:00:00.000,2571,HY-VEE FOOD STORE #2 / WATERLOO,2181 LOGAN AVE,WATERLOO,50703,POINT (-92.338871971 42.53021299),,BLACK HAWK,1011100,BLENDED WHISKIES,297,LAIRD & COMPANY,23824,FIVE STAR,24,375,2.09,3.14,3,9.42,1.12,0.29
INV-65787400033,2023-12-29T00:00:00.000,2571,HY-VEE FOOD STORE #2 / WATERLOO,2181 LOGAN AVE,WATERLOO,50703,POINT (-92.338871971 42.53021299),,BLACK HAWK,1011100,BLENDED WHISKIES,065,JIM BEAM BRANDS,24456,KESSLER BLEND WHISKEY,12,750,5.51,8.27,3,24.81,2.25,0.59
INV-65787400034,2023-12-29T00:00:00.000,2571,HY-VEE FOOD STORE #2 / WATERLOO,2181 LOGAN AVE,WATERLOO,50703,POINT (-92.338871971 42.53021299),,BLACK HAWK,1011100,BLENDED WHISKIES,260,DIAGEO AMERICAS,25606,SEAGRAMS 7 CROWN,12,750,7.50,11.25,2,22.50,1.50,0.39
INV-65787400035,2023-12-29T00:00:00.000,2571,HY-VEE FOOD STORE #2 / WATERLOO,2181 LOGAN AVE,WATERLOO,50703,POINT (-92.338871971 42.53021299),,BLACK HAWK,1011100,BLENDED WHISKIES,260,DIAGEO AMERICAS,25608,SEAGRAMS 7 CROWN,6,1750,13.99,20.99,6,125.94,10.50,2.77
INV-65787400037,2023-12-29T00:00:00.000,2571,HY-VEE FOOD STORE #2 / WATERLOO,2181 LOGAN AVE,WATERLOO,50703,POINT (-92.338871971 42.53021299),,BLACK HAWK,1011100,BLENDED WHISKIES,492,WESTERN SPIRITS BEVERAGE,26432,BIRD DOG PEANUT BUTTER,6,750,11.50,17.25,6,103.50,4.50,1.18
INV-65787400038,2023-12-29T00:00:00.000,2571,HY-VEE FOOD STORE #2 / WATERLOO,2181 LOGAN AVE,WATERLOO,50703,POINT (-92.338871971 42.53021299),,BLACK HAWK,1011400,TENNESSEE WHISKIES,085,BROWN FORMAN CORP.,26586,GENTLEMAN JACK,12,750,20.01,30.02,1,30.02,0.75,0.19
INV-65787400039,2023-12-29T00:00:00.000,2571,HY-VEE FOOD STORE #2 / WATERLOO,2181 LOGAN AVE,WATERLOO,50703,POINT (-92.338871971 42.53021299),,BLACK HAWK,1011400,TENNESSEE WHISKIES,085,BROWN FORMAN CORP.,26828,JACK DANIELS OLD #7 BLACK LABEL,6,1750,33.28,49.92,6,299.52,10.50,2.77
INV-65787400040,2023-12-29T00:00:00.000,2571,HY-VEE FOOD STORE #2 / WATERLOO,2181 LOGAN AVE,WATERLOO,50703,POINT (-92.338871971 42.53021299),,BLACK HAWK,1011600,STRAIGHT RYE WHISKIES,065,JIM BEAM BRANDS,27066,OLD OVERHOLT RYE,12,750,11.54,17.31,1,17.31,0.75,0.19
INV-65787400041,2023-12-29T00:00:00.000,2571,HY-VEE FOOD STORE #2 / WATERLOO,2181 LOGAN AVE,WATERLOO,50703,POINT (-92.338871971 42.53021299),,BLACK HAWK,1011200,STRAIGHT BOURBON WHISKIES,065,JIM BEAM BRANDS,27783,JIM BEAM APPLE,12,750,11.00,16.50,1,16.50,0.75,0.19
INV-65787400042,2023-12-29T00:00:00.000,2571,HY-VEE FOOD STORE #2 / WATERLOO,2181 LOGAN AVE,WATERLOO,50703,POINT (-92.338871971 42.53021299),,BLACK HAWK,1011200,STRAIGHT BOURBON WHISKIES,065,JIM BEAM BRANDS,28279,JIM BEAM PEACH,12,750,11.00,16.50,1,16.50,0.75,0.19
INV-65787400043,2023-12-29T00:00:00.000,2571,HY-VEE FOOD STORE #2 / WATERLOO,2181 LOGAN AVE,WATERLOO,50703,POINT (-92.338871971 42.53021299),,BLACK HAWK,1041100,AMERICAN DRY GINS,370,PERNOD RICARD USA,32233,SEAGRAMS EXTRA DRY GIN,48,200,1.99,2.99,48,143.52,9.60,2.53
INV-65787400044,2023-12-29T00:00:00.000,2571,HY-VEE FOOD STORE #2 / WATERLOO,2181 LOGAN AVE,WATERLOO,50703,POINT (-92.338871971 42.53021299),,BLACK HAWK,1041200,FLAVORED GIN,654,REVELTON DISTILLING COMPANY,33180,REVELTON MULBERRY GIN,6,750,17.50,26.25,6,157.50,4.50,1.18
INV-65787400045,2023-12-29T00:00:00.000,2571,HY-VEE FOOD STORE #2 / WATERLOO,2181 LOGAN AVE,WATERLOO,50703,POINT (-92.338871971 42.53021299),,BLACK HAWK,1032200,IMPORTED FLAVORED VODKA,370,PERNOD RICARD USA,34036,ABSOLUT PEARS,12,750,9.99,14.99,1,14.99,0.75,0.19
INV-65787400046,2023-12-29T00:00:00.000,2571,HY-VEE FOOD STORE #2 / WATERLOO,2181 LOGAN AVE,WATERLOO,50703,POINT (-92.338871971 42.53021299),,BLACK HAWK,1032100,IMPORTED VODKAS,035,BACARDI USA INC,34359,GREY GOOSE,12,200,4.50,6.75,12,81.00,2.40,0.63
INV-65787400047,2023-12-29T00:00:00.000,2571,HY-VEE FOOD STORE #2 / WATERLOO,2181 LOGAN AVE,WATERLOO,50703,POINT (-92.338871971 42.53021299),,BLACK HAWK,1032100,IMPORTED VODKAS,421,SAZERAC COMPANY  INC,34368,FRIS DANISH VODKA,6,1750,8.49,12.74,6,76.44,10.50,2.77
INV-65787400048,2023-12-29T00:00:00.000,2571,HY-VEE FOOD STORE #2 / WATERLOO,2181 LOGAN AVE,WATERLOO,50703,POINT (-92.338871971 42.53021299),,BLACK HAWK,1032100,IMPORTED VODKAS,035,BACARDI USA INC,34433,GREY GOOSE,12,750,15.50,23.25,12,279.00,9.00,2.37
INV-65787400049,2023-12-29T00:00:00.000,2571,HY-VEE FOOD STORE #2 / WATERLOO,2181 LOGAN AVE,WATERLOO,50703,POINT (-92.338871971 42.53021299),,BLACK HAWK,1032100,IMPORTED VODKAS,260,DIAGEO AMERICAS,34456,KETEL ONE,12,750,11.33,17.00,1,17.00,0.75,0.19
INV-65787400050,2023-12-29T00:00:00.000,2571,HY-VEE FOOD STORE #2 / WATERLOO,2181 LOGAN AVE,WATERLOO,50703,POINT (-92.338871971 42.53021299),,BLACK HAWK,1031100,AMERICAN VODKAS,297,LAIRD & COMPANY,35918,FIVE O'CLOCK VODKA,6,1750,7.72,11.58,6,69.48,10.50,2.77
INV-65787400051,2023-12-29T00:00:00.000,2571,HY-VEE FOOD STORE #2 / WATERLOO,2181 LOGAN AVE,WATERLOO,50703,POINT (-92.338871971 42.53021299),,BLACK HAWK,1031100,AMERICAN VODKAS,297,LAIRD & COMPANY,35926,FIVE O'CLOCK VODKA PET,12,750,3.52,5.28,12,63.36,9.00,2.37
INV-65787400052,2023-12-29T00:00:00.000,2571,HY-VEE FOOD STORE #2 / WATERLOO,2181 LOGAN AVE,WATERLOO,50703,POINT (-92.338871971 42.53021299),,BLACK HAWK,1031100,AMERICAN VODKAS,259,HEAVEN HILL BRANDS,36122,DEEP EDDY 80PRF,12,750,9.50,14.25,1,14.25,0.75,0.19
INV-65787400053,2023-12-29T00:00:00.000,2571,HY-VEE FOOD STORE #2 / WATERLOO,2181 LOGAN AVE,WATERLOO,50703,POINT (-92.338871971 42.53021299),,BLACK HAWK,1031100,AMERICAN VODKAS,434,LUXCO INC,36304,HAWKEYE VODKA,24,375,2.00,3.00,24,72.00,9.00,2.37
INV-65787400054,2023-12-29T00:00:00.000,2571,HY-VEE FOOD STORE #2 / WATERLOO,2181 LOGAN AVE,WATERLOO,50703,POINT (-92.338871971 42.53021299),,BLACK HAWK,1031100,AMERICAN VODKAS,434,LUXCO INC,36308,HAWKEYE VODKA,6,1750,7.50,11.25,6,67.50,10.50,2.77
INV-65787400055,2023-12-29T00:00:00.000,2571,HY-VEE FOOD STORE #2 / WATERLOO,2181 LOGAN AVE,WATERLOO,50703,POINT (-92.338871971 42.53021299),,BLACK HAWK,1031100,AMERICAN VODKAS,421,SAZERAC COMPANY  INC,36648,CALIBER VODKA,12,750,3.32,4.98,12,59.76,9.00,2.37
INV-65787400056,2023-12-29T00:00:00.000,2571,HY-VEE FOOD STORE #2 / WATERLOO,2181 LOGAN AVE,WATERLOO,50703,POINT (-92.338871971 42.53021299),,BLACK HAWK,1032200,IMPORTED FLAVORED VODKA,370,PERNOD RICARD USA,36769,ABSOLUT GRAPEFRUIT,12,750,9.99,14.99,2,29.98,1.50,0.39
INV-65787400057,2023-12-29T00:00:00.000,2571,HY-VEE FOOD STORE #2 / WATERLOO,2181 LOGAN AVE,WATERLOO,50703,POINT (-92.338871971 42.53021299),,BLACK HAWK,1031100,AMERICAN VODKAS,421,SAZERAC COMPANY  INC,36900,BARTON NATURALS VODKA,6,1750,7.06,10.59,6,63.54,10.50,2.77
INV-65787400058,2023-12-29T00:00:00.000,2571,HY-VEE FOOD STORE #2 / WATERLOO,2181 LOGAN AVE,WATERLOO,50703,POINT (-92.338871971 42.53021299),,BLACK HAWK,1031100,AMERICAN VODKAS,300,MCCORMICK DISTILLING CO.,36903,MCCORMICK 80PRF VODKA,48,200,1.19,1.79,48,85.92,9.60,2.53
INV-65787400059,2023-12-29T00:00:00.000,2571,HY-VEE FOOD STORE #2 / WATERLOO,2181 LOGAN AVE,WATERLOO,50703,POINT (-92.338871971 42.53021299),,BLACK HAWK,1031100,AMERICAN VODKAS,421,SAZERAC COMPANY  INC,36978,NIKOLAI VODKA,6,1750,7.06,10.59,6,63.54,10.50,2.77
INV-65787400060,2023-12-29T00:00:00.000,2571,HY-VEE FOOD STORE #2 / WATERLOO,2181 LOGAN AVE,WATERLOO,50703,POINT (-92.338871971 42.53021299),,BLACK HAWK,1031100,AMERICAN VODKAS,380,PHILLIPS BEVERAGE,37348,PHILLIPS VODKA,6,1750,7.60,11.40,6,68.40,10.50,2.77
INV-65787400061,2023-12-29T00:00:00.000,2571,HY-VEE FOOD STORE #2 / WATERLOO,2181 LOGAN AVE,WATERLOO,50703,POINT (-92.338871971 42.53021299),,BLACK HAWK,1031100,AMERICAN VODKAS,255,INFINIUM SPIRITS,37888,SEAGRAMS EXTRA SMOOTH VODKA,6,1750,10.00,15.00,6,90.00,10.50,2.77
INV-65787400062,2023-12-29T00:00:00.000,2571,HY-VEE FOOD STORE #2 / WATERLOO,2181 LOGAN AVE,WATERLOO,50703,POINT (-92.338871971 42.53021299),,BLACK HAWK,1031100,AMERICAN VODKAS,260,DIAGEO AMERICAS,38008,SMIRNOFF 80PRF PET,6,1750,14.75,22.13,6,132.78,10.50,2.77
INV-65787400063,2023-12-29T00:00:00.000,2571,HY-VEE FOOD STORE #2 / WATERLOO,2181 LOGAN AVE,WATERLOO,50703,POINT (-92.338871971 42.53021299),,BLACK HAWK,1031100,AMERICAN VODKAS,421,SAZERAC COMPANY  INC,38088,PLATINUM 7X VODKA,6,1750,9.44,14.16,6,84.96,10.50,2.77
INV-65787400064,2023-12-29T00:00:00.000,2571,HY-VEE FOOD STORE #2 / WATERLOO,2181 LOGAN AVE,WATERLOO,50703,POINT (-92.338871971 42.53021299),,BLACK HAWK,1031100,AMERICAN VODKAS,301,FIFTH GENERATION INC,38176,TITOS HANDMADE VODKA,12,750,10.00,15.00,12,180.00,9.00,2.37
INV-65787400065,2023-12-29T00:00:00.000,2571,HY-VEE FOOD STORE #2 / WATERLOO,2181 LOGAN AVE,WATERLOO,50703,POINT (-92.338871971 42.53021299),,BLACK HAWK,1031100,AMERICAN VODKAS,301,FIFTH GENERATION INC,38177,TITOS HANDMADE VODKA,12,1000,13.17,19.76,12,237.12,12.00,3.17
INV-65787400066,2023-12-29T00:00:00.000,2571,HY-VEE FOOD STORE #2 / WATERLOO,2181 LOGAN AVE,WATERLOO,50703,POINT (-92.338871971 42.53021299),,BLACK HAWK,1071000,COCKTAILS/RTD,305,MHW LTD,3836,TWISTED SHOTZ SEXY PARTY PACK 2.0,1,2250,58.45,87.68,1,87.68,2.25,0.59
INV-65787400067,2023-12-29T00:00:00.000,2571,HY-VEE FOOD STORE #2 / WATERLOO,2181 LOGAN AVE,WATERLOO,50703,POINT (-92.338871971 42.53021299),,BLACK HAWK,1031100,AMERICAN VODKAS,209,MINHAS MICRO DISTILLERY,38581,WISCONSIN CLUB VODKA,6,1750,8.17,12.26,6,73.56,10.50,2.77
INV-65787400068,2023-12-29T00:00:00.000,2571,HY-VEE FOOD STORE #2 / WATERLOO,2181 LOGAN AVE,WATERLOO,50703,POINT (-92.338871971 42.53021299),,BLACK HAWK,1031200,AMERICAN FLAVORED VODKA,259,HEAVEN HILL BRANDS,40331,DEEP EDDY SWEET TEA,12,750,9.50,14.25,3,42.75,2.25,0.59
INV-65787400069,2023-12-29T00:00:00.000,2571,HY-VEE FOOD STORE #2 / WATERLOO,2181 LOGAN AVE,WATERLOO,50703,POINT (-92.338871971 42.53021299),,BLACK HAWK,1031200,AMERICAN FLAVORED VODKA,300,MCCORMICK DISTILLING CO.,41019,360 DOUBLE CHOCOLATE,12,750,8.49,12.74,1,12.74,0.75,0.19
INV-65787400070,2023-12-29T00:00:00.000,2571,HY-VEE FOOD STORE #2 / WATERLOO,2181 LOGAN AVE,WATERLOO,50703,POINT (-92.338871971 42.53021299),,BLACK HAWK,1062400,SPICED RUM,259,HEAVEN HILL BRANDS,43028,ADMIRAL NELSON SPICED,6,1750,12.00,18.00,6,108.00,10.50,2.77
INV-65787400071,2023-12-29T00:00:00.000,2571,HY-VEE FOOD STORE #2 / WATERLOO,2181 LOGAN AVE,WATERLOO,50703,POINT (-92.338871971 42.53021299),,BLACK HAWK,1062500,FLAVORED RUM,035,BACARDI USA INC,43136,BACARDI LIMON,12,750,8.76,13.14,2,26.28,1.50,0.39
INV-65787400073,2023-12-29T00:00:00.000,2571,HY-VEE FOOD STORE #2 / WATERLOO,2181 LOGAN AVE,WATERLOO,50703,POINT (-92.338871971 42.53021299),,BLACK HAWK,1062400,SPICED RUM,260,DIAGEO AMERICAS,43334,CAPTAIN MORGAN ORIGINAL SPICED,24,375,5.24,7.86,1,7.86,0.37,0.09
INV-65787400074,2023-12-29T00:00:00.000,2571,HY-VEE FOOD STORE #2 / WATERLOO,2181 LOGAN AVE,WATERLOO,50703,POINT (-92.338871971 42.53021299),,BLACK HAWK,1062200,WHITE RUM,434,LUXCO INC,45278,PARAMOUNT WHITE RUM,6,1750,8.00,12.00,6,72.00,10.50,2.77
INV-65787400075,2023-12-29T00:00:00.000,2571,HY-VEE FOOD STORE #2 / WATERLOO,2181 LOGAN AVE,WATERLOO,50703,POINT (-92.338871971 42.53021299),,BLACK HAWK,1062400,SPICED RUM,209,MINHAS MICRO DISTILLERY,47002,WISCONSIN CLUB SPICED RUM,6,1750,9.00,13.50,6,81.00,10.50,2.77
INV-65787400076,2023-12-29T00:00:00.000,2571,HY-VEE FOOD STORE #2 / WATERLOO,2181 LOGAN AVE,WATERLOO,50703,POINT (-92.338871971 42.53021299),,BLACK HAWK,1052100,IMPORTED BRANDIES,420,MOET HENNESSY USA,48105,HENNESSY VS,12,375,11.49,17.24,12,206.88,4.50,1.18
INV-65787400077,2023-12-29T00:00:00.000,2571,HY-VEE FOOD STORE #2 / WATERLOO,2181 LOGAN AVE,WATERLOO,50703,POINT (-92.338871971 42.53021299),,BLACK HAWK,1052100,IMPORTED BRANDIES,420,MOET HENNESSY USA,48106,HENNESSY VS,12,750,19.99,29.99,12,359.88,9.00,2.37
INV-65787400078,2023-12-29T00:00:00.000,2571,HY-VEE FOOD STORE #2 / WATERLOO,2181 LOGAN AVE,WATERLOO,50703,POINT (-92.338871971 42.53021299),,BLACK HAWK,1051100,AMERICAN BRANDIES,421,SAZERAC COMPANY  INC,53213,PAUL MASSON GRANDE AMBER BRANDY VS,24,200,1.96,2.94,48,141.12,9.60,2.53
INV-65787400079,2023-12-29T00:00:00.000,2571,HY-VEE FOOD STORE #2 / WATERLOO,2181 LOGAN AVE,WATERLOO,50703,POINT (-92.338871971 42.53021299),,BLACK HAWK,1012200,SCOTCH WHISKIES,260,DIAGEO AMERICAS,5346,JOHNNIE WALKER RED,12,750,13.50,20.25,4,81.00,3.00,0.79
INV-65787400080,2023-12-29T00:00:00.000,2571,HY-VEE FOOD STORE #2 / WATERLOO,2181 LOGAN AVE,WATERLOO,50703,POINT (-92.338871971 42.53021299),,BLACK HAWK,1051100,AMERICAN BRANDIES,434,LUXCO INC,54646,ARROW BLACKBERRY BRANDY,12,750,5.75,8.63,2,17.26,1.50,0.39
INV-65787400081,2023-12-29T00:00:00.000,2571,HY-VEE FOOD STORE #2 / WATERLOO,2181 LOGAN AVE,WATERLOO,50703,POINT (-92.338871971 42.53021299),,BLACK HAWK,1051100,AMERICAN BRANDIES,421,SAZERAC COMPANY  INC,56664,PAUL MASSON WATERMELON GRANDE AMBER BRANDY,12,750,6.41,9.62,2,19.24,1.50,0.39
INV-65787400082,2023-12-29T00:00:00.000,2571,HY-VEE FOOD STORE #2 / WATERLOO,2181 LOGAN AVE,WATERLOO,50703,POINT (-92.338871971 42.53021299),,BLACK HAWK,1071000,COCKTAILS/RTD,421,SAZERAC COMPANY  INC,57157,CHI-CHI'S PINA COLADA,6,1750,6.50,9.75,6,58.50,10.50,2.77
INV-65787400083,2023-12-29T00:00:00.000,2571,HY-VEE FOOD STORE #2 / WATERLOO,2181 LOGAN AVE,WATERLOO,50703,POINT (-92.338871971 42.53021299),,BLACK HAWK,1071000,COCKTAILS/RTD,908,BUZZBALLZ LLC / SOUTHERN CHAMPION,57343,BUZZBALLZ BIGGIES CHILI MANGO,3,1750,10.00,15.00,3,45.00,5.25,1.38
INV-65787400084,2023-12-29T00:00:00.000,2571,HY-VEE FOOD STORE #2 / WATERLOO,2181 LOGAN AVE,WATERLOO,50703,POINT (-92.338871971 42.53021299),,BLACK HAWK,1071000,COCKTAILS/RTD,908,BUZZBALLZ LLC / SOUTHERN CHAMPION,57575,BUZZBALLZ BIGGIES CHOCOLATE TEASE,3,1750,10.00,15.00,3,45.00,5.25,1.38
INV-65787400085,2023-12-29T00:00:00.000,2571,HY-VEE FOOD STORE #2 / WATERLOO,2181 LOGAN AVE,WATERLOO,50703,POINT (-92.338871971 42.53021299),,BLACK HAWK,1012300,SINGLE MALT SCOTCH,370,PERNOD RICARD USA,5842,GLENLIVET 14YR,6,750,38.48,57.72,1,57.72,0.75,0.19
INV-65787400086,2023-12-29T00:00:00.000,2571,HY-VEE FOOD STORE #2 / WATERLOO,2181 LOGAN AVE,WATERLOO,50703,POINT (-92.338871971 42.53021299),,BLACK HAWK,1071000,COCKTAILS/RTD,395,PROXIMO,58838,JOSE CUERVO AUTHENTIC LIME MARGARITA,6,1750,8.74,13.11,6,78.66,10.50,2.77
INV-65787400087,2023-12-29T00:00:00.000,2571,HY-VEE FOOD STORE #2 / WATERLOO,2181 LOGAN AVE,WATERLOO,50703,POINT (-92.338871971 42.53021299),,BLACK HAWK,1071000,COCKTAILS/RTD,395,PROXIMO,58868,JOSE CUERVO AUTHENTIC STRAWBERRY LIME MARGARITA,6,1750,8.74,13.11,6,78.66,10.50,2.77
INV-65787400089,2023-12-29T00:00:00.000,2571,HY-VEE FOOD STORE #2 / WATERLOO,2181 LOGAN AVE,WATERLOO,50703,POINT (-92.338871971 42.53021299),,BLACK HAWK,1032200,IMPORTED FLAVORED VODKA,260,DIAGEO AMERICAS,64348,CIROC PASSION,12,750,16.49,24.74,2,49.48,1.50,0.39
INV-65787400090,2023-12-29T00:00:00.000,2571,HY-VEE FOOD STORE #2 / WATERLOO,2181 LOGAN AVE,WATERLOO,50703,POINT (-92.338871971 42.53021299),,BLACK HAWK,1081600,WHISKEY LIQUEUR,421,SAZERAC COMPANY  INC,64866,FIREBALL CINNAMON WHISKEY,12,750,9.00,13.50,12,162.00,9.00,2.37
INV-65787400091,2023-12-29T00:00:00.000,2571,HY-VEE FOOD STORE #2 / WATERLOO,2181 LOGAN AVE,WATERLOO,50703,POINT (-92.338871971 42.53021299),,BLACK HAWK,1081600,WHISKEY LIQUEUR,421,SAZERAC COMPANY  INC,64870,FIREBALL CINNAMON WHISKEY,48,100,1.00,1.50,144,216.00,14.40,3.80
INV-65787400092,2023-12-29T00:00:00.000,2571,HY-VEE FOOD STORE #2 / WATERLOO,2181 LOGAN AVE,WATERLOO,50703,POINT (-92.338871971 42.53021299),,BLACK HAWK,1081600,WHISKEY LIQUEUR,421,SAZERAC COMPANY  INC,65013,FIREBALL CINNAMON WHISKEY MINI SLEEVE,12,50,4.30,6.45,24,154.80,1.20,0.31
INV-65787400093,2023-12-29T00:00:00.000,2571,HY-VEE FOOD STORE #2 / WATERLOO,2181 LOGAN AVE,WATERLOO,50703,POINT (-92.338871971 42.53021299),,BLACK HAWK,1082100,IMPORTED CORDIALS & LIQUEURS,342,DV SPIRITS LLC,66023,NARANJA ORANGE LIQUEUR,12,750,11.00,16.50,1,16.50,0.75,0.19
INV-65787400094,2023-12-29T00:00:00.000,2571,HY-VEE FOOD STORE #2 / WATERLOO,2181 LOGAN AVE,WATERLOO,50703,POINT (-92.338871971 42.53021299),,BLACK HAWK,1071000,COCKTAILS/RTD,305,MHW LTD,67245,TWISTED SHOTZ JOLLI JOLLI,1,1800,55.24,82.86,1,82.86,1.80,0.47
INV-65787400095,2023-12-29T00:00:00.000,2571,HY-VEE FOOD STORE #2 / WATERLOO,2181 LOGAN AVE,WATERLOO,50703,POINT (-92.338871971 42.53021299),,BLACK HAWK,1081200,CREAM LIQUEURS,363,PATERNO IMPORTS LTD / TERLATO WINES INTERNATIONAL,67866,AMARULA CREAM LIQUEUR,12,750,16.00,24.00,1,24.00,0.75,0.19
INV-65787400096,2023-12-29T00:00:00.000,2571,HY-VEE FOOD STORE #2 / WATERLOO,2181 LOGAN AVE,WATERLOO,50703,POINT (-92.338871971 42.53021299),,BLACK HAWK,1082200,IMPORTED SCHNAPPS,421,SAZERAC COMPANY  INC,69658,DR MCGILLICUDDYS MENTHOLMINT,6,1750,15.00,22.50,6,131.94,10.50,2.77
INV-65787400098,2023-12-29T00:00:00.000,2571,HY-VEE FOOD STORE #2 / WATERLOO,2181 LOGAN AVE,WATERLOO,50703,POINT (-92.338871971 42.53021299),,BLACK HAWK,1071000,COCKTAILS/RTD,308,MANGO BOTTLING,71529,TOOTERS ALA BAMA SLAMA,12,375,6.50,9.75,2,19.50,0.75,0.19
INV-65787400101,2023-12-29T00:00:00.000,2571,HY-VEE FOOD STORE #2 / WATERLOO,2181 LOGAN AVE,WATERLOO,50703,POINT (-92.338871971 42.53021299),,BLACK HAWK,1081200,CREAM LIQUEURS,205,E & J GALLO WINERY,73055,RUMCHATA,12,750,14.00,21.00,2,42.00,1.50,0.39
INV-65787400103,2023-12-29T00:00:00.000,2571,HY-VEE FOOD STORE #2 / WATERLOO,2181 LOGAN AVE,WATERLOO,50703,POINT (-92.338871971 42.53021299),,BLACK HAWK,1031200,AMERICAN FLAVORED VODKA,118,AMERICAN SPIRITS EXCHANGE,76501,THE ORIGINAL PICKLE SHOT DILL PICKLE VODKA,12,750,8.34,12.51,12,150.12,9.00,2.37
INV-65787400104,2023-12-29T00:00:00.000,2571,HY-VEE FOOD STORE #2 / WATERLOO,2181 LOGAN AVE,WATERLOO,50703,POINT (-92.338871971 42.53021299),,BLACK HAWK,1031200,AMERICAN FLAVORED VODKA,260,DIAGEO AMERICAS,77637,SMIRNOFF CHERRY,12,750,8.25,12.38,4,49.52,3.00,0.79
INV-65787400106,2023-12-29T00:00:00.000,2571,HY-VEE FOOD STORE #2 / WATERLOO,2181 LOGAN AVE,WATERLOO,50703,POINT (-92.338871971 42.53021299),,BLACK HAWK,1081300,AMERICAN CORDIALS & LIQUEURS,619,CAMPARI AMERICA,77776,WILD TURKEY AMERICAN HONEY,12,750,11.50,17.25,2,34.50,1.50,0.39
INV-65787400107,2023-12-29T00:00:00.000,2571,HY-VEE FOOD STORE #2 / WATERLOO,2181 LOGAN AVE,WATERLOO,50703,POINT (-92.338871971 42.53021299),,BLACK HAWK,1091100,AMERICAN DISTILLED SPIRITS SPECIALTY,154,DUNKEL CORPORATION / IOWA DISTILLING,77805,SAINTS N SINNERS APPLE PIE,12,750,8.00,12.00,3,36.00,2.25,0.59
INV-65787400108,2023-12-29T00:00:00.000,2571,HY-VEE FOOD STORE #2 / WATERLOO,2181 LOGAN AVE,WATERLOO,50703,POINT (-92.338871971 42.53021299),,BLACK HAWK,1031200,AMERICAN FLAVORED VODKA,260,DIAGEO AMERICAS,77847,SMIRNOFF VANILLA,12,750,8.25,12.38,2,24.76,1.50,0.39
INV-65787400109,2023-12-29T00:00:00.000,2571,HY-VEE FOOD STORE #2 / WATERLOO,2181 LOGAN AVE,WATERLOO,50703,POINT (-92.338871971 42.53021299),,BLACK HAWK,1081200,CREAM LIQUEURS,380,PHILLIPS BEVERAGE,80069,CASHEL IRISH CREAM,12,750,7.08,10.62,12,127.44,9.00,2.37
INV-65787400110,2023-12-29T00:00:00.000,2571,HY-VEE FOOD STORE #2 / WATERLOO,2181 LOGAN AVE,WATERLOO,50703,POINT (-92.338871971 42.53021299),,BLACK HAWK,1011400,TENNESSEE WHISKIES,346,OLE SMOKY DISTILLERY LLC,80382,OLE SMOKY COOKIES AND CREAM,6,750,11.00,16.50,6,99.00,4.50,1.18
INV-65787400111,2023-12-29T00:00:00.000,2571,HY-VEE FOOD STORE #2 / WATERLOO,2181 LOGAN AVE,WATERLOO,50703,POINT (-92.338871971 42.53021299),,BLACK HAWK,1011400,TENNESSEE WHISKIES,346,OLE SMOKY DISTILLERY LLC,80384,OLE SMOKY TENNESSEE MUD WHISKEY,6,750,11.00,16.50,6,99.00,4.50,1.18
INV-65787400112,2023-12-29T00:00:00.000,2571,HY-VEE FOOD STORE #2 / WATERLOO,2181 LOGAN AVE,WATERLOO,50703,POINT (-92.338871971 42.53021299),,BLACK HAWK,1081200,CREAM LIQUEURS,421,SAZERAC COMPANY  INC,80456,RYANS CREAM LIQUEUR,12,750,6.70,10.05,3,30.15,2.25,0.59
INV-65787400113,2023-12-29T00:00:00.000,2571,HY-VEE FOOD STORE #2 / WATERLOO,2181 LOGAN AVE,WATERLOO,50703,POINT (-92.338871971 42.53021299),,BLACK HAWK,1081400,AMERICAN SCHNAPPS,434,LUXCO INC,81206,PARAMOUNT PEPPERMINT SCHNAPPS,12,750,4.25,6.38,2,12.76,1.50,0.39
INV-65787400114,2023-12-29T00:00:00.000,2571,HY-VEE FOOD STORE #2 / WATERLOO,2181 LOGAN AVE,WATERLOO,50703,POINT (-92.338871971 42.53021299),,BLACK HAWK,1081400,AMERICAN SCHNAPPS,065,JIM BEAM BRANDS,82786,DEKUYPER BUTTERSHOTS,12,750,6.75,10.13,3,30.39,2.25,0.59
INV-65787400115,2023-12-29T00:00:00.000,2571,HY-VEE FOOD STORE #2 / WATERLOO,2181 LOGAN AVE,WATERLOO,50703,POINT (-92.338871971 42.53021299),,BLACK HAWK,1081400,AMERICAN SCHNAPPS,065,JIM BEAM BRANDS,82820,DEKUYPER STRAWBERRY PUCKER,12,750,6.75,10.13,2,20.26,1.50,0.39
INV-65787400116,2023-12-29T00:00:00.000,2571,HY-VEE FOOD STORE #2 / WATERLOO,2181 LOGAN AVE,WATERLOO,50703,POINT (-92.338871971 42.53021299),,BLACK HAWK,1091100,AMERICAN DISTILLED SPIRITS SPECIALTY,370,PERNOD RICARD USA,86439,SKREWBALL PEANUT BUTTER WHISKEY,12,750,14.99,22.49,5,112.45,3.75,0.99
INV-65787400117,2023-12-29T00:00:00.000,2571,HY-VEE FOOD STORE #2 / WATERLOO,2181 LOGAN AVE,WATERLOO,50703,POINT (-92.338871971 42.53021299),,BLACK HAWK,1081600,WHISKEY LIQUEUR,421,SAZERAC COMPANY  INC,86886,SOUTHERN COMFORT,12,750,10.33,15.50,2,31.00,1.50,0.39
INV-65787400118,2023-12-29T00:00:00.000,2571,HY-VEE FOOD STORE #2 / WATERLOO,2181 LOGAN AVE,WATERLOO,50703,POINT (-92.338871971 42.53021299),,BLACK HAWK,1022200,100% AGAVE TEQUILA,035,BACARDI USA INC,87306,CAZADORES BLANCO,12,750,14.50,21.75,2,43.50,1.50,0.39
INV-65787400119,2023-12-29T00:00:00.000,2571,HY-VEE FOOD STORE #2 / WATERLOO,2181 LOGAN AVE,WATERLOO,50703,POINT (-92.338871971 42.53021299),,BLACK HAWK,1022200,100% AGAVE TEQUILA,395,PROXIMO,87402,JOSE CUERVO ESPECIAL SILVER,48,200,3.63,5.45,5,27.25,1.00,0.26
INV-65787400120,2023-12-29T00:00:00.000,2571,HY-VEE FOOD STORE #2 / WATERLOO,2181 LOGAN AVE,WATERLOO,50703,POINT (-92.338871971 42.53021299),,BLACK HAWK,1022200,100% AGAVE TEQUILA,259,HEAVEN HILL BRANDS,88018,LUNAZUL BLANCO,12,750,13.50,20.25,3,60.75,2.25,0.59
INV-65787400121,2023-12-29T00:00:00.000,2571,HY-VEE FOOD STORE #2 / WATERLOO,2181 LOGAN AVE,WATERLOO,50703,POINT (-92.338871971 42.53021299),,BLACK HAWK,1022200,100% AGAVE TEQUILA,035,BACARDI USA INC,88294,PATRON SILVER,12,375,15.00,22.50,12,270.00,4.50,1.18
INV-65787400122,2023-12-29T00:00:00.000,2571,HY-VEE FOOD STORE #2 / WATERLOO,2181 LOGAN AVE,WATERLOO,50703,POINT (-92.338871971 42.53021299),,BLACK HAWK,1022100,MIXTO TEQUILA,065,JIM BEAM BRANDS,88556,SAUZA BLANCO SILVER,12,750,10.50,15.75,2,31.50,1.50,0.39
INV-65787400123,2023-12-29T00:00:00.000,2571,HY-VEE FOOD STORE #2 / WATERLOO,2181 LOGAN AVE,WATERLOO,50703,POINT (-92.338871971 42.53021299),,BLACK HAWK,1022200,100% AGAVE TEQUILA,421,SAZERAC COMPANY  INC,88602,SOLANA AGAVE BLANCO,6,750,12.48,18.72,6,112.32,4.50,1.18
INV-65787400124,2023-12-29T00:00:00.000,2571,HY-VEE FOOD STORE #2 / WATERLOO,2181 LOGAN AVE,WATERLOO,50703,POINT (-92.338871971 42.53021299),,BLACK HAWK,1022200,100% AGAVE TEQUILA,035,BACARDI USA INC,89121,CAZADORES REPOSADO,12,750,14.50,21.75,3,65.25,2.25,0.59
INV-65787400125,2023-12-29T00:00:00.000,2571,HY-VEE FOOD STORE #2 / WATERLOO,2181 LOGAN AVE,WATERLOO,50703,POINT (-92.338871971 42.53021299),,BLACK HAWK,1022100,MIXTO TEQUILA,395,PROXIMO,89193,JOSE CUERVO ESPECIAL REPOSADO,48,200,3.63,5.45,8,43.60,1.60,0.42
INV-65787400126,2023-12-29T00:00:00.000,2571,HY-VEE FOOD STORE #2 / WATERLOO,2181 LOGAN AVE,WATERLOO,50703,POINT (-92.338871971 42.53021299),,BLACK HAWK,1022200,100% AGAVE TEQUILA,255,INFINIUM SPIRITS,89242,CORRALEJO REPOSADO,6,750,16.99,25.49,6,152.94,4.50,1.18
INV-65787400127,2023-12-29T00:00:00.000,2571,HY-VEE FOOD STORE #2 / WATERLOO,2181 LOGAN AVE,WATERLOO,50703,POINT (-92.338871971 42.53021299),,BLACK HAWK,1022200,100% AGAVE TEQUILA,259,HEAVEN HILL BRANDS,89468,LUNAZUL REPOSADO,12,750,13.50,20.25,3,60.75,2.25,0.59
INV-65787500001,2023-12-29T00:00:00.000,2571,HY-VEE FOOD STORE #2 / WATERLOO,2181 LOGAN AVE,WATERLOO,50703,POINT (-92.338871971 42.53021299),,BLACK HAWK,1701100,TEMPORARY & SPECIALTY PACKAGES,192,"MAST-JAGERMEISTER US, INC",102015,JAGERMEISTER W/ALUMINUM SHOT CUP,6,750,14.35,21.53,6,129.18,4.50,1.18
INV-65787500002,2023-12-29T00:00:00.000,2571,HY-VEE FOOD STORE #2 / WATERLOO,2181 LOGAN AVE,WATERLOO,50703,POINT (-92.338871971 42.53021299),,BLACK HAWK,1701100,TEMPORARY & SPECIALTY PACKAGES,395,PROXIMO,102212,PROPER NO. TWELVE W/50ML APPLE,12,800,14.00,21.00,4,84.00,3.20,0.84
INV-65787500003,2023-12-29T00:00:00.000,2571,HY-VEE FOOD STORE #2 / WATERLOO,2181 LOGAN AVE,WATERLOO,50703,POINT (-92.338871971 42.53021299),,BLACK HAWK,1012100,CANADIAN WHISKIES,259,HEAVEN HILL BRANDS,11771,BLACK VELVET MINI,8,50,8.87,13.31,1,13.31,0.05,0.01
INV-65787500004,2023-12-29T00:00:00.000,2571,HY-VEE FOOD STORE #2 / WATERLOO,2181 LOGAN AVE,WATERLOO,50703,POINT (-92.338871971 42.53021299),,BLACK HAWK,1012100,CANADIAN WHISKIES,946,IROKOS GROUP LLC,14845,SWEAR JAR MAPLE DONUT,12,750,12.50,18.75,2,37.50,1.50,0.39
INV-65787500005,2023-12-29T00:00:00.000,2571,HY-VEE FOOD STORE #2 / WATERLOO,2181 LOGAN AVE,WATERLOO,50703,POINT (-92.338871971 42.53021299),,BLACK HAWK,1012100,CANADIAN WHISKIES,946,IROKOS GROUP LLC,14846,SWEAR JAR CANDIED GREEN APPLE,12,750,12.50,18.75,2,37.50,1.50,0.39
INV-65787500006,2023-12-29T00:00:00.000,2571,HY-VEE FOOD STORE #2 / WATERLOO,2181 LOGAN AVE,WATERLOO,50703,POINT (-92.338871971 42.53021299),,BLACK HAWK,1012100,CANADIAN WHISKIES,946,IROKOS GROUP LLC,14854,SWEAR JAR 6YR,12,750,12.50,18.75,2,37.50,1.50,0.39
INV-65787500007,2023-12-29T00:00:00.000,2571,HY-VEE FOOD STORE #2 / WATERLOO,2181 LOGAN AVE,WATERLOO,50703,POINT (-92.338871971 42.53021299),,BLACK HAWK,1081600,WHISKEY LIQUEUR,368,PARK STREET IMPORTS,22545,THE REVEREND DAN CALL SOUR MASH WHISKEY,12,750,19.20,28.80,2,57.60,1.50,0.39
INV-65787500008,2023-12-29T00:00:00.000,2571,HY-VEE FOOD STORE #2 / WATERLOO,2181 LOGAN AVE,WATERLOO,50703,POINT (-92.338871971 42.53021299),,BLACK HAWK,1011400,TENNESSEE WHISKIES,085,BROWN FORMAN CORP.,26821,JACK DANIELS OLD #7 BLACK LABEL MINI,12,50,11.50,17.25,1,17.25,0.05,0.01
INV-65787500009,2023-12-29T00:00:00.000,2571,HY-VEE FOOD STORE #2 / WATERLOO,2181 LOGAN AVE,WATERLOO,50703,POINT (-92.338871971 42.53021299),,BLACK HAWK,1031200,AMERICAN FLAVORED VODKA,826,KNEE-HIGH DISTILLING CO. LLC,37784,CM KNEE-HIGH DISTILLING CO MARSHMALLOW VODKA,12,750,9.00,13.50,3,40.50,2.25,0.59
INV-65787500010,2023-12-29T00:00:00.000,2571,HY-VEE FOOD STORE #2 / WATERLOO,2181 LOGAN AVE,WATERLOO,50703,POINT (-92.338871971 42.53021299),,BLACK HAWK,1031200,AMERICAN FLAVORED VODKA,826,KNEE-HIGH DISTILLING CO. LLC,37785,CM KNEE-HIGH DISTILLING CO LEVY APPLE PIE VODKA,12,750,9.00,13.50,3,40.50,2.25,0.59
INV-65787500011,2023-12-29T00:00:00.000,2571,HY-VEE FOOD STORE #2 / WATERLOO,2181 LOGAN AVE,WATERLOO,50703,POINT (-92.338871971 42.53021299),,BLACK HAWK,1051100,AMERICAN BRANDIES,421,SAZERAC COMPANY  INC,53211,PAUL MASSON GRANDE AMBER BRANDY VS MINI,12,50,5.93,8.90,1,8.90,0.05,0.01
INV-65787500012,2023-12-29T00:00:00.000,2571,HY-VEE FOOD STORE #2 / WATERLOO,2181 LOGAN AVE,WATERLOO,50703,POINT (-92.338871971 42.53021299),,BLACK HAWK,1012200,SCOTCH WHISKIES,260,DIAGEO AMERICAS,5350,JOHNNIE WALKER GREEN,6,750,37.49,56.24,1,56.24,0.75,0.19
INV-65787500013,2023-12-29T00:00:00.000,2571,HY-VEE FOOD STORE #2 / WATERLOO,2181 LOGAN AVE,WATERLOO,50703,POINT (-92.338871971 42.53021299),,BLACK HAWK,1701100,TEMPORARY & SPECIALTY PACKAGES,384,PIEDMONT DISTILLERS INC,68621,MIDNIGHT MOON APPLE PIE MOONSHAKE,6,750,11.50,17.25,6,103.50,4.50,1.18
INV-65787500014,2023-12-29T00:00:00.000,2571,HY-VEE FOOD STORE #2 / WATERLOO,2181 LOGAN AVE,WATERLOO,50703,POINT (-92.338871971 42.53021299),,BLACK HAWK,1701100,TEMPORARY & SPECIALTY PACKAGES,384,PIEDMONT DISTILLERS INC,68623,MIDNIGHT MOON CHOCOLATE BROWNIE MOONSHAKE,6,750,11.50,17.25,6,103.50,4.50,1.18
INV-65787500015,2023-12-29T00:00:00.000,2571,HY-VEE FOOD STORE #2 / WATERLOO,2181 LOGAN AVE,WATERLOO,50703,POINT (-92.338871971 42.53021299),,BLACK HAWK,1701100,TEMPORARY & SPECIALTY PACKAGES,384,PIEDMONT DISTILLERS INC,68625,MIDNIGHT MOON COOKIES & CREAM MOONSHAKE,6,750,11.50,17.25,6,103.50,4.50,1.18
INV-65787500016,2023-12-29T00:00:00.000,2571,HY-VEE FOOD STORE #2 / WATERLOO,2181 LOGAN AVE,WATERLOO,50703,POINT (-92.338871971 42.53021299),,BLACK HAWK,1082200,IMPORTED SCHNAPPS,421,SAZERAC COMPANY  INC,69609,DR MCGILLICUDDYS APPLE PIE MINI,12,50,5.00,7.50,1,7.50,0.05,0.01
INV-65787500017,2023-12-29T00:00:00.000,2571,HY-VEE FOOD STORE #2 / WATERLOO,2181 LOGAN AVE,WATERLOO,50703,POINT (-92.338871971 42.53021299),,BLACK HAWK,1062400,SPICED RUM,380,PHILLIPS BEVERAGE,73199,CORAL ISLE SPICED RUM,6,1750,9.18,13.77,12,165.24,21.00,5.54
INV-65787500018,2023-12-29T00:00:00.000,2571,HY-VEE FOOD STORE #2 / WATERLOO,2181 LOGAN AVE,WATERLOO,50703,POINT (-92.338871971 42.53021299),,BLACK HAWK,1031200,AMERICAN FLAVORED VODKA,826,KNEE-HIGH DISTILLING CO. LLC,76679,CM KNEE-HIGH DISTILLING CO CARAMEL VODKA,12,750,9.00,13.50,3,40.50,2.25,0.59
INV-65787500019,2023-12-29T00:00:00.000,2571,HY-VEE FOOD STORE #2 / WATERLOO,2181 LOGAN AVE,WATERLOO,50703,POINT (-92.338871971 42.53021299),,BLACK HAWK,1081400,AMERICAN SCHNAPPS,421,SAZERAC COMPANY  INC,81124,99 PEPPERMINT MINI,1,50,51.60,77.40,1,77.40,0.05,0.01
INV-65787500020,2023-12-29T00:00:00.000,2571,HY-VEE FOOD STORE #2 / WATERLOO,2181 LOGAN AVE,WATERLOO,50703,POINT (-92.338871971 42.53021299),,BLACK HAWK,1022200,100% AGAVE TEQUILA,240,WILLIAM GRANT & SONS INC,89580,MILAGRO ANEJO,6,750,22.50,33.75,6,202.50,4.50,1.18
INV-65787500021,2023-12-29T00:00:00.000,2571,HY-VEE FOOD STORE #2 / WATERLOO,2181 LOGAN AVE,WATERLOO,50703,POINT (-92.338871971 42.53021299),,BLACK HAWK,1022200,100% AGAVE TEQUILA,240,WILLIAM GRANT & SONS INC,89583,MILAGRO REPOSADO,6,750,17.50,26.25,6,157.50,4.50,1.18
INV-65787600001,2023-12-29T00:00:00.000,2190,"CENTRAL CITY LIQUOR, INC.",1460 2ND AVE,DES MOINES,50314,POINT (-93.620252988 41.605623985),,POLK,1011100,BLENDED WHISKIES,421,SAZERAC COMPANY  INC,24999,TRAVELLER BLENDED NO 40,12,750,20.00,30.00,12,360.00,9.00,2.37
INV-65787700001,2023-12-29T00:00:00.000,4129,CYCLONE LIQUORS,626 LINCOLN WAY,AMES,50010,POINT (-93.618248037 42.021326987),,STORY,1022300,MEZCAL,370,PERNOD RICARD USA,89221,DEL MAGUEY MEZCAL VIDA,6,750,21.48,32.22,6,193.32,4.50,1.18
INV-65787700002,2023-12-29T00:00:00.000,4129,CYCLONE LIQUORS,626 LINCOLN WAY,AMES,50010,POINT (-93.618248037 42.021326987),,STORY,1092100,IMPORTED DISTILLED SPIRITS SPECIALTY,305,MHW LTD,902007,SOOH ST ELIZABETH ALLSPICE DRAM,12,750,16.92,25.38,5,126.90,3.75,0.99
INV-65787800001,2023-12-29T00:00:00.000,3632,WAL-MART 2004 / DUBUQUE,4200 DODGE ST,DUBUQUE,52003,POINT (-90.736294999 42.487460003),,DUBUQUE,1081600,WHISKEY LIQUEUR,421,SAZERAC COMPANY  INC,100423,FIREBALL CINNAMON WHISKEY 100ML CARRIER,8,100,6.00,9.00,8,72.00,0.80,0.21
INV-65787800003,2023-12-29T00:00:00.000,3632,WAL-MART 2004 / DUBUQUE,4200 DODGE ST,DUBUQUE,52003,POINT (-90.736294999 42.487460003),,DUBUQUE,1012100,CANADIAN WHISKIES,260,DIAGEO AMERICAS,10808,CROWN ROYAL REGAL APPLE,12,1000,20.49,30.74,12,368.88,12.00,3.17
INV-65787800004,2023-12-29T00:00:00.000,3632,WAL-MART 2004 / DUBUQUE,4200 DODGE ST,DUBUQUE,52003,POINT (-90.736294999 42.487460003),,DUBUQUE,1012100,CANADIAN WHISKIES,260,DIAGEO AMERICAS,11298,CROWN ROYAL,6,1750,33.99,50.99,6,305.94,10.50,2.77
INV-65787800005,2023-12-29T00:00:00.000,3632,WAL-MART 2004 / DUBUQUE,4200 DODGE ST,DUBUQUE,52003,POINT (-90.736294999 42.487460003),,DUBUQUE,1012100,CANADIAN WHISKIES,259,HEAVEN HILL BRANDS,11776,BLACK VELVET,12,750,5.50,8.25,12,99.00,9.00,2.37
INV-65787800006,2023-12-29T00:00:00.000,3632,WAL-MART 2004 / DUBUQUE,4200 DODGE ST,DUBUQUE,52003,POINT (-90.736294999 42.487460003),,DUBUQUE,1012100,CANADIAN WHISKIES,259,HEAVEN HILL BRANDS,11788,BLACK VELVET,6,1750,11.00,16.50,6,99.00,10.50,2.77
INV-65787800007,2023-12-29T00:00:00.000,3632,WAL-MART 2004 / DUBUQUE,4200 DODGE ST,DUBUQUE,52003,POINT (-90.736294999 42.487460003),,DUBUQUE,1012100,CANADIAN WHISKIES,421,SAZERAC COMPANY  INC,12478,CANADIAN MIST WHISKY PET,6,1750,11.50,17.25,6,103.50,10.50,2.77
INV-65787800009,2023-12-29T00:00:00.000,3632,WAL-MART 2004 / DUBUQUE,4200 DODGE ST,DUBUQUE,52003,POINT (-90.736294999 42.487460003),,DUBUQUE,1012100,CANADIAN WHISKIES,380,PHILLIPS BEVERAGE,14536,REVEL STOKE SMOREGASM TOASTED SMORES WHISKY,12,750,9.50,14.25,12,171.00,9.00,2.37
INV-65787800010,2023-12-29T00:00:00.000,3632,WAL-MART 2004 / DUBUQUE,4200 DODGE ST,DUBUQUE,52003,POINT (-90.736294999 42.487460003),,DUBUQUE,1011200,STRAIGHT BOURBON WHISKIES,065,JIM BEAM BRANDS,16685,BASIL HAYDEN TOAST,6,750,30.00,45.00,6,247.50,4.50,1.18
INV-65787800011,2023-12-29T00:00:00.000,3632,WAL-MART 2004 / DUBUQUE,4200 DODGE ST,DUBUQUE,52003,POINT (-90.736294999 42.487460003),,DUBUQUE,1011200,STRAIGHT BOURBON WHISKIES,978,W J DEUTSCH & SONS LTD,16814,BIB & TUCKER SMALL BATCH BOURBON AGED 6YR,6,750,28.34,42.51,6,255.06,4.50,1.18
INV-65787800012,2023-12-29T00:00:00.000,3632,WAL-MART 2004 / DUBUQUE,4200 DODGE ST,DUBUQUE,52003,POINT (-90.736294999 42.487460003),,DUBUQUE,1011200,STRAIGHT BOURBON WHISKIES,125,CEDAR RIDGE VINEYARDS LL,17206,CEDAR RIDGE BOURBON,6,750,18.67,28.01,6,168.06,4.50,1.18
INV-65787800013,2023-12-29T00:00:00.000,3632,WAL-MART 2004 / DUBUQUE,4200 DODGE ST,DUBUQUE,52003,POINT (-90.736294999 42.487460003),,DUBUQUE,1062400,SPICED RUM,260,DIAGEO AMERICAS,1799,CAPTAIN MORGAN ORIGINAL SPICED BARREL,6,1750,18.99,28.49,6,170.94,10.50,2.77
INV-65787800015,2023-12-29T00:00:00.000,3632,WAL-MART 2004 / DUBUQUE,4200 DODGE ST,DUBUQUE,52003,POINT (-90.736294999 42.487460003),,DUBUQUE,1011200,STRAIGHT BOURBON WHISKIES,065,JIM BEAM BRANDS,19226,KNOB CREEK,6,750,21.00,31.50,6,189.00,4.50,1.18
INV-65787800017,2023-12-29T00:00:00.000,3632,WAL-MART 2004 / DUBUQUE,4200 DODGE ST,DUBUQUE,52003,POINT (-90.736294999 42.487460003),,DUBUQUE,1011200,STRAIGHT BOURBON WHISKIES,619,CAMPARI AMERICA,22158,WILD TURKEY 101,6,1750,27.50,41.25,6,247.50,10.50,2.77
INV-65787800018,2023-12-29T00:00:00.000,3632,WAL-MART 2004 / DUBUQUE,4200 DODGE ST,DUBUQUE,52003,POINT (-90.736294999 42.487460003),,DUBUQUE,1011500,BOTTLED IN BOND BOURBON,619,CAMPARI AMERICA,22199,WILD TURKEY RARE BREED,6,750,25.50,38.25,6,229.50,4.50,1.18
INV-65787800019,2023-12-29T00:00:00.000,3632,WAL-MART 2004 / DUBUQUE,4200 DODGE ST,DUBUQUE,52003,POINT (-90.736294999 42.487460003),,DUBUQUE,1011200,STRAIGHT BOURBON WHISKIES,085,BROWN FORMAN CORP.,22215,WOODFORD RESERVE,12,750,23.50,35.25,12,423.00,9.00,2.37
INV-65787800020,2023-12-29T00:00:00.000,3632,WAL-MART 2004 / DUBUQUE,4200 DODGE ST,DUBUQUE,52003,POINT (-90.736294999 42.487460003),,DUBUQUE,1011100,BLENDED WHISKIES,065,JIM BEAM BRANDS,24458,KESSLER BLEND WHISKEY,6,1750,11.00,16.50,6,99.00,10.50,2.77
INV-65787800021,2023-12-29T00:00:00.000,3632,WAL-MART 2004 / DUBUQUE,4200 DODGE ST,DUBUQUE,52003,POINT (-90.736294999 42.487460003),,DUBUQUE,1011100,BLENDED WHISKIES,260,DIAGEO AMERICAS,27554,SEAGRAMS 7 CROWN DARK HONEY,12,750,7.00,10.50,12,126.00,9.00,2.37
INV-65787800022,2023-12-29T00:00:00.000,3632,WAL-MART 2004 / DUBUQUE,4200 DODGE ST,DUBUQUE,52003,POINT (-90.736294999 42.487460003),,DUBUQUE,1011200,STRAIGHT BOURBON WHISKIES,065,JIM BEAM BRANDS,27604,KNOB CREEK SMOKED MAPLE,6,750,21.00,31.50,6,189.00,4.50,1.18
INV-65787800024,2023-12-29T00:00:00.000,3632,WAL-MART 2004 / DUBUQUE,4200 DODGE ST,DUBUQUE,52003,POINT (-90.736294999 42.487460003),,DUBUQUE,1041100,AMERICAN DRY GINS,205,E & J GALLO WINERY,31475,NEW AMSTERDAM GIN,12,750,9.00,13.50,12,162.00,9.00,2.37
INV-65787800025,2023-12-29T00:00:00.000,3632,WAL-MART 2004 / DUBUQUE,4200 DODGE ST,DUBUQUE,52003,POINT (-90.736294999 42.487460003),,DUBUQUE,1041100,AMERICAN DRY GINS,370,PERNOD RICARD USA,32238,SEAGRAMS EXTRA DRY GIN,6,1750,14.99,22.49,6,134.94,10.50,2.77
INV-65787800026,2023-12-29T00:00:00.000,3632,WAL-MART 2004 / DUBUQUE,4200 DODGE ST,DUBUQUE,52003,POINT (-90.736294999 42.487460003),,DUBUQUE,1032100,IMPORTED VODKAS,260,DIAGEO AMERICAS,34456,KETEL ONE,12,750,11.33,17.00,12,204.00,9.00,2.37
INV-65787800027,2023-12-29T00:00:00.000,3632,WAL-MART 2004 / DUBUQUE,4200 DODGE ST,DUBUQUE,52003,POINT (-90.736294999 42.487460003),,DUBUQUE,1031100,AMERICAN VODKAS,065,JIM BEAM BRANDS,34578,PINNACLE,6,1750,10.00,15.00,6,90.00,10.50,2.77
INV-65787800028,2023-12-29T00:00:00.000,3632,WAL-MART 2004 / DUBUQUE,4200 DODGE ST,DUBUQUE,52003,POINT (-90.736294999 42.487460003),,DUBUQUE,1032200,IMPORTED FLAVORED VODKA,065,JIM BEAM BRANDS,35628,PINNACLE WHIPPED,6,1750,10.00,15.00,6,90.00,10.50,2.77
INV-65787800029,2023-12-29T00:00:00.000,3632,WAL-MART 2004 / DUBUQUE,4200 DODGE ST,DUBUQUE,52003,POINT (-90.736294999 42.487460003),,DUBUQUE,1031100,AMERICAN VODKAS,297,LAIRD & COMPANY,35916,FIVE O'CLOCK VODKA,12,750,3.79,5.69,12,68.28,9.00,2.37
INV-65787800030,2023-12-29T00:00:00.000,3632,WAL-MART 2004 / DUBUQUE,4200 DODGE ST,DUBUQUE,52003,POINT (-90.736294999 42.487460003),,DUBUQUE,1031100,AMERICAN VODKAS,434,LUXCO INC,36306,HAWKEYE VODKA,12,750,3.50,5.25,12,63.00,9.00,2.37
INV-65787800031,2023-12-29T00:00:00.000,3632,WAL-MART 2004 / DUBUQUE,4200 DODGE ST,DUBUQUE,52003,POINT (-90.736294999 42.487460003),,DUBUQUE,1031100,AMERICAN VODKAS,434,LUXCO INC,36308,HAWKEYE VODKA,6,1750,7.50,11.25,6,67.50,10.50,2.77
INV-65787800032,2023-12-29T00:00:00.000,3632,WAL-MART 2004 / DUBUQUE,4200 DODGE ST,DUBUQUE,52003,POINT (-90.736294999 42.487460003),,DUBUQUE,1031100,AMERICAN VODKAS,421,SAZERAC COMPANY  INC,36650,CALIBER VODKA,6,1750,6.92,10.38,12,124.56,21.00,5.54
INV-65787800033,2023-12-29T00:00:00.000,3632,WAL-MART 2004 / DUBUQUE,4200 DODGE ST,DUBUQUE,52003,POINT (-90.736294999 42.487460003),,DUBUQUE,1031100,AMERICAN VODKAS,777,"BLUE OX SPIRITS, INC.",36875,BLUE OX VODKA,6,1750,7.63,11.45,6,68.70,10.50,2.77
INV-65787800034,2023-12-29T00:00:00.000,3632,WAL-MART 2004 / DUBUQUE,4200 DODGE ST,DUBUQUE,52003,POINT (-90.736294999 42.487460003),,DUBUQUE,1031100,AMERICAN VODKAS,260,DIAGEO AMERICAS,37997,SMIRNOFF 80PRF,12,1000,9.25,13.88,12,166.56,12.00,3.17
INV-65787800035,2023-12-29T00:00:00.000,3632,WAL-MART 2004 / DUBUQUE,4200 DODGE ST,DUBUQUE,52003,POINT (-90.736294999 42.487460003),,DUBUQUE,1031100,AMERICAN VODKAS,421,SAZERAC COMPANY  INC,38088,PLATINUM 7X VODKA,6,1750,9.44,14.16,6,84.96,10.50,2.77
INV-65787800036,2023-12-29T00:00:00.000,3632,WAL-MART 2004 / DUBUQUE,4200 DODGE ST,DUBUQUE,52003,POINT (-90.736294999 42.487460003),,DUBUQUE,1031100,AMERICAN VODKAS,301,FIFTH GENERATION INC,38176,TITOS HANDMADE VODKA,12,750,10.00,15.00,12,180.00,9.00,2.37
INV-65787800037,2023-12-29T00:00:00.000,3632,WAL-MART 2004 / DUBUQUE,4200 DODGE ST,DUBUQUE,52003,POINT (-90.736294999 42.487460003),,DUBUQUE,1031100,AMERICAN VODKAS,301,FIFTH GENERATION INC,38177,TITOS HANDMADE VODKA,12,1000,13.17,19.76,12,237.12,12.00,3.17
INV-65787800038,2023-12-29T00:00:00.000,3632,WAL-MART 2004 / DUBUQUE,4200 DODGE ST,DUBUQUE,52003,POINT (-90.736294999 42.487460003),,DUBUQUE,1031100,AMERICAN VODKAS,301,FIFTH GENERATION INC,38178,TITOS HANDMADE VODKA,6,1750,19.00,28.50,18,513.00,31.50,8.32
INV-65787800039,2023-12-29T00:00:00.000,3632,WAL-MART 2004 / DUBUQUE,4200 DODGE ST,DUBUQUE,52003,POINT (-90.736294999 42.487460003),,DUBUQUE,1031200,AMERICAN FLAVORED VODKA,065,JIM BEAM BRANDS,38847,TRULY PINEAPPLE MANGO,12,750,8.50,12.75,12,153.00,9.00,2.37
INV-65787800040,2023-12-29T00:00:00.000,3632,WAL-MART 2004 / DUBUQUE,4200 DODGE ST,DUBUQUE,52003,POINT (-90.736294999 42.487460003),,DUBUQUE,1031200,AMERICAN FLAVORED VODKA,421,SAZERAC COMPANY  INC,39752,CALIBER CITRUS VODKA,12,750,3.31,4.97,12,59.64,9.00,2.37
INV-65787800041,2023-12-29T00:00:00.000,3632,WAL-MART 2004 / DUBUQUE,4200 DODGE ST,DUBUQUE,52003,POINT (-90.736294999 42.487460003),,DUBUQUE,1031200,AMERICAN FLAVORED VODKA,380,PHILLIPS BEVERAGE,41692,UV BLUE RASPBERRY,6,1750,11.50,17.25,6,103.50,10.50,2.77
INV-65787800042,2023-12-29T00:00:00.000,3632,WAL-MART 2004 / DUBUQUE,4200 DODGE ST,DUBUQUE,52003,POINT (-90.736294999 42.487460003),,DUBUQUE,1062500,FLAVORED RUM,370,PERNOD RICARD USA,42716,MALIBU COCONUT,12,750,8.99,13.49,12,161.88,9.00,2.37
INV-65787800043,2023-12-29T00:00:00.000,3632,WAL-MART 2004 / DUBUQUE,4200 DODGE ST,DUBUQUE,52003,POINT (-90.736294999 42.487460003),,DUBUQUE,1062500,FLAVORED RUM,370,PERNOD RICARD USA,42717,MALIBU COCONUT,12,1000,11.99,17.99,12,215.88,12.00,3.17
INV-65787800044,2023-12-29T00:00:00.000,3632,WAL-MART 2004 / DUBUQUE,4200 DODGE ST,DUBUQUE,52003,POINT (-90.736294999 42.487460003),,DUBUQUE,1062300,AGED DARK RUM,035,BACARDI USA INC,43109,BACARDI BLACK,12,750,8.76,13.14,12,157.68,9.00,2.37
INV-65787800046,2023-12-29T00:00:00.000,3632,WAL-MART 2004 / DUBUQUE,4200 DODGE ST,DUBUQUE,52003,POINT (-90.736294999 42.487460003),,DUBUQUE,1062400,SPICED RUM,260,DIAGEO AMERICAS,43336,CAPTAIN MORGAN ORIGINAL SPICED,12,750,9.49,14.24,12,170.88,9.00,2.37
INV-65787800047,2023-12-29T00:00:00.000,3632,WAL-MART 2004 / DUBUQUE,4200 DODGE ST,DUBUQUE,52003,POINT (-90.736294999 42.487460003),,DUBUQUE,1062200,WHITE RUM,421,SAZERAC COMPANY  INC,46142,CALIBER SILVER RUM,6,1750,7.36,11.04,6,66.24,10.50,2.77
INV-65787800049,2023-12-29T00:00:00.000,3632,WAL-MART 2004 / DUBUQUE,4200 DODGE ST,DUBUQUE,52003,POINT (-90.736294999 42.487460003),,DUBUQUE,1071000,COCKTAILS/RTD,395,PROXIMO,59201,1800 ULTIMATE STRAWBERRY MARGARITA PET,6,1750,10.04,15.06,6,90.36,10.50,2.77
INV-65787800050,2023-12-29T00:00:00.000,3632,WAL-MART 2004 / DUBUQUE,4200 DODGE ST,DUBUQUE,52003,POINT (-90.736294999 42.487460003),,DUBUQUE,1071000,COCKTAILS/RTD,370,PERNOD RICARD USA,62061,KAHLUA FROZEN MUDSLIDE,6,1750,7.99,11.99,6,71.94,10.50,2.77
INV-65787800051,2023-12-29T00:00:00.000,3632,WAL-MART 2004 / DUBUQUE,4200 DODGE ST,DUBUQUE,52003,POINT (-90.736294999 42.487460003),,DUBUQUE,1081600,WHISKEY LIQUEUR,421,SAZERAC COMPANY  INC,64866,FIREBALL CINNAMON WHISKEY,12,750,9.00,13.50,12,162.00,9.00,2.37
INV-65787800052,2023-12-29T00:00:00.000,3632,WAL-MART 2004 / DUBUQUE,4200 DODGE ST,DUBUQUE,52003,POINT (-90.736294999 42.487460003),,DUBUQUE,1081600,WHISKEY LIQUEUR,421,SAZERAC COMPANY  INC,65013,FIREBALL CINNAMON WHISKEY MINI SLEEVE,12,50,4.30,6.45,12,77.40,0.60,0.15
INV-65787800053,2023-12-29T00:00:00.000,3632,WAL-MART 2004 / DUBUQUE,4200 DODGE ST,DUBUQUE,52003,POINT (-90.736294999 42.487460003),,DUBUQUE,1012200,SCOTCH WHISKIES,260,DIAGEO AMERICAS,65533,BUCHANANS PINEAPPLE,12,750,20.99,31.49,12,377.88,9.00,2.37
INV-65787800054,2023-12-29T00:00:00.000,3632,WAL-MART 2004 / DUBUQUE,4200 DODGE ST,DUBUQUE,52003,POINT (-90.736294999 42.487460003),,DUBUQUE,1081100,COFFEE LIQUEURS,370,PERNOD RICARD USA,67526,KAHLUA COFFEE,12,750,14.99,22.49,12,269.88,9.00,2.37
INV-65787800056,2023-12-29T00:00:00.000,3632,WAL-MART 2004 / DUBUQUE,4200 DODGE ST,DUBUQUE,52003,POINT (-90.736294999 42.487460003),,DUBUQUE,1082200,IMPORTED SCHNAPPS,421,SAZERAC COMPANY  INC,69636,DR MCGILLICUDDYS CHERRY,12,750,8.89,13.34,12,155.88,9.00,2.37
INV-65787800057,2023-12-29T00:00:00.000,3632,WAL-MART 2004 / DUBUQUE,4200 DODGE ST,DUBUQUE,52003,POINT (-90.736294999 42.487460003),,DUBUQUE,1031200,AMERICAN FLAVORED VODKA,772,INTERCONTINENTAL PACKAGING COMPANY/PRESTIGE BEVERAGE GROUP,75230,KINKY RED,6,750,10.00,15.00,6,90.00,4.50,1.18
INV-65787800058,2023-12-29T00:00:00.000,3632,WAL-MART 2004 / DUBUQUE,4200 DODGE ST,DUBUQUE,52003,POINT (-90.736294999 42.487460003),,DUBUQUE,1031200,AMERICAN FLAVORED VODKA,260,DIAGEO AMERICAS,77683,SMIRNOFF KISSED CARAMEL,12,750,8.25,12.38,12,148.56,9.00,2.37
INV-65787800059,2023-12-29T00:00:00.000,3632,WAL-MART 2004 / DUBUQUE,4200 DODGE ST,DUBUQUE,52003,POINT (-90.736294999 42.487460003),,DUBUQUE,1031200,AMERICAN FLAVORED VODKA,260,DIAGEO AMERICAS,77847,SMIRNOFF VANILLA,12,750,8.25,12.38,12,148.56,9.00,2.37
INV-65787800060,2023-12-29T00:00:00.000,3632,WAL-MART 2004 / DUBUQUE,4200 DODGE ST,DUBUQUE,52003,POINT (-90.736294999 42.487460003),,DUBUQUE,1031200,AMERICAN FLAVORED VODKA,260,DIAGEO AMERICAS,77858,SMIRNOFF WHIPPED CREAM,12,750,8.25,12.38,12,148.56,9.00,2.37
INV-65787800061,2023-12-29T00:00:00.000,3632,WAL-MART 2004 / DUBUQUE,4200 DODGE ST,DUBUQUE,52003,POINT (-90.736294999 42.487460003),,DUBUQUE,1081200,CREAM LIQUEURS,421,SAZERAC COMPANY  INC,80456,RYANS CREAM LIQUEUR,12,750,6.70,10.05,12,120.60,9.00,2.37
INV-65787800062,2023-12-29T00:00:00.000,3632,WAL-MART 2004 / DUBUQUE,4200 DODGE ST,DUBUQUE,52003,POINT (-90.736294999 42.487460003),,DUBUQUE,1012100,CANADIAN WHISKIES,259,HEAVEN HILL BRANDS,86456,BLACK VELVET APPLE,6,1750,11.00,16.50,6,99.00,10.50,2.77
INV-65787800063,2023-12-29T00:00:00.000,3632,WAL-MART 2004 / DUBUQUE,4200 DODGE ST,DUBUQUE,52003,POINT (-90.736294999 42.487460003),,DUBUQUE,1081600,WHISKEY LIQUEUR,421,SAZERAC COMPANY  INC,86888,SOUTHERN COMFORT PET,6,1750,20.26,30.39,6,182.34,10.50,2.77
INV-65787800064,2023-12-29T00:00:00.000,3632,WAL-MART 2004 / DUBUQUE,4200 DODGE ST,DUBUQUE,52003,POINT (-90.736294999 42.487460003),,DUBUQUE,1022200,100% AGAVE TEQUILA,305,MHW LTD,87181,818 REPOSADO TEQUILA,6,750,25.00,37.50,6,247.50,4.50,1.18
INV-65787800065,2023-12-29T00:00:00.000,3632,WAL-MART 2004 / DUBUQUE,4200 DODGE ST,DUBUQUE,52003,POINT (-90.736294999 42.487460003),,DUBUQUE,1022100,MIXTO TEQUILA,395,PROXIMO,87410,JOSE CUERVO ESPECIAL SILVER,6,1750,23.00,34.50,6,207.00,10.50,2.77
INV-65787800066,2023-12-29T00:00:00.000,3632,WAL-MART 2004 / DUBUQUE,4200 DODGE ST,DUBUQUE,52003,POINT (-90.736294999 42.487460003),,DUBUQUE,1012200,SCOTCH WHISKIES,421,SAZERAC COMPANY  INC,8828,LAUDERS,6,1750,11.50,17.25,6,103.50,10.50,2.77
INV-65787800067,2023-12-29T00:00:00.000,3632,WAL-MART 2004 / DUBUQUE,4200 DODGE ST,DUBUQUE,52003,POINT (-90.736294999 42.487460003),,DUBUQUE,1022200,100% AGAVE TEQUILA,065,JIM BEAM BRANDS,88548,HORNITOS PLATA,12,750,15.00,22.50,12,270.00,9.00,2.37
INV-65787900001,2023-12-29T00:00:00.000,2624,HY-VEE #2 / DUBUQUE,2395 NW ARTERIAL RD,DUBUQUE,52002,POINT (-90.744462996 42.516845992),,DUBUQUE,1012200,SCOTCH WHISKIES,065,JIM BEAM BRANDS,905433,HA LAPHROAIG QUARTER CASK,6,750,31.49,47.24,1,47.24,0.75,0.19
INV-65788000001,2023-12-29T00:00:00.000,2624,HY-VEE #2 / DUBUQUE,2395 NW ARTERIAL RD,DUBUQUE,52002,POINT (-90.744462996 42.516845992),,DUBUQUE,1042100,IMPORTED DRY GINS,065,JIM BEAM BRANDS,28718,PINNACLE GIN,6,1750,10.00,15.00,30,450.00,52.50,13.86
INV-65788000002,2023-12-29T00:00:00.000,2624,HY-VEE #2 / DUBUQUE,2395 NW ARTERIAL RD,DUBUQUE,52002,POINT (-90.744462996 42.516845992),,DUBUQUE,1031100,AMERICAN VODKAS,065,JIM BEAM BRANDS,34578,PINNACLE,6,1750,10.00,15.00,120,1800.00,210.00,55.47
INV-65788100001,2023-12-29T00:00:00.000,2624,HY-VEE #2 / DUBUQUE,2395 NW ARTERIAL RD,DUBUQUE,52002,POINT (-90.744462996 42.516845992),,DUBUQUE,1031100,AMERICAN VODKAS,301,FIFTH GENERATION INC,38176,TITOS HANDMADE VODKA,12,750,10.00,15.00,240,3600.00,180.00,47.55
INV-65788200001,2023-12-29T00:00:00.000,2624,HY-VEE #2 / DUBUQUE,2395 NW ARTERIAL RD,DUBUQUE,52002,POINT (-90.744462996 42.516845992),,DUBUQUE,1022200,100% AGAVE TEQUILA,370,PERNOD RICARD USA,88186,OLMECA ALTOS PLATA,6,750,15.99,23.99,96,2303.04,72.00,19.02
INV-65788200002,2023-12-29T00:00:00.000,2624,HY-VEE #2 / DUBUQUE,2395 NW ARTERIAL RD,DUBUQUE,52002,POINT (-90.744462996 42.516845992),,DUBUQUE,1022200,100% AGAVE TEQUILA,370,PERNOD RICARD USA,89610,OLMECA ALTOS REPOSADO,6,750,15.99,23.99,24,575.76,18.00,4.75
INV-65788300001,2023-12-29T00:00:00.000,2624,HY-VEE #2 / DUBUQUE,2395 NW ARTERIAL RD,DUBUQUE,52002,POINT (-90.744462996 42.516845992),,DUBUQUE,1081600,WHISKEY LIQUEUR,421,SAZERAC COMPANY  INC,100413,FIREBALL CINNAMON WHISKEY PARTY BUCKET,1,50,51.60,77.40,1,77.40,0.05,0.01
INV-65788300002,2023-12-29T00:00:00.000,2624,HY-VEE #2 / DUBUQUE,2395 NW ARTERIAL RD,DUBUQUE,52002,POINT (-90.744462996 42.516845992),,DUBUQUE,1012100,CANADIAN WHISKIES,065,JIM BEAM BRANDS,10628,CANADIAN CLUB WHISKY,6,1750,14.50,21.75,6,130.50,10.50,2.77
INV-65788300003,2023-12-29T00:00:00.000,2624,HY-VEE #2 / DUBUQUE,2395 NW ARTERIAL RD,DUBUQUE,52002,POINT (-90.744462996 42.516845992),,DUBUQUE,1012100,CANADIAN WHISKIES,260,DIAGEO AMERICAS,10807,CROWN ROYAL REGAL APPLE,12,750,17.49,26.24,12,314.88,9.00,2.37
INV-65788300004,2023-12-29T00:00:00.000,2624,HY-VEE #2 / DUBUQUE,2395 NW ARTERIAL RD,DUBUQUE,52002,POINT (-90.744462996 42.516845992),,DUBUQUE,1012100,CANADIAN WHISKIES,421,SAZERAC COMPANY  INC,11348,SEAGRAMS VO CANADIAN WHISKEY PET,6,1750,11.49,17.24,6,103.44,10.50,2.77
INV-65788300005,2023-12-29T00:00:00.000,2624,HY-VEE #2 / DUBUQUE,2395 NW ARTERIAL RD,DUBUQUE,52002,POINT (-90.744462996 42.516845992),,DUBUQUE,1012100,CANADIAN WHISKIES,259,HEAVEN HILL BRANDS,11771,BLACK VELVET MINI,8,50,8.87,13.31,2,26.62,0.10,0.02
INV-65788300006,2023-12-29T00:00:00.000,2624,HY-VEE #2 / DUBUQUE,2395 NW ARTERIAL RD,DUBUQUE,52002,POINT (-90.744462996 42.516845992),,DUBUQUE,1012100,CANADIAN WHISKIES,421,SAZERAC COMPANY  INC,12407,CANADIAN LTD WHISKY,12,1000,5.50,8.25,12,99.00,12.00,3.17
INV-65788300007,2023-12-29T00:00:00.000,2624,HY-VEE #2 / DUBUQUE,2395 NW ARTERIAL RD,DUBUQUE,52002,POINT (-90.744462996 42.516845992),,DUBUQUE,1012100,CANADIAN WHISKIES,421,SAZERAC COMPANY  INC,12408,CANADIAN LTD WHISKY,6,1750,10.00,15.00,6,90.00,10.50,2.77
INV-65788300009,2023-12-29T00:00:00.000,2624,HY-VEE #2 / DUBUQUE,2395 NW ARTERIAL RD,DUBUQUE,52002,POINT (-90.744462996 42.516845992),,DUBUQUE,1012400,IRISH WHISKIES,370,PERNOD RICARD USA,15621,JAMESON MINI,12,50,13.20,19.80,3,59.40,0.15,0.03
INV-65788300010,2023-12-29T00:00:00.000,2624,HY-VEE #2 / DUBUQUE,2395 NW ARTERIAL RD,DUBUQUE,52002,POINT (-90.744462996 42.516845992),,DUBUQUE,1012400,IRISH WHISKIES,370,PERNOD RICARD USA,15626,JAMESON,12,750,17.49,26.24,12,314.88,9.00,2.37
INV-65788300011,2023-12-29T00:00:00.000,2624,HY-VEE #2 / DUBUQUE,2395 NW ARTERIAL RD,DUBUQUE,52002,POINT (-90.744462996 42.516845992),,DUBUQUE,1011200,STRAIGHT BOURBON WHISKIES,065,JIM BEAM BRANDS,16676,BASIL HAYDEN 8YR,12,750,22.50,33.75,6,202.50,4.50,1.18
INV-65788300012,2023-12-29T00:00:00.000,2624,HY-VEE #2 / DUBUQUE,2395 NW ARTERIAL RD,DUBUQUE,52002,POINT (-90.744462996 42.516845992),,DUBUQUE,1011200,STRAIGHT BOURBON WHISKIES,260,DIAGEO AMERICAS,17086,BULLEIT BOURBON,12,750,17.99,26.99,12,323.88,9.00,2.37
INV-65788300014,2023-12-29T00:00:00.000,2624,HY-VEE #2 / DUBUQUE,2395 NW ARTERIAL RD,DUBUQUE,52002,POINT (-90.744462996 42.516845992),,DUBUQUE,1011200,STRAIGHT BOURBON WHISKIES,830,KIRIN BEER & SPIRITS OF AMERICA INC / FOUR ROSES DISTILLERY,18348,FOUR ROSES SMALL BATCH,6,750,18.50,27.75,6,166.50,4.50,1.18
INV-65788300015,2023-12-29T00:00:00.000,2624,HY-VEE #2 / DUBUQUE,2395 NW ARTERIAL RD,DUBUQUE,52002,POINT (-90.744462996 42.516845992),,DUBUQUE,1011200,STRAIGHT BOURBON WHISKIES,065,JIM BEAM BRANDS,19067,JIM BEAM,12,1000,13.00,19.50,12,234.00,12.00,3.17
INV-65788300016,2023-12-29T00:00:00.000,2624,HY-VEE #2 / DUBUQUE,2395 NW ARTERIAL RD,DUBUQUE,52002,POINT (-90.744462996 42.516845992),,DUBUQUE,1011200,STRAIGHT BOURBON WHISKIES,065,JIM BEAM BRANDS,19471,MAKERS MARK MINI,10,50,16.80,25.20,3,75.60,0.15,0.03
INV-65788300017,2023-12-29T00:00:00.000,2624,HY-VEE #2 / DUBUQUE,2395 NW ARTERIAL RD,DUBUQUE,52002,POINT (-90.744462996 42.516845992),,DUBUQUE,1011200,STRAIGHT BOURBON WHISKIES,065,JIM BEAM BRANDS,19476,MAKERS MARK,12,750,18.00,27.00,12,324.00,9.00,2.37
INV-65788300018,2023-12-29T00:00:00.000,2624,HY-VEE #2 / DUBUQUE,2395 NW ARTERIAL RD,DUBUQUE,52002,POINT (-90.744462996 42.516845992),,DUBUQUE,1011200,STRAIGHT BOURBON WHISKIES,434,LUXCO INC,21068,PENELOPE FOUR GRAIN STRAIGHT BOURBON,6,750,20.00,30.00,3,90.00,2.25,0.59
INV-65788300019,2023-12-29T00:00:00.000,2624,HY-VEE #2 / DUBUQUE,2395 NW ARTERIAL RD,DUBUQUE,52002,POINT (-90.744462996 42.516845992),,DUBUQUE,1011200,STRAIGHT BOURBON WHISKIES,421,SAZERAC COMPANY  INC,21480,BENCHMARK OLD NO 8,12,750,7.00,10.50,12,126.00,9.00,2.37
INV-65788300021,2023-12-29T00:00:00.000,2624,HY-VEE #2 / DUBUQUE,2395 NW ARTERIAL RD,DUBUQUE,52002,POINT (-90.744462996 42.516845992),,DUBUQUE,1011200,STRAIGHT BOURBON WHISKIES,619,CAMPARI AMERICA,22102,WILD TURKEY LONGBRANCH,6,750,21.50,32.25,6,193.50,4.50,1.18
INV-65788300022,2023-12-29T00:00:00.000,2624,HY-VEE #2 / DUBUQUE,2395 NW ARTERIAL RD,DUBUQUE,52002,POINT (-90.744462996 42.516845992),,DUBUQUE,1011200,STRAIGHT BOURBON WHISKIES,085,BROWN FORMAN CORP.,22214,WOODFORD RESERVE,12,375,11.50,17.25,6,103.50,2.25,0.59
INV-65788300023,2023-12-29T00:00:00.000,2624,HY-VEE #2 / DUBUQUE,2395 NW ARTERIAL RD,DUBUQUE,52002,POINT (-90.744462996 42.516845992),,DUBUQUE,1011200,STRAIGHT BOURBON WHISKIES,085,BROWN FORMAN CORP.,22228,WOODFORD RESERVE DOUBLE OAKED,6,750,32.50,48.75,6,292.50,4.50,1.18
INV-65788300024,2023-12-29T00:00:00.000,2624,HY-VEE #2 / DUBUQUE,2395 NW ARTERIAL RD,DUBUQUE,52002,POINT (-90.744462996 42.516845992),,DUBUQUE,1011100,BLENDED WHISKIES,260,DIAGEO AMERICAS,25608,SEAGRAMS 7 CROWN,6,1750,13.99,20.99,6,125.94,10.50,2.77
INV-65788300026,2023-12-29T00:00:00.000,2624,HY-VEE #2 / DUBUQUE,2395 NW ARTERIAL RD,DUBUQUE,52002,POINT (-90.744462996 42.516845992),,DUBUQUE,1701100,TEMPORARY & SPECIALTY PACKAGES,115,CONSTELLATION BRANDS INC,26104,HIGH WEST LIMITED SUPPLY HIGH COUNTRY AMERICAN SINGLE MALT,6,750,40.00,60.00,2,120.00,1.50,0.39
INV-65788300027,2023-12-29T00:00:00.000,2624,HY-VEE #2 / DUBUQUE,2395 NW ARTERIAL RD,DUBUQUE,52002,POINT (-90.744462996 42.516845992),,DUBUQUE,1011400,TENNESSEE WHISKIES,085,BROWN FORMAN CORP.,26824,JACK DANIELS OLD #7 BLACK LABEL SQUARE,24,375,8.25,12.38,6,74.28,2.25,0.59
INV-65788300028,2023-12-29T00:00:00.000,2624,HY-VEE #2 / DUBUQUE,2395 NW ARTERIAL RD,DUBUQUE,52002,POINT (-90.744462996 42.516845992),,DUBUQUE,1011200,STRAIGHT BOURBON WHISKIES,065,JIM BEAM BRANDS,27408,JIM BEAM HONEY MINI,12,50,7.00,10.50,3,31.50,0.15,0.03
INV-65788300029,2023-12-29T00:00:00.000,2624,HY-VEE #2 / DUBUQUE,2395 NW ARTERIAL RD,DUBUQUE,52002,POINT (-90.744462996 42.516845992),,DUBUQUE,1011200,STRAIGHT BOURBON WHISKIES,065,JIM BEAM BRANDS,28039,JIM BEAM VANILLA MINI,12,50,7.00,10.50,2,21.00,0.10,0.02
INV-65788300030,2023-12-29T00:00:00.000,2624,HY-VEE #2 / DUBUQUE,2395 NW ARTERIAL RD,DUBUQUE,52002,POINT (-90.744462996 42.516845992),,DUBUQUE,1011200,STRAIGHT BOURBON WHISKIES,065,JIM BEAM BRANDS,28275,JIM BEAM PEACH MINI,12,50,7.00,10.50,3,31.50,0.15,0.03
INV-65788300031,2023-12-29T00:00:00.000,2624,HY-VEE #2 / DUBUQUE,2395 NW ARTERIAL RD,DUBUQUE,52002,POINT (-90.744462996 42.516845992),,DUBUQUE,1032100,IMPORTED VODKAS,305,MHW LTD,34244,CHOPIN VODKA,6,750,14.84,22.26,6,133.56,4.50,1.18
INV-65788300033,2023-12-29T00:00:00.000,2624,HY-VEE #2 / DUBUQUE,2395 NW ARTERIAL RD,DUBUQUE,52002,POINT (-90.744462996 42.516845992),,DUBUQUE,1032200,IMPORTED FLAVORED VODKA,065,JIM BEAM BRANDS,35626,PINNACLE WHIPPED,12,750,6.50,9.75,12,117.00,9.00,2.37
INV-65788300034,2023-12-29T00:00:00.000,2624,HY-VEE #2 / DUBUQUE,2395 NW ARTERIAL RD,DUBUQUE,52002,POINT (-90.744462996 42.516845992),,DUBUQUE,1031100,AMERICAN VODKAS,380,PHILLIPS BEVERAGE,37663,ROW VODKA,12,750,6.30,9.45,12,113.40,9.00,2.37
INV-65788300035,2023-12-29T00:00:00.000,2624,HY-VEE #2 / DUBUQUE,2395 NW ARTERIAL RD,DUBUQUE,52002,POINT (-90.744462996 42.516845992),,DUBUQUE,1031100,AMERICAN VODKAS,380,PHILLIPS BEVERAGE,37665,ROW VODKA,6,1750,12.22,18.33,6,109.98,10.50,2.77
INV-65788300036,2023-12-29T00:00:00.000,2624,HY-VEE #2 / DUBUQUE,2395 NW ARTERIAL RD,DUBUQUE,52002,POINT (-90.744462996 42.516845992),,DUBUQUE,1031100,AMERICAN VODKAS,421,SAZERAC COMPANY  INC,38088,PLATINUM 7X VODKA,6,1750,9.44,14.16,6,84.96,10.50,2.77
INV-65788300037,2023-12-29T00:00:00.000,2624,HY-VEE #2 / DUBUQUE,2395 NW ARTERIAL RD,DUBUQUE,52002,POINT (-90.744462996 42.516845992),,DUBUQUE,1031100,AMERICAN VODKAS,301,FIFTH GENERATION INC,38178,TITOS HANDMADE VODKA,6,1750,19.00,28.50,48,1368.00,84.00,22.19
INV-65788300038,2023-12-29T00:00:00.000,2624,HY-VEE #2 / DUBUQUE,2395 NW ARTERIAL RD,DUBUQUE,52002,POINT (-90.744462996 42.516845992),,DUBUQUE,1031100,AMERICAN VODKAS,301,FIFTH GENERATION INC,38179,TITOS HANDMADE VODKA,24,200,3.49,5.24,12,62.88,2.40,0.63
INV-65788300039,2023-12-29T00:00:00.000,2624,HY-VEE #2 / DUBUQUE,2395 NW ARTERIAL RD,DUBUQUE,52002,POINT (-90.744462996 42.516845992),,DUBUQUE,1031100,AMERICAN VODKAS,209,MINHAS MICRO DISTILLERY,38581,WISCONSIN CLUB VODKA,6,1750,8.17,12.26,6,73.56,10.50,2.77
INV-65788300040,2023-12-29T00:00:00.000,2624,HY-VEE #2 / DUBUQUE,2395 NW ARTERIAL RD,DUBUQUE,52002,POINT (-90.744462996 42.516845992),,DUBUQUE,1031200,AMERICAN FLAVORED VODKA,380,PHILLIPS BEVERAGE,39770,UV CAKE MINI,12,50,4.60,6.90,2,13.80,0.10,0.02
INV-65788300041,2023-12-29T00:00:00.000,2624,HY-VEE #2 / DUBUQUE,2395 NW ARTERIAL RD,DUBUQUE,52002,POINT (-90.744462996 42.516845992),,DUBUQUE,1012300,SINGLE MALT SCOTCH,370,PERNOD RICARD USA,4084,ABERLOUR 12YR,6,750,30.48,45.72,6,274.32,4.50,1.18
INV-65788300042,2023-12-29T00:00:00.000,2624,HY-VEE #2 / DUBUQUE,2395 NW ARTERIAL RD,DUBUQUE,52002,POINT (-90.744462996 42.516845992),,DUBUQUE,1031200,AMERICAN FLAVORED VODKA,380,PHILLIPS BEVERAGE,41692,UV BLUE RASPBERRY,6,1750,11.50,17.25,6,103.50,10.50,2.77
INV-65788300043,2023-12-29T00:00:00.000,2624,HY-VEE #2 / DUBUQUE,2395 NW ARTERIAL RD,DUBUQUE,52002,POINT (-90.744462996 42.516845992),,DUBUQUE,1062500,FLAVORED RUM,370,PERNOD RICARD USA,42714,MALIBU COCONUT,24,375,5.49,8.24,3,24.72,1.12,0.29
INV-65788300044,2023-12-29T00:00:00.000,2624,HY-VEE #2 / DUBUQUE,2395 NW ARTERIAL RD,DUBUQUE,52002,POINT (-90.744462996 42.516845992),,DUBUQUE,1062400,SPICED RUM,259,HEAVEN HILL BRANDS,43024,ADMIRAL NELSON SPICED,24,375,3.25,4.88,9,43.92,3.37,0.89
INV-65788300045,2023-12-29T00:00:00.000,2624,HY-VEE #2 / DUBUQUE,2395 NW ARTERIAL RD,DUBUQUE,52002,POINT (-90.744462996 42.516845992),,DUBUQUE,1062100,GOLD RUM,035,BACARDI USA INC,43037,BACARDI GOLD,12,1000,9.50,14.25,12,171.00,12.00,3.17
INV-65788300046,2023-12-29T00:00:00.000,2624,HY-VEE #2 / DUBUQUE,2395 NW ARTERIAL RD,DUBUQUE,52002,POINT (-90.744462996 42.516845992),,DUBUQUE,1062200,WHITE RUM,035,BACARDI USA INC,43121,BACARDI SUPERIOR MINI,12,50,5.54,8.31,3,24.93,0.15,0.03
INV-65788300047,2023-12-29T00:00:00.000,2624,HY-VEE #2 / DUBUQUE,2395 NW ARTERIAL RD,DUBUQUE,52002,POINT (-90.744462996 42.516845992),,DUBUQUE,1062400,SPICED RUM,260,DIAGEO AMERICAS,43331,CAPTAIN MORGAN ORIGINAL SPICED MINI,12,50,4.80,7.20,10,72.00,0.50,0.13
INV-65788300048,2023-12-29T00:00:00.000,2624,HY-VEE #2 / DUBUQUE,2395 NW ARTERIAL RD,DUBUQUE,52002,POINT (-90.744462996 42.516845992),,DUBUQUE,1062400,SPICED RUM,260,DIAGEO AMERICAS,43334,CAPTAIN MORGAN ORIGINAL SPICED,24,375,5.24,7.86,6,47.16,2.25,0.59
INV-65788300049,2023-12-29T00:00:00.000,2624,HY-VEE #2 / DUBUQUE,2395 NW ARTERIAL RD,DUBUQUE,52002,POINT (-90.744462996 42.516845992),,DUBUQUE,1062400,SPICED RUM,260,DIAGEO AMERICAS,43337,CAPTAIN MORGAN ORIGINAL SPICED,12,1000,12.99,19.49,12,233.88,12.00,3.17
INV-65788300050,2023-12-29T00:00:00.000,2624,HY-VEE #2 / DUBUQUE,2395 NW ARTERIAL RD,DUBUQUE,52002,POINT (-90.744462996 42.516845992),,DUBUQUE,1062500,FLAVORED RUM,065,JIM BEAM BRANDS,43848,RONRICO SILVER LABEL RUM,6,1750,7.50,11.25,6,67.50,10.50,2.77
INV-65788300051,2023-12-29T00:00:00.000,2624,HY-VEE #2 / DUBUQUE,2395 NW ARTERIAL RD,DUBUQUE,52002,POINT (-90.744462996 42.516845992),,DUBUQUE,1062400,SPICED RUM,240,WILLIAM GRANT & SONS INC,45886,SAILOR JERRY SPICED NAVY RUM,12,750,10.00,15.00,12,180.00,9.00,2.37
INV-65788300053,2023-12-29T00:00:00.000,2624,HY-VEE #2 / DUBUQUE,2395 NW ARTERIAL RD,DUBUQUE,52002,POINT (-90.744462996 42.516845992),,DUBUQUE,1012200,SCOTCH WHISKIES,260,DIAGEO AMERICAS,5329,JOHNNIE WALKER BLUE,6,750,130.00,195.00,2,390.00,1.50,0.39
INV-65788300054,2023-12-29T00:00:00.000,2624,HY-VEE #2 / DUBUQUE,2395 NW ARTERIAL RD,DUBUQUE,52002,POINT (-90.744462996 42.516845992),,DUBUQUE,1051100,AMERICAN BRANDIES,259,HEAVEN HILL BRANDS,56006,CHRISTIAN BROS PEACH,12,750,6.50,9.75,12,108.00,9.00,2.37
INV-65788300055,2023-12-29T00:00:00.000,2624,HY-VEE #2 / DUBUQUE,2395 NW ARTERIAL RD,DUBUQUE,52002,POINT (-90.744462996 42.516845992),,DUBUQUE,1012200,SCOTCH WHISKIES,240,WILLIAM GRANT & SONS INC,5635,MONKEY SHOULDER,6,750,21.00,31.50,12,378.00,9.00,2.37
INV-65788300056,2023-12-29T00:00:00.000,2624,HY-VEE #2 / DUBUQUE,2395 NW ARTERIAL RD,DUBUQUE,52002,POINT (-90.744462996 42.516845992),,DUBUQUE,1071000,COCKTAILS/RTD,421,SAZERAC COMPANY  INC,57148,CHI-CHI'S MARGARITA,6,1750,6.50,9.75,6,58.50,10.50,2.77
INV-65788300057,2023-12-29T00:00:00.000,2624,HY-VEE #2 / DUBUQUE,2395 NW ARTERIAL RD,DUBUQUE,52002,POINT (-90.744462996 42.516845992),,DUBUQUE,1071000,COCKTAILS/RTD,395,PROXIMO,58835,JOSE CUERVO AUTHENTIC LIME MARGARITA,6,800,4.62,6.93,6,41.58,4.80,1.26
INV-65788300058,2023-12-29T00:00:00.000,2624,HY-VEE #2 / DUBUQUE,2395 NW ARTERIAL RD,DUBUQUE,52002,POINT (-90.744462996 42.516845992),,DUBUQUE,1071000,COCKTAILS/RTD,395,PROXIMO,58838,JOSE CUERVO AUTHENTIC LIME MARGARITA,6,1750,8.74,13.11,6,78.66,10.50,2.77
INV-65788300059,2023-12-29T00:00:00.000,2624,HY-VEE #2 / DUBUQUE,2395 NW ARTERIAL RD,DUBUQUE,52002,POINT (-90.744462996 42.516845992),,DUBUQUE,1071000,COCKTAILS/RTD,395,PROXIMO,58868,JOSE CUERVO AUTHENTIC STRAWBERRY LIME MARGARITA,6,1750,8.74,13.11,6,78.66,10.50,2.77
INV-65788300060,2023-12-29T00:00:00.000,2624,HY-VEE #2 / DUBUQUE,2395 NW ARTERIAL RD,DUBUQUE,52002,POINT (-90.744462996 42.516845992),,DUBUQUE,1062300,AGED DARK RUM,482,"SOVEREIGN BRANDS, LLC",64529,BUMBU RUM,6,750,18.50,27.75,6,166.50,4.50,1.18
INV-65788300061,2023-12-29T00:00:00.000,2624,HY-VEE #2 / DUBUQUE,2395 NW ARTERIAL RD,DUBUQUE,52002,POINT (-90.744462996 42.516845992),,DUBUQUE,1081600,WHISKEY LIQUEUR,421,SAZERAC COMPANY  INC,64858,FIREBALL CINNAMON WHISKEY MINI DISPENSER,1,50,25.80,38.70,2,77.40,0.10,0.02
INV-65788300062,2023-12-29T00:00:00.000,2624,HY-VEE #2 / DUBUQUE,2395 NW ARTERIAL RD,DUBUQUE,52002,POINT (-90.744462996 42.516845992),,DUBUQUE,1081600,WHISKEY LIQUEUR,421,SAZERAC COMPANY  INC,64867,FIREBALL CINNAMON WHISKEY,12,1000,12.00,18.00,12,216.00,12.00,3.17
INV-65788300063,2023-12-29T00:00:00.000,2624,HY-VEE #2 / DUBUQUE,2395 NW ARTERIAL RD,DUBUQUE,52002,POINT (-90.744462996 42.516845992),,DUBUQUE,1082100,IMPORTED CORDIALS & LIQUEURS,240,WILLIAM GRANT & SONS INC,64876,DRAMBUIE LIQUEUR,12,750,24.00,36.00,6,216.00,4.50,1.18
INV-65788300064,2023-12-29T00:00:00.000,2624,HY-VEE #2 / DUBUQUE,2395 NW ARTERIAL RD,DUBUQUE,52002,POINT (-90.744462996 42.516845992),,DUBUQUE,1082100,IMPORTED CORDIALS & LIQUEURS,342,DV SPIRITS LLC,66023,NARANJA ORANGE LIQUEUR,12,750,11.00,16.50,6,99.00,4.50,1.18
INV-65788300065,2023-12-29T00:00:00.000,2624,HY-VEE #2 / DUBUQUE,2395 NW ARTERIAL RD,DUBUQUE,52002,POINT (-90.744462996 42.516845992),,DUBUQUE,1082200,IMPORTED SCHNAPPS,421,SAZERAC COMPANY  INC,69636,DR MCGILLICUDDYS CHERRY,12,750,8.89,13.34,12,155.88,9.00,2.37
INV-65788300067,2023-12-29T00:00:00.000,2624,HY-VEE #2 / DUBUQUE,2395 NW ARTERIAL RD,DUBUQUE,52002,POINT (-90.744462996 42.516845992),,DUBUQUE,1081300,AMERICAN CORDIALS & LIQUEURS,065,JIM BEAM BRANDS,73526,DEKUYPER MELON LIQUEUR,12,750,6.75,10.13,12,121.56,9.00,2.37
INV-65788300068,2023-12-29T00:00:00.000,2624,HY-VEE #2 / DUBUQUE,2395 NW ARTERIAL RD,DUBUQUE,52002,POINT (-90.744462996 42.516845992),,DUBUQUE,1081300,AMERICAN CORDIALS & LIQUEURS,259,HEAVEN HILL BRANDS,73715,EVAN WILLIAMS CHERRY RESERVE,12,750,9.00,13.50,6,81.00,4.50,1.18
INV-65788300069,2023-12-29T00:00:00.000,2624,HY-VEE #2 / DUBUQUE,2395 NW ARTERIAL RD,DUBUQUE,52002,POINT (-90.744462996 42.516845992),,DUBUQUE,1011400,TENNESSEE WHISKIES,085,BROWN FORMAN CORP.,74804,JACK DANIELS TENNESSEE APPLE MINI,12,50,11.50,17.25,2,34.50,0.10,0.02
INV-65788300070,2023-12-29T00:00:00.000,2624,HY-VEE #2 / DUBUQUE,2395 NW ARTERIAL RD,DUBUQUE,52002,POINT (-90.744462996 42.516845992),,DUBUQUE,1092100,IMPORTED DISTILLED SPIRITS SPECIALTY,421,SAZERAC COMPANY  INC,76227,MONTEZUMA BLUE,12,1000,4.66,6.99,24,167.76,24.00,6.34
INV-65788300071,2023-12-29T00:00:00.000,2624,HY-VEE #2 / DUBUQUE,2395 NW ARTERIAL RD,DUBUQUE,52002,POINT (-90.744462996 42.516845992),,DUBUQUE,1011400,TENNESSEE WHISKIES,346,OLE SMOKY DISTILLERY LLC,76502,OLE SMOKY COOKIE DOUGH WHISKEY,6,750,11.00,16.50,6,99.00,4.50,1.18
INV-65788300072,2023-12-29T00:00:00.000,2624,HY-VEE #2 / DUBUQUE,2395 NW ARTERIAL RD,DUBUQUE,52002,POINT (-90.744462996 42.516845992),,DUBUQUE,1091200,NEUTRAL GRAIN SPIRITS,154,DUNKEL CORPORATION / IOWA DISTILLING,77284,ROCKET FUEL,12,750,6.65,9.98,12,119.76,9.00,2.37
INV-65788300073,2023-12-29T00:00:00.000,2624,HY-VEE #2 / DUBUQUE,2395 NW ARTERIAL RD,DUBUQUE,52002,POINT (-90.744462996 42.516845992),,DUBUQUE,1081200,CREAM LIQUEURS,380,PHILLIPS BEVERAGE,77534,TRADER VICS WHITE CHOCOLATE LIQUEUR,6,750,12.34,18.51,6,111.06,4.50,1.18
INV-65788300074,2023-12-29T00:00:00.000,2624,HY-VEE #2 / DUBUQUE,2395 NW ARTERIAL RD,DUBUQUE,52002,POINT (-90.744462996 42.516845992),,DUBUQUE,1031200,AMERICAN FLAVORED VODKA,260,DIAGEO AMERICAS,77683,SMIRNOFF KISSED CARAMEL,12,750,8.25,12.38,12,148.56,9.00,2.37
INV-65788300075,2023-12-29T00:00:00.000,2624,HY-VEE #2 / DUBUQUE,2395 NW ARTERIAL RD,DUBUQUE,52002,POINT (-90.744462996 42.516845992),,DUBUQUE,1081300,AMERICAN CORDIALS & LIQUEURS,619,CAMPARI AMERICA,77776,WILD TURKEY AMERICAN HONEY,12,750,11.50,17.25,12,207.00,9.00,2.37
INV-65788300076,2023-12-29T00:00:00.000,2624,HY-VEE #2 / DUBUQUE,2395 NW ARTERIAL RD,DUBUQUE,52002,POINT (-90.744462996 42.516845992),,DUBUQUE,1031200,AMERICAN FLAVORED VODKA,260,DIAGEO AMERICAS,77847,SMIRNOFF VANILLA,12,750,8.25,12.38,12,148.56,9.00,2.37
INV-65788300078,2023-12-29T00:00:00.000,2624,HY-VEE #2 / DUBUQUE,2395 NW ARTERIAL RD,DUBUQUE,52002,POINT (-90.744462996 42.516845992),,DUBUQUE,1081400,AMERICAN SCHNAPPS,065,JIM BEAM BRANDS,82605,DEKUYPER SOUR APPLE PUCKER PET,12,750,6.75,10.13,12,121.56,9.00,2.37
INV-65788300079,2023-12-29T00:00:00.000,2624,HY-VEE #2 / DUBUQUE,2395 NW ARTERIAL RD,DUBUQUE,52002,POINT (-90.744462996 42.516845992),,DUBUQUE,1081400,AMERICAN SCHNAPPS,065,JIM BEAM BRANDS,82866,DEKUYPER WATERMELON PUCKER,12,750,6.75,10.13,12,121.56,9.00,2.37
INV-65788300080,2023-12-29T00:00:00.000,2624,HY-VEE #2 / DUBUQUE,2395 NW ARTERIAL RD,DUBUQUE,52002,POINT (-90.744462996 42.516845992),,DUBUQUE,1012100,CANADIAN WHISKIES,259,HEAVEN HILL BRANDS,86017,BLACK VELVET PEACH CANADIAN WHISKEY MINI,8,50,8.87,13.31,2,26.62,0.10,0.02
INV-65788300081,2023-12-29T00:00:00.000,2624,HY-VEE #2 / DUBUQUE,2395 NW ARTERIAL RD,DUBUQUE,52002,POINT (-90.744462996 42.516845992),,DUBUQUE,1081500,TRIPLE SEC,065,JIM BEAM BRANDS,86112,DEKUYPER TRIPLE SEC,12,1000,2.33,3.50,12,42.00,12.00,3.17
INV-65788300082,2023-12-29T00:00:00.000,2624,HY-VEE #2 / DUBUQUE,2395 NW ARTERIAL RD,DUBUQUE,52002,POINT (-90.744462996 42.516845992),,DUBUQUE,1081500,TRIPLE SEC,421,SAZERAC COMPANY  INC,86390,MONTEZUMA TRIPLE SEC,12,1000,2.13,3.20,12,38.40,12.00,3.17
INV-65788300083,2023-12-29T00:00:00.000,2624,HY-VEE #2 / DUBUQUE,2395 NW ARTERIAL RD,DUBUQUE,52002,POINT (-90.744462996 42.516845992),,DUBUQUE,1091100,AMERICAN DISTILLED SPIRITS SPECIALTY,370,PERNOD RICARD USA,86439,SKREWBALL PEANUT BUTTER WHISKEY,12,750,14.99,22.49,12,269.88,9.00,2.37
INV-65788300084,2023-12-29T00:00:00.000,2624,HY-VEE #2 / DUBUQUE,2395 NW ARTERIAL RD,DUBUQUE,52002,POINT (-90.744462996 42.516845992),,DUBUQUE,1012100,CANADIAN WHISKIES,259,HEAVEN HILL BRANDS,86454,BLACK VELVET APPLE MINI,8,50,8.87,13.31,2,26.62,0.10,0.02
INV-65788300085,2023-12-29T00:00:00.000,2624,HY-VEE #2 / DUBUQUE,2395 NW ARTERIAL RD,DUBUQUE,52002,POINT (-90.744462996 42.516845992),,DUBUQUE,1011400,TENNESSEE WHISKIES,085,BROWN FORMAN CORP.,86668,JACK DANIELS TENNESSEE HONEY MINI,12,50,11.50,17.25,2,34.50,0.10,0.02
INV-65788300086,2023-12-29T00:00:00.000,2624,HY-VEE #2 / DUBUQUE,2395 NW ARTERIAL RD,DUBUQUE,52002,POINT (-90.744462996 42.516845992),,DUBUQUE,1011400,TENNESSEE WHISKIES,085,BROWN FORMAN CORP.,86670,JACK DANIELS TENNESSEE HONEY,12,750,15.91,23.87,12,286.44,9.00,2.37
INV-65788300087,2023-12-29T00:00:00.000,2624,HY-VEE #2 / DUBUQUE,2395 NW ARTERIAL RD,DUBUQUE,52002,POINT (-90.744462996 42.516845992),,DUBUQUE,1011400,TENNESSEE WHISKIES,085,BROWN FORMAN CORP.,86691,JACK DANIELS TENNESSEE FIRE MINI,12,50,11.50,17.25,2,34.50,0.10,0.02
INV-65788300088,2023-12-29T00:00:00.000,2624,HY-VEE #2 / DUBUQUE,2395 NW ARTERIAL RD,DUBUQUE,52002,POINT (-90.744462996 42.516845992),,DUBUQUE,1081600,WHISKEY LIQUEUR,421,SAZERAC COMPANY  INC,86881,SOUTHERN COMFORT MINI,10,50,5.16,7.74,5,38.70,0.25,0.06
INV-65788300089,2023-12-29T00:00:00.000,2624,HY-VEE #2 / DUBUQUE,2395 NW ARTERIAL RD,DUBUQUE,52002,POINT (-90.744462996 42.516845992),,DUBUQUE,1081600,WHISKEY LIQUEUR,421,SAZERAC COMPANY  INC,86885,SOUTHERN COMFORT PET,12,750,10.33,15.50,12,186.00,9.00,2.37
INV-65788300090,2023-12-29T00:00:00.000,2624,HY-VEE #2 / DUBUQUE,2395 NW ARTERIAL RD,DUBUQUE,52002,POINT (-90.744462996 42.516845992),,DUBUQUE,1081600,WHISKEY LIQUEUR,421,SAZERAC COMPANY  INC,86887,SOUTHERN COMFORT,12,1000,12.97,19.46,12,233.52,12.00,3.17
INV-65788300091,2023-12-29T00:00:00.000,2624,HY-VEE #2 / DUBUQUE,2395 NW ARTERIAL RD,DUBUQUE,52002,POINT (-90.744462996 42.516845992),,DUBUQUE,1011100,BLENDED WHISKIES,370,PERNOD RICARD USA,87035,SKREWBALL PEANUT BUTTER WHISKEY MINI,12,50,14.00,21.00,3,63.00,0.15,0.03
INV-65788300092,2023-12-29T00:00:00.000,2624,HY-VEE #2 / DUBUQUE,2395 NW ARTERIAL RD,DUBUQUE,52002,POINT (-90.744462996 42.516845992),,DUBUQUE,1022200,100% AGAVE TEQUILA,260,DIAGEO AMERICAS,87280,CASAMIGOS BLANCO,6,750,28.49,42.74,6,256.44,4.50,1.18
INV-65788300093,2023-12-29T00:00:00.000,2624,HY-VEE #2 / DUBUQUE,2395 NW ARTERIAL RD,DUBUQUE,52002,POINT (-90.744462996 42.516845992),,DUBUQUE,1022100,MIXTO TEQUILA,395,PROXIMO,87403,JOSE CUERVO ESPECIAL SILVER,24,375,6.53,9.80,3,29.40,1.12,0.29
INV-65788300094,2023-12-29T00:00:00.000,2624,HY-VEE #2 / DUBUQUE,2395 NW ARTERIAL RD,DUBUQUE,52002,POINT (-90.744462996 42.516845992),,DUBUQUE,1022100,MIXTO TEQUILA,395,PROXIMO,87408,JOSE CUERVO ESPECIAL SILVER,12,750,12.00,18.00,12,216.00,9.00,2.37
INV-65788300095,2023-12-29T00:00:00.000,2624,HY-VEE #2 / DUBUQUE,2395 NW ARTERIAL RD,DUBUQUE,52002,POINT (-90.744462996 42.516845992),,DUBUQUE,1022200,100% AGAVE TEQUILA,395,PROXIMO,87510,1800 SILVER,12,750,16.50,24.75,12,297.00,9.00,2.37
INV-65788300096,2023-12-29T00:00:00.000,2624,HY-VEE #2 / DUBUQUE,2395 NW ARTERIAL RD,DUBUQUE,52002,POINT (-90.744462996 42.516845992),,DUBUQUE,1022200,100% AGAVE TEQUILA,035,BACARDI USA INC,88285,PATRON SILVER 100ML,12,100,5.82,8.73,3,26.19,0.30,0.07
INV-65788300097,2023-12-29T00:00:00.000,2624,HY-VEE #2 / DUBUQUE,2395 NW ARTERIAL RD,DUBUQUE,52002,POINT (-90.744462996 42.516845992),,DUBUQUE,1022200,100% AGAVE TEQUILA,035,BACARDI USA INC,88294,PATRON SILVER,12,375,15.00,22.50,2,45.00,0.75,0.19
INV-65788300098,2023-12-29T00:00:00.000,2624,HY-VEE #2 / DUBUQUE,2395 NW ARTERIAL RD,DUBUQUE,52002,POINT (-90.744462996 42.516845992),,DUBUQUE,1022200,100% AGAVE TEQUILA,192,"MAST-JAGERMEISTER US, INC",88371,TEREMANA BLANCO TEQUILA,6,750,15.91,23.87,12,286.44,9.00,2.37
INV-65788300099,2023-12-29T00:00:00.000,2624,HY-VEE #2 / DUBUQUE,2395 NW ARTERIAL RD,DUBUQUE,52002,POINT (-90.744462996 42.516845992),,DUBUQUE,1022100,MIXTO TEQUILA,395,PROXIMO,89196,JOSE CUERVO ESPECIAL REPOSADO,12,750,12.00,18.00,12,216.00,9.00,2.37
INV-65788300100,2023-12-29T00:00:00.000,2624,HY-VEE #2 / DUBUQUE,2395 NW ARTERIAL RD,DUBUQUE,52002,POINT (-90.744462996 42.516845992),,DUBUQUE,1022100,MIXTO TEQUILA,395,PROXIMO,89199,JOSE CUERVO ESPECIAL REPOSADO SQUARE,12,375,6.53,9.80,3,29.40,1.12,0.29
INV-65788300101,2023-12-29T00:00:00.000,2624,HY-VEE #2 / DUBUQUE,2395 NW ARTERIAL RD,DUBUQUE,52002,POINT (-90.744462996 42.516845992),,DUBUQUE,1022100,MIXTO TEQUILA,421,SAZERAC COMPANY  INC,89577,MONTEZUMA GOLD,12,1000,7.50,11.25,36,405.00,36.00,9.51
INV-65788300102,2023-12-29T00:00:00.000,2624,HY-VEE #2 / DUBUQUE,2395 NW ARTERIAL RD,DUBUQUE,52002,POINT (-90.744462996 42.516845992),,DUBUQUE,1022200,100% AGAVE TEQUILA,035,BACARDI USA INC,89646,PATRON ANEJO,12,750,31.50,47.25,4,189.00,3.00,0.79
INV-65788400001,2023-12-29T00:00:00.000,3944,SAM'S CLUB 4973 / DUBUQUE,4400 ASBURY RD,DUBUQUE,52002,POINT (-90.738215042 42.517663018),,DUBUQUE,1011200,STRAIGHT BOURBON WHISKIES,421,SAZERAC COMPANY  INC,21236,1792 SMALL BATCH,6,750,16.00,24.00,24,576.00,18.00,4.75
INV-65788500001,2023-12-29T00:00:00.000,3944,SAM'S CLUB 4973 / DUBUQUE,4400 ASBURY RD,DUBUQUE,52002,POINT (-90.738215042 42.517663018),,DUBUQUE,1012100,CANADIAN WHISKIES,065,JIM BEAM BRANDS,10627,CANADIAN CLUB WHISKY,12,1000,9.71,14.57,12,174.84,12.00,3.17
INV-65788500002,2023-12-29T00:00:00.000,3944,SAM'S CLUB 4973 / DUBUQUE,4400 ASBURY RD,DUBUQUE,52002,POINT (-90.738215042 42.517663018),,DUBUQUE,1012100,CANADIAN WHISKIES,260,DIAGEO AMERICAS,10777,CROWN ROYAL PEACH,12,1000,20.49,30.74,12,368.88,12.00,3.17
INV-65788500003,2023-12-29T00:00:00.000,3944,SAM'S CLUB 4973 / DUBUQUE,4400 ASBURY RD,DUBUQUE,52002,POINT (-90.738215042 42.517663018),,DUBUQUE,1012100,CANADIAN WHISKIES,260,DIAGEO AMERICAS,10808,CROWN ROYAL REGAL APPLE,12,1000,20.49,30.74,24,737.76,24.00,6.34
INV-65788500004,2023-12-29T00:00:00.000,3944,SAM'S CLUB 4973 / DUBUQUE,4400 ASBURY RD,DUBUQUE,52002,POINT (-90.738215042 42.517663018),,DUBUQUE,1012100,CANADIAN WHISKIES,260,DIAGEO AMERICAS,11297,CROWN ROYAL,12,1000,20.49,30.74,12,368.88,12.00,3.17
INV-65788500005,2023-12-29T00:00:00.000,3944,SAM'S CLUB 4973 / DUBUQUE,4400 ASBURY RD,DUBUQUE,52002,POINT (-90.738215042 42.517663018),,DUBUQUE,1012100,CANADIAN WHISKIES,259,HEAVEN HILL BRANDS,11777,BLACK VELVET,12,1000,7.00,10.50,24,252.00,24.00,6.34
INV-65788500006,2023-12-29T00:00:00.000,3944,SAM'S CLUB 4973 / DUBUQUE,4400 ASBURY RD,DUBUQUE,52002,POINT (-90.738215042 42.517663018),,DUBUQUE,1011200,STRAIGHT BOURBON WHISKIES,260,DIAGEO AMERICAS,17086,BULLEIT BOURBON,12,750,17.99,26.99,12,323.88,9.00,2.37
INV-65788500007,2023-12-29T00:00:00.000,3944,SAM'S CLUB 4973 / DUBUQUE,4400 ASBURY RD,DUBUQUE,52002,POINT (-90.738215042 42.517663018),,DUBUQUE,1011200,STRAIGHT BOURBON WHISKIES,830,KIRIN BEER & SPIRITS OF AMERICA INC / FOUR ROSES DISTILLERY,18348,FOUR ROSES SMALL BATCH,6,750,18.50,27.75,6,166.50,4.50,1.18
INV-65788500008,2023-12-29T00:00:00.000,3944,SAM'S CLUB 4973 / DUBUQUE,4400 ASBURY RD,DUBUQUE,52002,POINT (-90.738215042 42.517663018),,DUBUQUE,1011200,STRAIGHT BOURBON WHISKIES,065,JIM BEAM BRANDS,19067,JIM BEAM,12,1000,13.00,19.50,12,234.00,12.00,3.17
INV-65788500009,2023-12-29T00:00:00.000,3944,SAM'S CLUB 4973 / DUBUQUE,4400 ASBURY RD,DUBUQUE,52002,POINT (-90.738215042 42.517663018),,DUBUQUE,1011200,STRAIGHT BOURBON WHISKIES,065,JIM BEAM BRANDS,19477,MAKERS MARK,12,1000,22.50,33.75,12,405.00,12.00,3.17
INV-65788500010,2023-12-29T00:00:00.000,3944,SAM'S CLUB 4973 / DUBUQUE,4400 ASBURY RD,DUBUQUE,52002,POINT (-90.738215042 42.517663018),,DUBUQUE,1011200,STRAIGHT BOURBON WHISKIES,619,CAMPARI AMERICA,22157,WILD TURKEY 101,12,1000,18.50,27.75,24,666.00,24.00,6.34
INV-65788500011,2023-12-29T00:00:00.000,3944,SAM'S CLUB 4973 / DUBUQUE,4400 ASBURY RD,DUBUQUE,52002,POINT (-90.738215042 42.517663018),,DUBUQUE,1011100,BLENDED WHISKIES,065,JIM BEAM BRANDS,24457,KESSLER BLEND WHISKEY,12,1000,7.17,10.76,12,129.12,12.00,3.17
INV-65788500012,2023-12-29T00:00:00.000,3944,SAM'S CLUB 4973 / DUBUQUE,4400 ASBURY RD,DUBUQUE,52002,POINT (-90.738215042 42.517663018),,DUBUQUE,1011100,BLENDED WHISKIES,260,DIAGEO AMERICAS,25608,SEAGRAMS 7 CROWN,6,1750,13.99,20.99,6,125.94,10.50,2.77
INV-65788500013,2023-12-29T00:00:00.000,3944,SAM'S CLUB 4973 / DUBUQUE,4400 ASBURY RD,DUBUQUE,52002,POINT (-90.738215042 42.517663018),,DUBUQUE,1032100,IMPORTED VODKAS,035,BACARDI USA INC,34422,GREY GOOSE,6,1000,19.00,28.50,18,513.00,18.00,4.75
INV-65788500014,2023-12-29T00:00:00.000,3944,SAM'S CLUB 4973 / DUBUQUE,4400 ASBURY RD,DUBUQUE,52002,POINT (-90.738215042 42.517663018),,DUBUQUE,1032100,IMPORTED VODKAS,035,BACARDI USA INC,34425,GREY GOOSE,6,1750,27.00,40.50,6,243.00,10.50,2.77
INV-65788500015,2023-12-29T00:00:00.000,3944,SAM'S CLUB 4973 / DUBUQUE,4400 ASBURY RD,DUBUQUE,52002,POINT (-90.738215042 42.517663018),,DUBUQUE,1031100,AMERICAN VODKAS,297,LAIRD & COMPANY,35917,FIVE O'CLOCK VODKA,12,1000,4.66,6.99,12,83.88,12.00,3.17
INV-65788500016,2023-12-29T00:00:00.000,3944,SAM'S CLUB 4973 / DUBUQUE,4400 ASBURY RD,DUBUQUE,52002,POINT (-90.738215042 42.517663018),,DUBUQUE,1031200,AMERICAN FLAVORED VODKA,380,PHILLIPS BEVERAGE,41694,UV BLUE RASPBERRY,12,1000,7.50,11.25,12,135.00,12.00,3.17
INV-65788500017,2023-12-29T00:00:00.000,3944,SAM'S CLUB 4973 / DUBUQUE,4400 ASBURY RD,DUBUQUE,52002,POINT (-90.738215042 42.517663018),,DUBUQUE,1062200,WHITE RUM,035,BACARDI USA INC,43127,BACARDI SUPERIOR,12,1000,9.50,14.25,12,171.00,12.00,3.17
INV-65788500018,2023-12-29T00:00:00.000,3944,SAM'S CLUB 4973 / DUBUQUE,4400 ASBURY RD,DUBUQUE,52002,POINT (-90.738215042 42.517663018),,DUBUQUE,1062500,FLAVORED RUM,035,BACARDI USA INC,43137,BACARDI LIMON,12,1000,9.50,14.25,12,171.00,12.00,3.17
INV-65788500019,2023-12-29T00:00:00.000,3944,SAM'S CLUB 4973 / DUBUQUE,4400 ASBURY RD,DUBUQUE,52002,POINT (-90.738215042 42.517663018),,DUBUQUE,1062200,WHITE RUM,434,LUXCO INC,45277,PARAMOUNT WHITE RUM,12,1000,4.75,7.13,12,85.56,12.00,3.17
INV-65788500020,2023-12-29T00:00:00.000,3944,SAM'S CLUB 4973 / DUBUQUE,4400 ASBURY RD,DUBUQUE,52002,POINT (-90.738215042 42.517663018),,DUBUQUE,1052100,IMPORTED BRANDIES,420,MOET HENNESSY USA,48107,HENNESSY VS,12,1000,27.49,41.24,12,494.88,12.00,3.17
INV-65788500023,2023-12-29T00:00:00.000,3944,SAM'S CLUB 4973 / DUBUQUE,4400 ASBURY RD,DUBUQUE,52002,POINT (-90.738215042 42.517663018),,DUBUQUE,1082100,IMPORTED CORDIALS & LIQUEURS,192,"MAST-JAGERMEISTER US, INC",65257,JAGERMEISTER LIQUEUR,12,1000,17.42,26.13,12,313.56,12.00,3.17
INV-65788500024,2023-12-29T00:00:00.000,3944,SAM'S CLUB 4973 / DUBUQUE,4400 ASBURY RD,DUBUQUE,52002,POINT (-90.738215042 42.517663018),,DUBUQUE,1081200,CREAM LIQUEURS,259,HEAVEN HILL BRANDS,68127,CAROLANS IRISH CREAM,12,1000,12.50,18.75,12,225.00,12.00,3.17
INV-65788500025,2023-12-29T00:00:00.000,3944,SAM'S CLUB 4973 / DUBUQUE,4400 ASBURY RD,DUBUQUE,52002,POINT (-90.738215042 42.517663018),,DUBUQUE,1081300,AMERICAN CORDIALS & LIQUEURS,434,LUXCO INC,76487,PARAMOUNT AMARETTO,12,1000,4.30,6.45,12,77.40,12.00,3.17
INV-65788500026,2023-12-29T00:00:00.000,3944,SAM'S CLUB 4973 / DUBUQUE,4400 ASBURY RD,DUBUQUE,52002,POINT (-90.738215042 42.517663018),,DUBUQUE,1081400,AMERICAN SCHNAPPS,434,LUXCO INC,80577,ARROW PEPPERMINT SCHNAPPS,12,1000,4.25,6.38,12,76.56,12.00,3.17
INV-65788500027,2023-12-29T00:00:00.000,3944,SAM'S CLUB 4973 / DUBUQUE,4400 ASBURY RD,DUBUQUE,52002,POINT (-90.738215042 42.517663018),,DUBUQUE,1011100,BLENDED WHISKIES,370,PERNOD RICARD USA,87050,SKREWBALL PEANUT BUTTER WHISKEY,6,1000,18.98,28.47,12,341.64,12.00,3.17
INV-65788500028,2023-12-29T00:00:00.000,3944,SAM'S CLUB 4973 / DUBUQUE,4400 ASBURY RD,DUBUQUE,52002,POINT (-90.738215042 42.517663018),,DUBUQUE,1022200,100% AGAVE TEQUILA,472,"TEQUILAS PREMIUM, INC",88741,CLASE AZUL REPOSADO,6,750,96.67,145.01,1,145.01,0.75,0.19
INV-65788600002,2023-12-29T00:00:00.000,3944,SAM'S CLUB 4973 / DUBUQUE,4400 ASBURY RD,DUBUQUE,52002,POINT (-90.738215042 42.517663018),,DUBUQUE,1082100,IMPORTED CORDIALS & LIQUEURS,260,DIAGEO AMERICAS,67900,BAILEYS CHOCOLATE,12,750,16.49,24.74,48,1187.52,36.00,9.51
INV-65788700001,2023-12-29T00:00:00.000,3944,SAM'S CLUB 4973 / DUBUQUE,4400 ASBURY RD,DUBUQUE,52002,POINT (-90.738215042 42.517663018),,DUBUQUE,1011200,STRAIGHT BOURBON WHISKIES,421,SAZERAC COMPANY  INC,21236,1792 SMALL BATCH,6,750,16.00,24.00,30,720.00,22.50,5.94
INV-65788800001,2023-12-29T00:00:00.000,4334,FAREWAY STORES #114 / DUBUQUE,2050 JOHN F KENNEDY RD,DUBUQUE,52001,POINT (-90.719278981 42.507567016),,DUBUQUE,1012200,SCOTCH WHISKIES,065,JIM BEAM BRANDS,905433,HA LAPHROAIG QUARTER CASK,6,750,31.49,47.24,1,47.24,0.75,0.19
INV-65788900001,2023-12-29T00:00:00.000,4334,FAREWAY STORES #114 / DUBUQUE,2050 JOHN F KENNEDY RD,DUBUQUE,52001,POINT (-90.719278981 42.507567016),,DUBUQUE,1012100,CANADIAN WHISKIES,065,JIM BEAM BRANDS,10628,CANADIAN CLUB WHISKY,6,1750,14.50,21.75,1,21.75,1.75,0.46
INV-65788900002,2023-12-29T00:00:00.000,4334,FAREWAY STORES #114 / DUBUQUE,2050 JOHN F KENNEDY RD,DUBUQUE,52001,POINT (-90.719278981 42.507567016),,DUBUQUE,1012400,IRISH WHISKIES,240,WILLIAM GRANT & SONS INC,15940,TULLAMORE DEW,12,750,17.50,26.25,8,210.00,6.00,1.58
INV-65788900003,2023-12-29T00:00:00.000,4334,FAREWAY STORES #114 / DUBUQUE,2050 JOHN F KENNEDY RD,DUBUQUE,52001,POINT (-90.719278981 42.507567016),,DUBUQUE,1701100,TEMPORARY & SPECIALTY PACKAGES,065,JIM BEAM BRANDS,16580,BAKERS 7YR,6,750,35.00,52.50,18,810.00,13.50,3.56
INV-65788900004,2023-12-29T00:00:00.000,4334,FAREWAY STORES #114 / DUBUQUE,2050 JOHN F KENNEDY RD,DUBUQUE,52001,POINT (-90.719278981 42.507567016),,DUBUQUE,1011200,STRAIGHT BOURBON WHISKIES,125,CEDAR RIDGE VINEYARDS LL,17206,CEDAR RIDGE BOURBON,6,750,18.67,28.01,6,168.06,4.50,1.18
INV-65788900005,2023-12-29T00:00:00.000,4334,FAREWAY STORES #114 / DUBUQUE,2050 JOHN F KENNEDY RD,DUBUQUE,52001,POINT (-90.719278981 42.507567016),,DUBUQUE,1701100,TEMPORARY & SPECIALTY PACKAGES,421,SAZERAC COMPANY  INC,21228,1792 FULL PROOF,6,750,25.00,37.50,1,37.50,0.75,0.19
INV-65788900006,2023-12-29T00:00:00.000,4334,FAREWAY STORES #114 / DUBUQUE,2050 JOHN F KENNEDY RD,DUBUQUE,52001,POINT (-90.719278981 42.507567016),,DUBUQUE,1011100,BLENDED WHISKIES,065,JIM BEAM BRANDS,24457,KESSLER BLEND WHISKEY,12,1000,7.17,10.76,2,21.52,2.00,0.52
INV-65788900007,2023-12-29T00:00:00.000,4334,FAREWAY STORES #114 / DUBUQUE,2050 JOHN F KENNEDY RD,DUBUQUE,52001,POINT (-90.719278981 42.507567016),,DUBUQUE,1011100,BLENDED WHISKIES,421,SAZERAC COMPANY  INC,24999,TRAVELLER BLENDED NO 40,12,750,20.00,30.00,24,720.00,18.00,4.75
INV-65788900008,2023-12-29T00:00:00.000,4334,FAREWAY STORES #114 / DUBUQUE,2050 JOHN F KENNEDY RD,DUBUQUE,52001,POINT (-90.719278981 42.507567016),,DUBUQUE,1011100,BLENDED WHISKIES,260,DIAGEO AMERICAS,25601,SEAGRAMS 7 CROWN MINI,12,50,6.17,9.26,2,18.52,0.10,0.02
INV-65788900009,2023-12-29T00:00:00.000,4334,FAREWAY STORES #114 / DUBUQUE,2050 JOHN F KENNEDY RD,DUBUQUE,52001,POINT (-90.719278981 42.507567016),,DUBUQUE,1011100,BLENDED WHISKIES,260,DIAGEO AMERICAS,25608,SEAGRAMS 7 CROWN,6,1750,13.99,20.99,6,125.94,10.50,2.77
INV-65788900010,2023-12-29T00:00:00.000,4334,FAREWAY STORES #114 / DUBUQUE,2050 JOHN F KENNEDY RD,DUBUQUE,52001,POINT (-90.719278981 42.507567016),,DUBUQUE,1011100,BLENDED WHISKIES,420,MOET HENNESSY USA,26974,WOODINVILLE PORT FINISHED BOURBON,12,750,24.99,37.49,12,449.88,9.00,2.37
INV-65788900011,2023-12-29T00:00:00.000,4334,FAREWAY STORES #114 / DUBUQUE,2050 JOHN F KENNEDY RD,DUBUQUE,52001,POINT (-90.719278981 42.507567016),,DUBUQUE,1032100,IMPORTED VODKAS,420,MOET HENNESSY USA,33420,BELVEDERE PURE,6,750,16.49,24.74,4,98.96,3.00,0.79
INV-65788900012,2023-12-29T00:00:00.000,4334,FAREWAY STORES #114 / DUBUQUE,2050 JOHN F KENNEDY RD,DUBUQUE,52001,POINT (-90.719278981 42.507567016),,DUBUQUE,1032100,IMPORTED VODKAS,370,PERNOD RICARD USA,34008,ABSOLUT SWEDISH VODKA 80PRF,6,1750,19.99,29.99,6,179.94,10.50,2.77
INV-65788900013,2023-12-29T00:00:00.000,4334,FAREWAY STORES #114 / DUBUQUE,2050 JOHN F KENNEDY RD,DUBUQUE,52001,POINT (-90.719278981 42.507567016),,DUBUQUE,1032100,IMPORTED VODKAS,035,BACARDI USA INC,34425,GREY GOOSE,6,1750,27.00,40.50,6,243.00,10.50,2.77
INV-65788900014,2023-12-29T00:00:00.000,4334,FAREWAY STORES #114 / DUBUQUE,2050 JOHN F KENNEDY RD,DUBUQUE,52001,POINT (-90.719278981 42.507567016),,DUBUQUE,1032100,IMPORTED VODKAS,421,SAZERAC COMPANY  INC,34690,SOBIESKI,12,750,7.25,10.88,3,32.64,2.25,0.59
INV-65788900015,2023-12-29T00:00:00.000,4334,FAREWAY STORES #114 / DUBUQUE,2050 JOHN F KENNEDY RD,DUBUQUE,52001,POINT (-90.719278981 42.507567016),,DUBUQUE,1031100,AMERICAN VODKAS,421,SAZERAC COMPANY  INC,35776,BARTON VODKA MINI,10,50,3.92,5.88,2,11.76,0.10,0.02
INV-65788900016,2023-12-29T00:00:00.000,4334,FAREWAY STORES #114 / DUBUQUE,2050 JOHN F KENNEDY RD,DUBUQUE,52001,POINT (-90.719278981 42.507567016),,DUBUQUE,1031100,AMERICAN VODKAS,301,FIFTH GENERATION INC,38177,TITOS HANDMADE VODKA,12,1000,13.17,19.76,12,237.12,12.00,3.17
INV-65788900017,2023-12-29T00:00:00.000,4334,FAREWAY STORES #114 / DUBUQUE,2050 JOHN F KENNEDY RD,DUBUQUE,52001,POINT (-90.719278981 42.507567016),,DUBUQUE,1062400,SPICED RUM,259,HEAVEN HILL BRANDS,43026,ADMIRAL NELSON SPICED,12,750,6.50,9.75,6,58.50,4.50,1.18
INV-65788900018,2023-12-29T00:00:00.000,4334,FAREWAY STORES #114 / DUBUQUE,2050 JOHN F KENNEDY RD,DUBUQUE,52001,POINT (-90.719278981 42.507567016),,DUBUQUE,1062200,WHITE RUM,035,BACARDI USA INC,43121,BACARDI SUPERIOR MINI,12,50,5.54,8.31,1,8.31,0.05,0.01
INV-65788900019,2023-12-29T00:00:00.000,4334,FAREWAY STORES #114 / DUBUQUE,2050 JOHN F KENNEDY RD,DUBUQUE,52001,POINT (-90.719278981 42.507567016),,DUBUQUE,1012300,SINGLE MALT SCOTCH,240,WILLIAM GRANT & SONS INC,4356,BALVENIE 12YR DOUBLEWOOD,12,750,40.00,60.00,2,120.00,1.50,0.39
INV-65788900020,2023-12-29T00:00:00.000,4334,FAREWAY STORES #114 / DUBUQUE,2050 JOHN F KENNEDY RD,DUBUQUE,52001,POINT (-90.719278981 42.507567016),,DUBUQUE,1062100,GOLD RUM,434,LUXCO INC,45245,PARAMOUNT GOLD RUM PET,12,750,4.25,6.38,3,19.14,2.25,0.59
INV-65788900021,2023-12-29T00:00:00.000,4334,FAREWAY STORES #114 / DUBUQUE,2050 JOHN F KENNEDY RD,DUBUQUE,52001,POINT (-90.719278981 42.507567016),,DUBUQUE,1062100,GOLD RUM,434,LUXCO INC,45248,PARAMOUNT GOLD RUM,6,1750,8.00,12.00,6,72.00,10.50,2.77
INV-65788900022,2023-12-29T00:00:00.000,4334,FAREWAY STORES #114 / DUBUQUE,2050 JOHN F KENNEDY RD,DUBUQUE,52001,POINT (-90.719278981 42.507567016),,DUBUQUE,1051100,AMERICAN BRANDIES,205,E & J GALLO WINERY,52582,E & J VSOP,12,750,7.24,10.86,3,32.58,2.25,0.59
INV-65788900023,2023-12-29T00:00:00.000,4334,FAREWAY STORES #114 / DUBUQUE,2050 JOHN F KENNEDY RD,DUBUQUE,52001,POINT (-90.719278981 42.507567016),,DUBUQUE,1071000,COCKTAILS/RTD,395,PROXIMO,58872,JOSE CUERVO AUTHENTIC LIGHT LIME MARGARITA,6,1750,8.74,13.11,6,78.66,10.50,2.77
INV-65788900024,2023-12-29T00:00:00.000,4334,FAREWAY STORES #114 / DUBUQUE,2050 JOHN F KENNEDY RD,DUBUQUE,52001,POINT (-90.719278981 42.507567016),,DUBUQUE,1081600,WHISKEY LIQUEUR,421,SAZERAC COMPANY  INC,64863,FIREBALL CINNAMON WHISKEY,48,200,2.50,3.75,48,180.00,9.60,2.53
INV-65788900025,2023-12-29T00:00:00.000,4334,FAREWAY STORES #114 / DUBUQUE,2050 JOHN F KENNEDY RD,DUBUQUE,52001,POINT (-90.719278981 42.507567016),,DUBUQUE,1081600,WHISKEY LIQUEUR,421,SAZERAC COMPANY  INC,64865,FIREBALL CINNAMON WHISKEY PET,12,750,9.00,13.50,12,162.00,9.00,2.37
INV-65788900026,2023-12-29T00:00:00.000,4334,FAREWAY STORES #114 / DUBUQUE,2050 JOHN F KENNEDY RD,DUBUQUE,52001,POINT (-90.719278981 42.507567016),,DUBUQUE,1081600,WHISKEY LIQUEUR,421,SAZERAC COMPANY  INC,65013,FIREBALL CINNAMON WHISKEY MINI SLEEVE,12,50,4.30,6.45,12,77.40,0.60,0.15
INV-65788900027,2023-12-29T00:00:00.000,4334,FAREWAY STORES #114 / DUBUQUE,2050 JOHN F KENNEDY RD,DUBUQUE,52001,POINT (-90.719278981 42.507567016),,DUBUQUE,1082100,IMPORTED CORDIALS & LIQUEURS,192,"MAST-JAGERMEISTER US, INC",65256,JAGERMEISTER LIQUEUR,12,750,14.35,21.53,4,86.12,3.00,0.79
INV-65788900028,2023-12-29T00:00:00.000,4334,FAREWAY STORES #114 / DUBUQUE,2050 JOHN F KENNEDY RD,DUBUQUE,52001,POINT (-90.719278981 42.507567016),,DUBUQUE,1082200,IMPORTED SCHNAPPS,421,SAZERAC COMPANY  INC,69609,DR MCGILLICUDDYS APPLE PIE MINI,12,50,5.00,7.50,2,15.00,0.10,0.02
INV-65788900029,2023-12-29T00:00:00.000,4334,FAREWAY STORES #114 / DUBUQUE,2050 JOHN F KENNEDY RD,DUBUQUE,52001,POINT (-90.719278981 42.507567016),,DUBUQUE,1082200,IMPORTED SCHNAPPS,421,SAZERAC COMPANY  INC,69631,DR MCGILLICUDDYS CHERRY MINI,12,50,5.00,7.50,2,15.00,0.10,0.02
INV-65788900030,2023-12-29T00:00:00.000,4334,FAREWAY STORES #114 / DUBUQUE,2050 JOHN F KENNEDY RD,DUBUQUE,52001,POINT (-90.719278981 42.507567016),,DUBUQUE,1081300,AMERICAN CORDIALS & LIQUEURS,421,SAZERAC COMPANY  INC,69709,DR MCGILLICUDDYS WILD GRAPE MINI,12,50,5.00,7.50,2,15.00,0.10,0.02
INV-65788900031,2023-12-29T00:00:00.000,4334,FAREWAY STORES #114 / DUBUQUE,2050 JOHN F KENNEDY RD,DUBUQUE,52001,POINT (-90.719278981 42.507567016),,DUBUQUE,1082200,IMPORTED SCHNAPPS,421,SAZERAC COMPANY  INC,69713,DR MCGILLICUDDYS PEACH MINI,12,50,5.00,7.50,2,15.00,0.10,0.02
INV-65788900032,2023-12-29T00:00:00.000,4334,FAREWAY STORES #114 / DUBUQUE,2050 JOHN F KENNEDY RD,DUBUQUE,52001,POINT (-90.719278981 42.507567016),,DUBUQUE,1081300,AMERICAN CORDIALS & LIQUEURS,434,LUXCO INC,79966,ARROW CREME DE ALMOND,12,750,5.00,7.50,3,22.50,2.25,0.59
INV-65788900033,2023-12-29T00:00:00.000,4334,FAREWAY STORES #114 / DUBUQUE,2050 JOHN F KENNEDY RD,DUBUQUE,52001,POINT (-90.719278981 42.507567016),,DUBUQUE,1081200,CREAM LIQUEURS,306,MISSISSIPPI RIVER DISTILLING COMPANY LLC,80236,IOWISH CREAM LIQUEUR,6,750,12.50,18.75,6,112.50,4.50,1.18
INV-65788900034,2023-12-29T00:00:00.000,4334,FAREWAY STORES #114 / DUBUQUE,2050 JOHN F KENNEDY RD,DUBUQUE,52001,POINT (-90.719278981 42.507567016),,DUBUQUE,1081200,CREAM LIQUEURS,306,MISSISSIPPI RIVER DISTILLING COMPANY LLC,80239,IOWISH CREAM SALTED CARAMEL,6,750,12.50,18.75,6,112.50,4.50,1.18
INV-65788900035,2023-12-29T00:00:00.000,4334,FAREWAY STORES #114 / DUBUQUE,2050 JOHN F KENNEDY RD,DUBUQUE,52001,POINT (-90.719278981 42.507567016),,DUBUQUE,1081400,AMERICAN SCHNAPPS,434,LUXCO INC,80571,ARROW PEPPERMINT SCHNAPPS MINI,12,50,4.70,7.05,2,14.10,0.10,0.02
INV-65788900036,2023-12-29T00:00:00.000,4334,FAREWAY STORES #114 / DUBUQUE,2050 JOHN F KENNEDY RD,DUBUQUE,52001,POINT (-90.719278981 42.507567016),,DUBUQUE,1081400,AMERICAN SCHNAPPS,434,LUXCO INC,80578,ARROW PEPPERMINT SCHNAPPS,6,1750,7.50,11.25,6,67.50,10.50,2.77
INV-65788900037,2023-12-29T00:00:00.000,4334,FAREWAY STORES #114 / DUBUQUE,2050 JOHN F KENNEDY RD,DUBUQUE,52001,POINT (-90.719278981 42.507567016),,DUBUQUE,1081400,AMERICAN SCHNAPPS,434,LUXCO INC,82126,ARROW PEACH SCHNAPPS,12,750,5.00,7.50,3,22.50,2.25,0.59
INV-65788900038,2023-12-29T00:00:00.000,4334,FAREWAY STORES #114 / DUBUQUE,2050 JOHN F KENNEDY RD,DUBUQUE,52001,POINT (-90.719278981 42.507567016),,DUBUQUE,1022200,100% AGAVE TEQUILA,395,PROXIMO,87510,1800 SILVER,12,750,16.50,24.75,3,74.25,2.25,0.59
INV-65789000001,2023-12-29T00:00:00.000,3872,TARGET STORE T-0086 / DUBUQUE,3500 DODGE ST,DUBUQUE,52003,POINT (-90.722046015 42.48968301),,DUBUQUE,1012100,CANADIAN WHISKIES,259,HEAVEN HILL BRANDS,10550,BLACK VELVET TOASTED CARAMEL,12,750,5.74,8.61,12,103.32,9.00,2.37
INV-65789000002,2023-12-29T00:00:00.000,3872,TARGET STORE T-0086 / DUBUQUE,3500 DODGE ST,DUBUQUE,52003,POINT (-90.722046015 42.48968301),,DUBUQUE,1012100,CANADIAN WHISKIES,260,DIAGEO AMERICAS,11296,CROWN ROYAL,12,750,17.49,26.24,12,314.88,9.00,2.37
INV-65789000003,2023-12-29T00:00:00.000,3872,TARGET STORE T-0086 / DUBUQUE,3500 DODGE ST,DUBUQUE,52003,POINT (-90.722046015 42.48968301),,DUBUQUE,1012100,CANADIAN WHISKIES,259,HEAVEN HILL BRANDS,11788,BLACK VELVET,6,1750,11.00,16.50,6,99.00,10.50,2.77
INV-65789000004,2023-12-29T00:00:00.000,3872,TARGET STORE T-0086 / DUBUQUE,3500 DODGE ST,DUBUQUE,52003,POINT (-90.722046015 42.48968301),,DUBUQUE,1011200,STRAIGHT BOURBON WHISKIES,259,HEAVEN HILL BRANDS,17958,EVAN WILLIAMS BLACK,6,1750,17.00,25.50,6,153.00,10.50,2.77
INV-65789000005,2023-12-29T00:00:00.000,3872,TARGET STORE T-0086 / DUBUQUE,3500 DODGE ST,DUBUQUE,52003,POINT (-90.722046015 42.48968301),,DUBUQUE,1011400,TENNESSEE WHISKIES,085,BROWN FORMAN CORP.,26586,GENTLEMAN JACK,12,750,20.01,30.02,12,360.24,9.00,2.37
INV-65789000006,2023-12-29T00:00:00.000,3872,TARGET STORE T-0086 / DUBUQUE,3500 DODGE ST,DUBUQUE,52003,POINT (-90.722046015 42.48968301),,DUBUQUE,1011600,STRAIGHT RYE WHISKIES,085,BROWN FORMAN CORP.,27130,WOODFORD RESERVE RYE,6,750,23.50,35.25,6,211.50,4.50,1.18
INV-65789000007,2023-12-29T00:00:00.000,3872,TARGET STORE T-0086 / DUBUQUE,3500 DODGE ST,DUBUQUE,52003,POINT (-90.722046015 42.48968301),,DUBUQUE,1032100,IMPORTED VODKAS,065,JIM BEAM BRANDS,34188,EFFEN 80PRF,6,750,12.50,18.75,6,112.50,4.50,1.18
INV-65789000008,2023-12-29T00:00:00.000,3872,TARGET STORE T-0086 / DUBUQUE,3500 DODGE ST,DUBUQUE,52003,POINT (-90.722046015 42.48968301),,DUBUQUE,1031100,AMERICAN VODKAS,115,CONSTELLATION BRANDS INC,34821,SVEDKA 80PRF,6,1750,13.40,20.10,6,120.60,10.50,2.77
INV-65789000009,2023-12-29T00:00:00.000,3872,TARGET STORE T-0086 / DUBUQUE,3500 DODGE ST,DUBUQUE,52003,POINT (-90.722046015 42.48968301),,DUBUQUE,1031200,AMERICAN FLAVORED VODKA,205,E & J GALLO WINERY,36618,NEW AMSTERDAM RASPBERRY,12,750,8.00,12.00,12,144.00,9.00,2.37
INV-65789000010,2023-12-29T00:00:00.000,3872,TARGET STORE T-0086 / DUBUQUE,3500 DODGE ST,DUBUQUE,52003,POINT (-90.722046015 42.48968301),,DUBUQUE,1031100,AMERICAN VODKAS,260,DIAGEO AMERICAS,38008,SMIRNOFF 80PRF PET,6,1750,14.75,22.13,6,132.78,10.50,2.77
INV-65789000011,2023-12-29T00:00:00.000,3872,TARGET STORE T-0086 / DUBUQUE,3500 DODGE ST,DUBUQUE,52003,POINT (-90.722046015 42.48968301),,DUBUQUE,1031100,AMERICAN VODKAS,301,FIFTH GENERATION INC,38176,TITOS HANDMADE VODKA,12,750,10.00,15.00,24,360.00,18.00,4.75
INV-65789000012,2023-12-29T00:00:00.000,3872,TARGET STORE T-0086 / DUBUQUE,3500 DODGE ST,DUBUQUE,52003,POINT (-90.722046015 42.48968301),,DUBUQUE,1031100,AMERICAN VODKAS,301,FIFTH GENERATION INC,38178,TITOS HANDMADE VODKA,6,1750,19.00,28.50,6,171.00,10.50,2.77
INV-65789000013,2023-12-29T00:00:00.000,3872,TARGET STORE T-0086 / DUBUQUE,3500 DODGE ST,DUBUQUE,52003,POINT (-90.722046015 42.48968301),,DUBUQUE,1062500,FLAVORED RUM,035,BACARDI USA INC,43136,BACARDI LIMON,12,750,8.76,13.14,12,157.68,9.00,2.37
INV-65789000014,2023-12-29T00:00:00.000,3872,TARGET STORE T-0086 / DUBUQUE,3500 DODGE ST,DUBUQUE,52003,POINT (-90.722046015 42.48968301),,DUBUQUE,1071000,COCKTAILS/RTD,260,DIAGEO AMERICAS,58139,KETEL ONE COSMO COCKTAIL,12,375,6.99,10.49,24,251.76,9.00,2.37
INV-65789000015,2023-12-29T00:00:00.000,3872,TARGET STORE T-0086 / DUBUQUE,3500 DODGE ST,DUBUQUE,52003,POINT (-90.722046015 42.48968301),,DUBUQUE,1071000,COCKTAILS/RTD,065,JIM BEAM BRANDS,63347,ON THE ROCKS COCKTAILS KNOB CREEK BOURBON OLD FASHIONED,12,375,6.50,9.75,12,117.00,4.50,1.18
INV-65789000016,2023-12-29T00:00:00.000,3872,TARGET STORE T-0086 / DUBUQUE,3500 DODGE ST,DUBUQUE,52003,POINT (-90.722046015 42.48968301),,DUBUQUE,1071000,COCKTAILS/RTD,902,"ZING ZANG, LLC",63834,ZING ZANG BLAZING BLOODY MARY RTS,6,1750,8.31,12.47,6,74.82,10.50,2.77
INV-65789000017,2023-12-29T00:00:00.000,3872,TARGET STORE T-0086 / DUBUQUE,3500 DODGE ST,DUBUQUE,52003,POINT (-90.722046015 42.48968301),,DUBUQUE,1081200,CREAM LIQUEURS,260,DIAGEO AMERICAS,68036,BAILEYS ORIGINAL IRISH CREAM,12,750,16.49,24.74,12,296.88,9.00,2.37
INV-65789000018,2023-12-29T00:00:00.000,3872,TARGET STORE T-0086 / DUBUQUE,3500 DODGE ST,DUBUQUE,52003,POINT (-90.722046015 42.48968301),,DUBUQUE,1081400,AMERICAN SCHNAPPS,065,JIM BEAM BRANDS,82846,DEKUYPER LUSCIOUS PEACHTREE,12,750,6.75,10.13,12,121.56,9.00,2.37
INV-65789000019,2023-12-29T00:00:00.000,3872,TARGET STORE T-0086 / DUBUQUE,3500 DODGE ST,DUBUQUE,52003,POINT (-90.722046015 42.48968301),,DUBUQUE,1081600,WHISKEY LIQUEUR,620,MPL BRANDS NV INC/ PATCO BRANDS,85980,DOUGH BALL COOKIE DOUGH WHISKEY,6,750,17.54,26.31,6,157.86,4.50,1.18
INV-65789000020,2023-12-29T00:00:00.000,3872,TARGET STORE T-0086 / DUBUQUE,3500 DODGE ST,DUBUQUE,52003,POINT (-90.722046015 42.48968301),,DUBUQUE,1011400,TENNESSEE WHISKIES,085,BROWN FORMAN CORP.,86670,JACK DANIELS TENNESSEE HONEY,12,750,15.91,23.87,12,286.44,9.00,2.37
INV-65789000021,2023-12-29T00:00:00.000,3872,TARGET STORE T-0086 / DUBUQUE,3500 DODGE ST,DUBUQUE,52003,POINT (-90.722046015 42.48968301),,DUBUQUE,1022200,100% AGAVE TEQUILA,192,"MAST-JAGERMEISTER US, INC",88371,TEREMANA BLANCO TEQUILA,6,750,15.91,23.87,6,143.22,4.50,1.18
INV-65789100001,2023-12-29T00:00:00.000,2524,HY-VEE FOOD STORE #1 (1159) / DUBUQUE,3500 DODGE ST,DUBUQUE,52001,POINT (-90.722046015 42.48968301),,DUBUQUE,1012200,SCOTCH WHISKIES,065,JIM BEAM BRANDS,905433,HA LAPHROAIG QUARTER CASK,6,750,31.49,47.24,1,47.24,0.75,0.19
INV-65789200001,2023-12-29T00:00:00.000,2524,HY-VEE FOOD STORE #1 (1159) / DUBUQUE,3500 DODGE ST,DUBUQUE,52001,POINT (-90.722046015 42.48968301),,DUBUQUE,1041100,AMERICAN DRY GINS,421,SAZERAC COMPANY  INC,30057,FLEISCHMANNS GIN,12,1000,3.50,5.25,12,63.00,12.00,3.17
INV-65789200002,2023-12-29T00:00:00.000,2524,HY-VEE FOOD STORE #1 (1159) / DUBUQUE,3500 DODGE ST,DUBUQUE,52001,POINT (-90.722046015 42.48968301),,DUBUQUE,1041100,AMERICAN DRY GINS,421,SAZERAC COMPANY  INC,30058,FLEISCHMANNS GIN,6,1750,7.00,10.50,30,315.00,52.50,13.86
INV-65789200003,2023-12-29T00:00:00.000,2524,HY-VEE FOOD STORE #1 (1159) / DUBUQUE,3500 DODGE ST,DUBUQUE,52001,POINT (-90.722046015 42.48968301),,DUBUQUE,1031100,AMERICAN VODKAS,421,SAZERAC COMPANY  INC,35946,FLEISCHMANNS 80PRF VODKA,12,750,3.00,4.50,48,216.00,36.00,9.51
INV-65789200004,2023-12-29T00:00:00.000,2524,HY-VEE FOOD STORE #1 (1159) / DUBUQUE,3500 DODGE ST,DUBUQUE,52001,POINT (-90.722046015 42.48968301),,DUBUQUE,1031100,AMERICAN VODKAS,421,SAZERAC COMPANY  INC,35947,FLEISCHMANNS 80PRF VODKA,12,1000,3.50,5.25,60,315.00,60.00,15.85
INV-65789200005,2023-12-29T00:00:00.000,2524,HY-VEE FOOD STORE #1 (1159) / DUBUQUE,3500 DODGE ST,DUBUQUE,52001,POINT (-90.722046015 42.48968301),,DUBUQUE,1031100,AMERICAN VODKAS,421,SAZERAC COMPANY  INC,35948,FLEISCHMANNS 80PRF VODKA,6,1750,6.50,9.75,210,2047.50,367.50,97.08
INV-65789300001,2023-12-29T00:00:00.000,2524,HY-VEE FOOD STORE #1 (1159) / DUBUQUE,3500 DODGE ST,DUBUQUE,52001,POINT (-90.722046015 42.48968301),,DUBUQUE,1081600,WHISKEY LIQUEUR,421,SAZERAC COMPANY  INC,100413,FIREBALL CINNAMON WHISKEY PARTY BUCKET,1,50,51.60,77.40,1,77.40,0.05,0.01
INV-65789300002,2023-12-29T00:00:00.000,2524,HY-VEE FOOD STORE #1 (1159) / DUBUQUE,3500 DODGE ST,DUBUQUE,52001,POINT (-90.722046015 42.48968301),,DUBUQUE,1012100,CANADIAN WHISKIES,259,HEAVEN HILL BRANDS,10550,BLACK VELVET TOASTED CARAMEL,12,750,5.74,8.61,12,103.32,9.00,2.37
INV-65789300003,2023-12-29T00:00:00.000,2524,HY-VEE FOOD STORE #1 (1159) / DUBUQUE,3500 DODGE ST,DUBUQUE,52001,POINT (-90.722046015 42.48968301),,DUBUQUE,1012100,CANADIAN WHISKIES,065,JIM BEAM BRANDS,10627,CANADIAN CLUB WHISKY,12,1000,9.71,14.57,12,174.84,12.00,3.17
INV-65789300004,2023-12-29T00:00:00.000,2524,HY-VEE FOOD STORE #1 (1159) / DUBUQUE,3500 DODGE ST,DUBUQUE,52001,POINT (-90.722046015 42.48968301),,DUBUQUE,1012100,CANADIAN WHISKIES,260,DIAGEO AMERICAS,10778,CROWN ROYAL PEACH,6,1750,33.99,50.99,6,305.94,10.50,2.77
INV-65789300005,2023-12-29T00:00:00.000,2524,HY-VEE FOOD STORE #1 (1159) / DUBUQUE,3500 DODGE ST,DUBUQUE,52001,POINT (-90.722046015 42.48968301),,DUBUQUE,1012100,CANADIAN WHISKIES,260,DIAGEO AMERICAS,10802,CROWN ROYAL PEACH,12,750,17.49,26.24,12,314.88,9.00,2.37
INV-65789300006,2023-12-29T00:00:00.000,2524,HY-VEE FOOD STORE #1 (1159) / DUBUQUE,3500 DODGE ST,DUBUQUE,52001,POINT (-90.722046015 42.48968301),,DUBUQUE,1012100,CANADIAN WHISKIES,260,DIAGEO AMERICAS,10808,CROWN ROYAL REGAL APPLE,12,1000,20.49,30.74,12,368.88,12.00,3.17
INV-65789300007,2023-12-29T00:00:00.000,2524,HY-VEE FOOD STORE #1 (1159) / DUBUQUE,3500 DODGE ST,DUBUQUE,52001,POINT (-90.722046015 42.48968301),,DUBUQUE,1012100,CANADIAN WHISKIES,260,DIAGEO AMERICAS,11298,CROWN ROYAL,6,1750,33.99,50.99,6,305.94,10.50,2.77
INV-65789300008,2023-12-29T00:00:00.000,2524,HY-VEE FOOD STORE #1 (1159) / DUBUQUE,3500 DODGE ST,DUBUQUE,52001,POINT (-90.722046015 42.48968301),,DUBUQUE,1012100,CANADIAN WHISKIES,421,SAZERAC COMPANY  INC,11348,SEAGRAMS VO CANADIAN WHISKEY PET,6,1750,11.49,17.24,6,103.44,10.50,2.77
INV-65789300009,2023-12-29T00:00:00.000,2524,HY-VEE FOOD STORE #1 (1159) / DUBUQUE,3500 DODGE ST,DUBUQUE,52001,POINT (-90.722046015 42.48968301),,DUBUQUE,1012100,CANADIAN WHISKIES,259,HEAVEN HILL BRANDS,11777,BLACK VELVET,12,1000,7.00,10.50,12,126.00,12.00,3.17
INV-65789300010,2023-12-29T00:00:00.000,2524,HY-VEE FOOD STORE #1 (1159) / DUBUQUE,3500 DODGE ST,DUBUQUE,52001,POINT (-90.722046015 42.48968301),,DUBUQUE,1012100,CANADIAN WHISKIES,259,HEAVEN HILL BRANDS,11788,BLACK VELVET,6,1750,11.00,16.50,12,198.00,21.00,5.54
INV-65789300011,2023-12-29T00:00:00.000,2524,HY-VEE FOOD STORE #1 (1159) / DUBUQUE,3500 DODGE ST,DUBUQUE,52001,POINT (-90.722046015 42.48968301),,DUBUQUE,1012100,CANADIAN WHISKIES,421,SAZERAC COMPANY  INC,12408,CANADIAN LTD WHISKY,6,1750,10.00,15.00,6,90.00,10.50,2.77
INV-65789300012,2023-12-29T00:00:00.000,2524,HY-VEE FOOD STORE #1 (1159) / DUBUQUE,3500 DODGE ST,DUBUQUE,52001,POINT (-90.722046015 42.48968301),,DUBUQUE,1012400,IRISH WHISKIES,370,PERNOD RICARD USA,15626,JAMESON,12,750,17.49,26.24,12,314.88,9.00,2.37
INV-65789300013,2023-12-29T00:00:00.000,2524,HY-VEE FOOD STORE #1 (1159) / DUBUQUE,3500 DODGE ST,DUBUQUE,52001,POINT (-90.722046015 42.48968301),,DUBUQUE,1011500,BOTTLED IN BOND BOURBON,259,HEAVEN HILL BRANDS,16098,EVAN WILLIAMS WHITE,6,1750,18.50,27.75,6,166.50,10.50,2.77
INV-65789300014,2023-12-29T00:00:00.000,2524,HY-VEE FOOD STORE #1 (1159) / DUBUQUE,3500 DODGE ST,DUBUQUE,52001,POINT (-90.722046015 42.48968301),,DUBUQUE,1011200,STRAIGHT BOURBON WHISKIES,065,JIM BEAM BRANDS,19066,JIM BEAM,12,750,11.00,16.50,12,198.00,9.00,2.37
INV-65789300015,2023-12-29T00:00:00.000,2524,HY-VEE FOOD STORE #1 (1159) / DUBUQUE,3500 DODGE ST,DUBUQUE,52001,POINT (-90.722046015 42.48968301),,DUBUQUE,1011200,STRAIGHT BOURBON WHISKIES,065,JIM BEAM BRANDS,19476,MAKERS MARK,12,750,18.00,27.00,12,324.00,9.00,2.37
INV-65789300016,2023-12-29T00:00:00.000,2524,HY-VEE FOOD STORE #1 (1159) / DUBUQUE,3500 DODGE ST,DUBUQUE,52001,POINT (-90.722046015 42.48968301),,DUBUQUE,1011200,STRAIGHT BOURBON WHISKIES,065,JIM BEAM BRANDS,19477,MAKERS MARK,12,1000,22.50,33.75,12,405.00,12.00,3.17
INV-65789300017,2023-12-29T00:00:00.000,2524,HY-VEE FOOD STORE #1 (1159) / DUBUQUE,3500 DODGE ST,DUBUQUE,52001,POINT (-90.722046015 42.48968301),,DUBUQUE,1011200,STRAIGHT BOURBON WHISKIES,065,JIM BEAM BRANDS,20248,OLD CROW,6,1750,10.50,15.75,6,94.50,10.50,2.77
INV-65789300020,2023-12-29T00:00:00.000,2524,HY-VEE FOOD STORE #1 (1159) / DUBUQUE,3500 DODGE ST,DUBUQUE,52001,POINT (-90.722046015 42.48968301),,DUBUQUE,1011200,STRAIGHT BOURBON WHISKIES,085,BROWN FORMAN CORP.,22228,WOODFORD RESERVE DOUBLE OAKED,6,750,32.50,48.75,6,292.50,4.50,1.18
INV-65789300021,2023-12-29T00:00:00.000,2524,HY-VEE FOOD STORE #1 (1159) / DUBUQUE,3500 DODGE ST,DUBUQUE,52001,POINT (-90.722046015 42.48968301),,DUBUQUE,1011100,BLENDED WHISKIES,079,BRECKENRIDGE DISTILLERY / DOUBLE DIAMOND DISTILLERY LLC,23056,BRECKENRIDGE BOURBON,6,750,24.49,36.74,6,220.44,4.50,1.18
INV-65789300022,2023-12-29T00:00:00.000,2524,HY-VEE FOOD STORE #1 (1159) / DUBUQUE,3500 DODGE ST,DUBUQUE,52001,POINT (-90.722046015 42.48968301),,DUBUQUE,1011100,BLENDED WHISKIES,297,LAIRD & COMPANY,23827,FIVE STAR,12,1000,4.86,7.29,12,87.48,12.00,3.17
INV-65789300023,2023-12-29T00:00:00.000,2524,HY-VEE FOOD STORE #1 (1159) / DUBUQUE,3500 DODGE ST,DUBUQUE,52001,POINT (-90.722046015 42.48968301),,DUBUQUE,1011100,BLENDED WHISKIES,065,JIM BEAM BRANDS,24451,KESSLER BLEND WHISKEY MINI,12,50,5.40,8.10,3,24.30,0.15,0.03
INV-65789300024,2023-12-29T00:00:00.000,2524,HY-VEE FOOD STORE #1 (1159) / DUBUQUE,3500 DODGE ST,DUBUQUE,52001,POINT (-90.722046015 42.48968301),,DUBUQUE,1011100,BLENDED WHISKIES,065,JIM BEAM BRANDS,24457,KESSLER BLEND WHISKEY,12,1000,7.17,10.76,12,129.12,12.00,3.17
INV-65789300025,2023-12-29T00:00:00.000,2524,HY-VEE FOOD STORE #1 (1159) / DUBUQUE,3500 DODGE ST,DUBUQUE,52001,POINT (-90.722046015 42.48968301),,DUBUQUE,1011100,BLENDED WHISKIES,065,JIM BEAM BRANDS,24466,KESSLER BLEND WHISKEY PET,12,750,5.51,8.27,12,99.24,9.00,2.37
INV-65789300026,2023-12-29T00:00:00.000,2524,HY-VEE FOOD STORE #1 (1159) / DUBUQUE,3500 DODGE ST,DUBUQUE,52001,POINT (-90.722046015 42.48968301),,DUBUQUE,1011100,BLENDED WHISKIES,654,REVELTON DISTILLING COMPANY,26291,REVELTON HONEY WHISKEY,6,750,17.50,26.25,6,157.50,4.50,1.18
INV-65789300027,2023-12-29T00:00:00.000,2524,HY-VEE FOOD STORE #1 (1159) / DUBUQUE,3500 DODGE ST,DUBUQUE,52001,POINT (-90.722046015 42.48968301),,DUBUQUE,1011200,STRAIGHT BOURBON WHISKIES,065,JIM BEAM BRANDS,27408,JIM BEAM HONEY MINI,12,50,7.00,10.50,2,21.00,0.10,0.02
INV-65789300028,2023-12-29T00:00:00.000,2524,HY-VEE FOOD STORE #1 (1159) / DUBUQUE,3500 DODGE ST,DUBUQUE,52001,POINT (-90.722046015 42.48968301),,DUBUQUE,1011200,STRAIGHT BOURBON WHISKIES,065,JIM BEAM BRANDS,27780,JIM BEAM APPLE MINI,12,50,7.00,10.50,2,21.00,0.10,0.02
INV-65789300030,2023-12-29T00:00:00.000,2524,HY-VEE FOOD STORE #1 (1159) / DUBUQUE,3500 DODGE ST,DUBUQUE,52001,POINT (-90.722046015 42.48968301),,DUBUQUE,1032100,IMPORTED VODKAS,065,JIM BEAM BRANDS,34188,EFFEN 80PRF,6,750,12.50,18.75,6,112.50,4.50,1.18
INV-65789300031,2023-12-29T00:00:00.000,2524,HY-VEE FOOD STORE #1 (1159) / DUBUQUE,3500 DODGE ST,DUBUQUE,52001,POINT (-90.722046015 42.48968301),,DUBUQUE,1032100,IMPORTED VODKAS,260,DIAGEO AMERICAS,34457,KETEL ONE,12,1000,15.16,22.74,12,272.88,12.00,3.17
INV-65789300032,2023-12-29T00:00:00.000,2524,HY-VEE FOOD STORE #1 (1159) / DUBUQUE,3500 DODGE ST,DUBUQUE,52001,POINT (-90.722046015 42.48968301),,DUBUQUE,1032100,IMPORTED VODKAS,260,DIAGEO AMERICAS,34458,KETEL ONE,6,1750,20.99,31.49,6,188.94,10.50,2.77
INV-65789300033,2023-12-29T00:00:00.000,2524,HY-VEE FOOD STORE #1 (1159) / DUBUQUE,3500 DODGE ST,DUBUQUE,52001,POINT (-90.722046015 42.48968301),,DUBUQUE,1031100,AMERICAN VODKAS,065,JIM BEAM BRANDS,34578,PINNACLE,6,1750,10.00,15.00,12,180.00,21.00,5.54
INV-65789300034,2023-12-29T00:00:00.000,2524,HY-VEE FOOD STORE #1 (1159) / DUBUQUE,3500 DODGE ST,DUBUQUE,52001,POINT (-90.722046015 42.48968301),,DUBUQUE,1031100,AMERICAN VODKAS,259,HEAVEN HILL BRANDS,35418,BURNETTS VODKA 80PRF,6,1750,8.50,12.75,6,76.50,10.50,2.77
INV-65789300035,2023-12-29T00:00:00.000,2524,HY-VEE FOOD STORE #1 (1159) / DUBUQUE,3500 DODGE ST,DUBUQUE,52001,POINT (-90.722046015 42.48968301),,DUBUQUE,1031100,AMERICAN VODKAS,297,LAIRD & COMPANY,35913,FIVE O'CLOCK VODKA,48,200,1.15,1.73,10,17.30,2.00,0.52
INV-65789300036,2023-12-29T00:00:00.000,2524,HY-VEE FOOD STORE #1 (1159) / DUBUQUE,3500 DODGE ST,DUBUQUE,52001,POINT (-90.722046015 42.48968301),,DUBUQUE,1031100,AMERICAN VODKAS,434,LUXCO INC,36304,HAWKEYE VODKA,24,375,2.00,3.00,5,15.00,1.87,0.49
INV-65789300037,2023-12-29T00:00:00.000,2524,HY-VEE FOOD STORE #1 (1159) / DUBUQUE,3500 DODGE ST,DUBUQUE,52001,POINT (-90.722046015 42.48968301),,DUBUQUE,1031100,AMERICAN VODKAS,434,LUXCO INC,36307,HAWKEYE VODKA,12,1000,4.35,6.53,24,156.72,24.00,6.34
INV-65789300038,2023-12-29T00:00:00.000,2524,HY-VEE FOOD STORE #1 (1159) / DUBUQUE,3500 DODGE ST,DUBUQUE,52001,POINT (-90.722046015 42.48968301),,DUBUQUE,1031100,AMERICAN VODKAS,434,LUXCO INC,36308,HAWKEYE VODKA,6,1750,7.50,11.25,6,67.50,10.50,2.77
INV-65789300039,2023-12-29T00:00:00.000,2524,HY-VEE FOOD STORE #1 (1159) / DUBUQUE,3500 DODGE ST,DUBUQUE,52001,POINT (-90.722046015 42.48968301),,DUBUQUE,1031100,AMERICAN VODKAS,300,MCCORMICK DISTILLING CO.,36887,MCCORMICK 80PRF VODKA,12,1000,4.39,6.59,12,79.08,12.00,3.17
INV-65789300040,2023-12-29T00:00:00.000,2524,HY-VEE FOOD STORE #1 (1159) / DUBUQUE,3500 DODGE ST,DUBUQUE,52001,POINT (-90.722046015 42.48968301),,DUBUQUE,1031100,AMERICAN VODKAS,300,MCCORMICK DISTILLING CO.,36908,MCCORMICK 80PRF VODKA PET,6,1750,8.24,12.36,6,74.16,10.50,2.77
INV-65789300041,2023-12-29T00:00:00.000,2524,HY-VEE FOOD STORE #1 (1159) / DUBUQUE,3500 DODGE ST,DUBUQUE,52001,POINT (-90.722046015 42.48968301),,DUBUQUE,1031100,AMERICAN VODKAS,205,E & J GALLO WINERY,36968,NEW AMSTERDAM 80PRF,24,375,4.00,6.00,2,12.00,0.75,0.19
INV-65789300042,2023-12-29T00:00:00.000,2524,HY-VEE FOOD STORE #1 (1159) / DUBUQUE,3500 DODGE ST,DUBUQUE,52001,POINT (-90.722046015 42.48968301),,DUBUQUE,1031100,AMERICAN VODKAS,205,E & J GALLO WINERY,36970,NEW AMSTERDAM 80PRF,12,1000,8.00,12.00,12,144.00,12.00,3.17
INV-65789300043,2023-12-29T00:00:00.000,2524,HY-VEE FOOD STORE #1 (1159) / DUBUQUE,3500 DODGE ST,DUBUQUE,52001,POINT (-90.722046015 42.48968301),,DUBUQUE,1031100,AMERICAN VODKAS,421,SAZERAC COMPANY  INC,37938,SKOL VODKA,6,1750,7.12,10.68,6,64.08,10.50,2.77
INV-65789300044,2023-12-29T00:00:00.000,2524,HY-VEE FOOD STORE #1 (1159) / DUBUQUE,3500 DODGE ST,DUBUQUE,52001,POINT (-90.722046015 42.48968301),,DUBUQUE,1031100,AMERICAN VODKAS,260,DIAGEO AMERICAS,37991,SMIRNOFF 80PRF MINI,12,50,7.47,11.21,12,134.52,0.60,0.15
INV-65789300045,2023-12-29T00:00:00.000,2524,HY-VEE FOOD STORE #1 (1159) / DUBUQUE,3500 DODGE ST,DUBUQUE,52001,POINT (-90.722046015 42.48968301),,DUBUQUE,1031100,AMERICAN VODKAS,301,FIFTH GENERATION INC,38178,TITOS HANDMADE VODKA,6,1750,19.00,28.50,36,1026.00,63.00,16.64
INV-65789300046,2023-12-29T00:00:00.000,2524,HY-VEE FOOD STORE #1 (1159) / DUBUQUE,3500 DODGE ST,DUBUQUE,52001,POINT (-90.722046015 42.48968301),,DUBUQUE,1031200,AMERICAN FLAVORED VODKA,380,PHILLIPS BEVERAGE,41688,UV BLUE RASPBERRY PET,12,750,7.50,11.25,12,135.00,9.00,2.37
INV-65789300047,2023-12-29T00:00:00.000,2524,HY-VEE FOOD STORE #1 (1159) / DUBUQUE,3500 DODGE ST,DUBUQUE,52001,POINT (-90.722046015 42.48968301),,DUBUQUE,1091200,NEUTRAL GRAIN SPIRITS,434,LUXCO INC,41846,EVERCLEAR 151,12,750,9.00,13.50,12,162.00,9.00,2.37
INV-65789300048,2023-12-29T00:00:00.000,2524,HY-VEE FOOD STORE #1 (1159) / DUBUQUE,3500 DODGE ST,DUBUQUE,52001,POINT (-90.722046015 42.48968301),,DUBUQUE,1062500,FLAVORED RUM,370,PERNOD RICARD USA,42716,MALIBU COCONUT,12,750,8.99,13.49,12,161.88,9.00,2.37
INV-65789300049,2023-12-29T00:00:00.000,2524,HY-VEE FOOD STORE #1 (1159) / DUBUQUE,3500 DODGE ST,DUBUQUE,52001,POINT (-90.722046015 42.48968301),,DUBUQUE,1062500,FLAVORED RUM,370,PERNOD RICARD USA,42717,MALIBU COCONUT,12,1000,11.99,17.99,12,215.88,12.00,3.17
INV-65789300050,2023-12-29T00:00:00.000,2524,HY-VEE FOOD STORE #1 (1159) / DUBUQUE,3500 DODGE ST,DUBUQUE,52001,POINT (-90.722046015 42.48968301),,DUBUQUE,1062500,FLAVORED RUM,035,BACARDI USA INC,43136,BACARDI LIMON,12,750,8.76,13.14,12,157.68,9.00,2.37
INV-65789300053,2023-12-29T00:00:00.000,2524,HY-VEE FOOD STORE #1 (1159) / DUBUQUE,3500 DODGE ST,DUBUQUE,52001,POINT (-90.722046015 42.48968301),,DUBUQUE,1062400,SPICED RUM,260,DIAGEO AMERICAS,43337,CAPTAIN MORGAN ORIGINAL SPICED,12,1000,12.99,19.49,24,467.76,24.00,6.34
INV-65789300054,2023-12-29T00:00:00.000,2524,HY-VEE FOOD STORE #1 (1159) / DUBUQUE,3500 DODGE ST,DUBUQUE,52001,POINT (-90.722046015 42.48968301),,DUBUQUE,1062200,WHITE RUM,434,LUXCO INC,45277,PARAMOUNT WHITE RUM,12,1000,4.75,7.13,12,85.56,12.00,3.17
INV-65789300055,2023-12-29T00:00:00.000,2524,HY-VEE FOOD STORE #1 (1159) / DUBUQUE,3500 DODGE ST,DUBUQUE,52001,POINT (-90.722046015 42.48968301),,DUBUQUE,1051100,AMERICAN BRANDIES,259,HEAVEN HILL BRANDS,52314,CHRISTIAN BROS BRANDY,24,375,3.50,5.25,2,9.76,0.75,0.19
INV-65789300056,2023-12-29T00:00:00.000,2524,HY-VEE FOOD STORE #1 (1159) / DUBUQUE,3500 DODGE ST,DUBUQUE,52001,POINT (-90.722046015 42.48968301),,DUBUQUE,1051100,AMERICAN BRANDIES,085,BROWN FORMAN CORP.,52806,KORBEL BRANDY,12,750,6.66,9.99,12,119.88,9.00,2.37
INV-65789300057,2023-12-29T00:00:00.000,2524,HY-VEE FOOD STORE #1 (1159) / DUBUQUE,3500 DODGE ST,DUBUQUE,52001,POINT (-90.722046015 42.48968301),,DUBUQUE,1051100,AMERICAN BRANDIES,259,HEAVEN HILL BRANDS,56006,CHRISTIAN BROS PEACH,12,750,6.50,9.75,6,54.00,4.50,1.18
INV-65789300058,2023-12-29T00:00:00.000,2524,HY-VEE FOOD STORE #1 (1159) / DUBUQUE,3500 DODGE ST,DUBUQUE,52001,POINT (-90.722046015 42.48968301),,DUBUQUE,1071000,COCKTAILS/RTD,421,SAZERAC COMPANY  INC,57148,CHI-CHI'S MARGARITA,6,1750,6.50,9.75,6,58.50,10.50,2.77
INV-65789300059,2023-12-29T00:00:00.000,2524,HY-VEE FOOD STORE #1 (1159) / DUBUQUE,3500 DODGE ST,DUBUQUE,52001,POINT (-90.722046015 42.48968301),,DUBUQUE,1071000,COCKTAILS/RTD,395,PROXIMO,58838,JOSE CUERVO AUTHENTIC LIME MARGARITA,6,1750,8.74,13.11,6,78.66,10.50,2.77
INV-65789300060,2023-12-29T00:00:00.000,2524,HY-VEE FOOD STORE #1 (1159) / DUBUQUE,3500 DODGE ST,DUBUQUE,52001,POINT (-90.722046015 42.48968301),,DUBUQUE,1071000,COCKTAILS/RTD,395,PROXIMO,58860,JOSE CUERVO AUTHENTIC MANGO MARGARITA,6,1750,8.74,13.11,6,78.66,10.50,2.77
INV-65789300061,2023-12-29T00:00:00.000,2524,HY-VEE FOOD STORE #1 (1159) / DUBUQUE,3500 DODGE ST,DUBUQUE,52001,POINT (-90.722046015 42.48968301),,DUBUQUE,1071000,COCKTAILS/RTD,395,PROXIMO,58875,JOSE CUERVO GOLDEN MARGARITA,6,1750,11.04,16.56,6,99.36,10.50,2.77
INV-65789300062,2023-12-29T00:00:00.000,2524,HY-VEE FOOD STORE #1 (1159) / DUBUQUE,3500 DODGE ST,DUBUQUE,52001,POINT (-90.722046015 42.48968301),,DUBUQUE,1071000,COCKTAILS/RTD,395,PROXIMO,59161,1800 ULTIMATE PEACH MARGARITA PET,6,1750,10.04,15.06,6,90.36,10.50,2.77
INV-65789300064,2023-12-29T00:00:00.000,2524,HY-VEE FOOD STORE #1 (1159) / DUBUQUE,3500 DODGE ST,DUBUQUE,52001,POINT (-90.722046015 42.48968301),,DUBUQUE,1062300,AGED DARK RUM,482,"SOVEREIGN BRANDS, LLC",64529,BUMBU RUM,6,750,18.50,27.75,6,166.50,4.50,1.18
INV-65789300065,2023-12-29T00:00:00.000,2524,HY-VEE FOOD STORE #1 (1159) / DUBUQUE,3500 DODGE ST,DUBUQUE,52001,POINT (-90.722046015 42.48968301),,DUBUQUE,1081600,WHISKEY LIQUEUR,421,SAZERAC COMPANY  INC,64865,FIREBALL CINNAMON WHISKEY PET,12,750,9.00,13.50,12,162.00,9.00,2.37
INV-65789300066,2023-12-29T00:00:00.000,2524,HY-VEE FOOD STORE #1 (1159) / DUBUQUE,3500 DODGE ST,DUBUQUE,52001,POINT (-90.722046015 42.48968301),,DUBUQUE,1081600,WHISKEY LIQUEUR,421,SAZERAC COMPANY  INC,64867,FIREBALL CINNAMON WHISKEY,12,1000,12.00,18.00,12,216.00,12.00,3.17
INV-65789300067,2023-12-29T00:00:00.000,2524,HY-VEE FOOD STORE #1 (1159) / DUBUQUE,3500 DODGE ST,DUBUQUE,52001,POINT (-90.722046015 42.48968301),,DUBUQUE,1081600,WHISKEY LIQUEUR,421,SAZERAC COMPANY  INC,64870,FIREBALL CINNAMON WHISKEY,48,100,1.00,1.50,48,72.00,4.80,1.26
INV-65789300068,2023-12-29T00:00:00.000,2524,HY-VEE FOOD STORE #1 (1159) / DUBUQUE,3500 DODGE ST,DUBUQUE,52001,POINT (-90.722046015 42.48968301),,DUBUQUE,1081600,WHISKEY LIQUEUR,421,SAZERAC COMPANY  INC,64904,FIREBALL CINNAMON WHISKEY PET,6,1750,16.00,24.00,6,144.00,10.50,2.77
INV-65789300070,2023-12-29T00:00:00.000,2524,HY-VEE FOOD STORE #1 (1159) / DUBUQUE,3500 DODGE ST,DUBUQUE,52001,POINT (-90.722046015 42.48968301),,DUBUQUE,1082100,IMPORTED CORDIALS & LIQUEURS,192,"MAST-JAGERMEISTER US, INC",65257,JAGERMEISTER LIQUEUR,12,1000,17.42,26.13,12,313.56,12.00,3.17
INV-65789300073,2023-12-29T00:00:00.000,2524,HY-VEE FOOD STORE #1 (1159) / DUBUQUE,3500 DODGE ST,DUBUQUE,52001,POINT (-90.722046015 42.48968301),,DUBUQUE,1081300,AMERICAN CORDIALS & LIQUEURS,421,SAZERAC COMPANY  INC,69618,DR MCGILLICUDDYS BUTTERSCOTCH,12,750,8.89,13.34,12,155.88,9.00,2.37
INV-65789300075,2023-12-29T00:00:00.000,2524,HY-VEE FOOD STORE #1 (1159) / DUBUQUE,3500 DODGE ST,DUBUQUE,52001,POINT (-90.722046015 42.48968301),,DUBUQUE,1082200,IMPORTED SCHNAPPS,260,DIAGEO AMERICAS,69947,RUMPLE MINZE PEPPERMINT SCHNAPPS LIQUEUR,12,1000,16.99,25.49,12,305.88,12.00,3.17
INV-65789300076,2023-12-29T00:00:00.000,2524,HY-VEE FOOD STORE #1 (1159) / DUBUQUE,3500 DODGE ST,DUBUQUE,52001,POINT (-90.722046015 42.48968301),,DUBUQUE,1081200,CREAM LIQUEURS,205,E & J GALLO WINERY,73051,RUMCHATA MINI,12,50,8.87,13.31,3,39.93,0.15,0.03
INV-65789300077,2023-12-29T00:00:00.000,2524,HY-VEE FOOD STORE #1 (1159) / DUBUQUE,3500 DODGE ST,DUBUQUE,52001,POINT (-90.722046015 42.48968301),,DUBUQUE,1081200,CREAM LIQUEURS,205,E & J GALLO WINERY,73055,RUMCHATA,12,750,14.00,21.00,12,252.00,9.00,2.37
INV-65789300078,2023-12-29T00:00:00.000,2524,HY-VEE FOOD STORE #1 (1159) / DUBUQUE,3500 DODGE ST,DUBUQUE,52001,POINT (-90.722046015 42.48968301),,DUBUQUE,1081300,AMERICAN CORDIALS & LIQUEURS,772,INTERCONTINENTAL PACKAGING COMPANY/PRESTIGE BEVERAGE GROUP,75195,KINKY ALOHA MINI,6,50,4.84,7.26,2,14.52,0.10,0.02
INV-65789300079,2023-12-29T00:00:00.000,2524,HY-VEE FOOD STORE #1 (1159) / DUBUQUE,3500 DODGE ST,DUBUQUE,52001,POINT (-90.722046015 42.48968301),,DUBUQUE,1081300,AMERICAN CORDIALS & LIQUEURS,772,INTERCONTINENTAL PACKAGING COMPANY/PRESTIGE BEVERAGE GROUP,75208,KINKY PINK MINI,6,50,4.84,7.26,4,29.04,0.20,0.05
INV-65789300080,2023-12-29T00:00:00.000,2524,HY-VEE FOOD STORE #1 (1159) / DUBUQUE,3500 DODGE ST,DUBUQUE,52001,POINT (-90.722046015 42.48968301),,DUBUQUE,1081300,AMERICAN CORDIALS & LIQUEURS,772,INTERCONTINENTAL PACKAGING COMPANY/PRESTIGE BEVERAGE GROUP,75212,KINKY BLUE MINI,6,50,4.84,7.26,4,29.04,0.20,0.05
INV-65789300081,2023-12-29T00:00:00.000,2524,HY-VEE FOOD STORE #1 (1159) / DUBUQUE,3500 DODGE ST,DUBUQUE,52001,POINT (-90.722046015 42.48968301),,DUBUQUE,1091100,AMERICAN DISTILLED SPIRITS SPECIALTY,384,PIEDMONT DISTILLERS INC,76023,MIDNIGHT MOON PEACH MINI,4,50,17.16,25.74,4,102.96,0.20,0.05
INV-65789300082,2023-12-29T00:00:00.000,2524,HY-VEE FOOD STORE #1 (1159) / DUBUQUE,3500 DODGE ST,DUBUQUE,52001,POINT (-90.722046015 42.48968301),,DUBUQUE,1091300,NEUTRAL GRAIN SPIRITS FLAVORED,346,OLE SMOKY DISTILLERY LLC,76413,OLE SMOKY BUTTER PECAN MOONSHINE,6,750,13.00,19.50,6,117.00,4.50,1.18
INV-65789300083,2023-12-29T00:00:00.000,2524,HY-VEE FOOD STORE #1 (1159) / DUBUQUE,3500 DODGE ST,DUBUQUE,52001,POINT (-90.722046015 42.48968301),,DUBUQUE,1031200,AMERICAN FLAVORED VODKA,260,DIAGEO AMERICAS,77683,SMIRNOFF KISSED CARAMEL,12,750,8.25,12.38,12,148.56,9.00,2.37
INV-65789300084,2023-12-29T00:00:00.000,2524,HY-VEE FOOD STORE #1 (1159) / DUBUQUE,3500 DODGE ST,DUBUQUE,52001,POINT (-90.722046015 42.48968301),,DUBUQUE,1031200,AMERICAN FLAVORED VODKA,260,DIAGEO AMERICAS,77956,"SMIRNOFF RED, WHITE & BERRY",12,750,8.25,12.38,12,148.56,9.00,2.37
INV-65789300085,2023-12-29T00:00:00.000,2524,HY-VEE FOOD STORE #1 (1159) / DUBUQUE,3500 DODGE ST,DUBUQUE,52001,POINT (-90.722046015 42.48968301),,DUBUQUE,1011100,BLENDED WHISKIES,065,JIM BEAM BRANDS,78186,TWISTED TEA WHISKEY,12,750,9.00,13.50,12,162.00,9.00,2.37
INV-65789300086,2023-12-29T00:00:00.000,2524,HY-VEE FOOD STORE #1 (1159) / DUBUQUE,3500 DODGE ST,DUBUQUE,52001,POINT (-90.722046015 42.48968301),,DUBUQUE,1081300,AMERICAN CORDIALS & LIQUEURS,434,LUXCO INC,78456,PARAMOUNT CREME DE CACAO DARK,12,750,5.25,7.88,12,94.56,9.00,2.37
INV-65789300087,2023-12-29T00:00:00.000,2524,HY-VEE FOOD STORE #1 (1159) / DUBUQUE,3500 DODGE ST,DUBUQUE,52001,POINT (-90.722046015 42.48968301),,DUBUQUE,1081300,AMERICAN CORDIALS & LIQUEURS,434,LUXCO INC,78616,ARROW CREME DE CACAO WHITE,12,750,5.00,7.50,12,90.00,9.00,2.37
INV-65789300088,2023-12-29T00:00:00.000,2524,HY-VEE FOOD STORE #1 (1159) / DUBUQUE,3500 DODGE ST,DUBUQUE,52001,POINT (-90.722046015 42.48968301),,DUBUQUE,1081300,AMERICAN CORDIALS & LIQUEURS,434,LUXCO INC,79026,ARROW CREME DE MENTHE GREEN,12,750,5.00,7.50,12,90.00,9.00,2.37
INV-65789300089,2023-12-29T00:00:00.000,2524,HY-VEE FOOD STORE #1 (1159) / DUBUQUE,3500 DODGE ST,DUBUQUE,52001,POINT (-90.722046015 42.48968301),,DUBUQUE,1091300,NEUTRAL GRAIN SPIRITS FLAVORED,346,OLE SMOKY DISTILLERY LLC,80398,OLE SMOKY WHITE CHOCOLATE STRAWBERRY MOONSHINE MINI,8,50,8.75,13.13,4,52.52,0.20,0.05
INV-65789300090,2023-12-29T00:00:00.000,2524,HY-VEE FOOD STORE #1 (1159) / DUBUQUE,3500 DODGE ST,DUBUQUE,52001,POINT (-90.722046015 42.48968301),,DUBUQUE,1081400,AMERICAN SCHNAPPS,434,LUXCO INC,80574,ARROW PEPPERMINT SCHNAPPS,24,375,2.40,3.60,2,7.20,0.75,0.19
INV-65789300091,2023-12-29T00:00:00.000,2524,HY-VEE FOOD STORE #1 (1159) / DUBUQUE,3500 DODGE ST,DUBUQUE,52001,POINT (-90.722046015 42.48968301),,DUBUQUE,1081400,AMERICAN SCHNAPPS,434,LUXCO INC,80577,ARROW PEPPERMINT SCHNAPPS,12,1000,4.25,6.38,12,76.56,12.00,3.17
INV-65789300092,2023-12-29T00:00:00.000,2524,HY-VEE FOOD STORE #1 (1159) / DUBUQUE,3500 DODGE ST,DUBUQUE,52001,POINT (-90.722046015 42.48968301),,DUBUQUE,1081400,AMERICAN SCHNAPPS,065,JIM BEAM BRANDS,82786,DEKUYPER BUTTERSHOTS,12,750,6.75,10.13,12,121.56,9.00,2.37
INV-65789300093,2023-12-29T00:00:00.000,2524,HY-VEE FOOD STORE #1 (1159) / DUBUQUE,3500 DODGE ST,DUBUQUE,52001,POINT (-90.722046015 42.48968301),,DUBUQUE,1081300,AMERICAN CORDIALS & LIQUEURS,065,JIM BEAM BRANDS,85526,DEKUYPER BLUE CURACAO,12,750,5.25,7.88,12,94.56,9.00,2.37
INV-65789300094,2023-12-29T00:00:00.000,2524,HY-VEE FOOD STORE #1 (1159) / DUBUQUE,3500 DODGE ST,DUBUQUE,52001,POINT (-90.722046015 42.48968301),,DUBUQUE,1081600,WHISKEY LIQUEUR,620,MPL BRANDS NV INC/ PATCO BRANDS,85980,DOUGH BALL COOKIE DOUGH WHISKEY,6,750,17.54,26.31,6,157.86,4.50,1.18
INV-65789300095,2023-12-29T00:00:00.000,2524,HY-VEE FOOD STORE #1 (1159) / DUBUQUE,3500 DODGE ST,DUBUQUE,52001,POINT (-90.722046015 42.48968301),,DUBUQUE,1091100,AMERICAN DISTILLED SPIRITS SPECIALTY,370,PERNOD RICARD USA,86439,SKREWBALL PEANUT BUTTER WHISKEY,12,750,14.99,22.49,12,269.88,9.00,2.37
INV-65789300096,2023-12-29T00:00:00.000,2524,HY-VEE FOOD STORE #1 (1159) / DUBUQUE,3500 DODGE ST,DUBUQUE,52001,POINT (-90.722046015 42.48968301),,DUBUQUE,1081500,TRIPLE SEC,421,SAZERAC COMPANY  INC,86487,MR BOSTON TRIPLE SEC,12,1000,2.13,3.20,12,38.40,12.00,3.17
INV-65789300097,2023-12-29T00:00:00.000,2524,HY-VEE FOOD STORE #1 (1159) / DUBUQUE,3500 DODGE ST,DUBUQUE,52001,POINT (-90.722046015 42.48968301),,DUBUQUE,1011400,TENNESSEE WHISKIES,346,OLE SMOKY DISTILLERY LLC,86543,OLE SMOKY PEACH WHISKEY MINI,4,50,17.50,26.25,1,26.25,0.05,0.01
INV-65789300098,2023-12-29T00:00:00.000,2524,HY-VEE FOOD STORE #1 (1159) / DUBUQUE,3500 DODGE ST,DUBUQUE,52001,POINT (-90.722046015 42.48968301),,DUBUQUE,1091300,NEUTRAL GRAIN SPIRITS FLAVORED,346,OLE SMOKY DISTILLERY LLC,86843,OLE SMOKY SALTY CARAMEL WHISKEY,6,750,11.00,16.50,6,99.00,4.50,1.18
INV-65789300099,2023-12-29T00:00:00.000,2524,HY-VEE FOOD STORE #1 (1159) / DUBUQUE,3500 DODGE ST,DUBUQUE,52001,POINT (-90.722046015 42.48968301),,DUBUQUE,1081600,WHISKEY LIQUEUR,421,SAZERAC COMPANY  INC,86881,SOUTHERN COMFORT MINI,10,50,5.16,7.74,10,77.40,0.50,0.13
INV-65789300100,2023-12-29T00:00:00.000,2524,HY-VEE FOOD STORE #1 (1159) / DUBUQUE,3500 DODGE ST,DUBUQUE,52001,POINT (-90.722046015 42.48968301),,DUBUQUE,1081600,WHISKEY LIQUEUR,421,SAZERAC COMPANY  INC,86884,SOUTHERN COMFORT,24,375,4.78,7.17,4,28.68,1.50,0.39
INV-65789300101,2023-12-29T00:00:00.000,2524,HY-VEE FOOD STORE #1 (1159) / DUBUQUE,3500 DODGE ST,DUBUQUE,52001,POINT (-90.722046015 42.48968301),,DUBUQUE,1081600,WHISKEY LIQUEUR,421,SAZERAC COMPANY  INC,86885,SOUTHERN COMFORT PET,12,750,10.33,15.50,12,186.00,9.00,2.37
INV-65789300102,2023-12-29T00:00:00.000,2524,HY-VEE FOOD STORE #1 (1159) / DUBUQUE,3500 DODGE ST,DUBUQUE,52001,POINT (-90.722046015 42.48968301),,DUBUQUE,1081600,WHISKEY LIQUEUR,421,SAZERAC COMPANY  INC,86887,SOUTHERN COMFORT,12,1000,12.97,19.46,24,467.04,24.00,6.34
INV-65789300103,2023-12-29T00:00:00.000,2524,HY-VEE FOOD STORE #1 (1159) / DUBUQUE,3500 DODGE ST,DUBUQUE,52001,POINT (-90.722046015 42.48968301),,DUBUQUE,1701100,TEMPORARY & SPECIALTY PACKAGES,346,OLE SMOKY DISTILLERY LLC,86973,OLE SMOKY PEPPERMINT MOONSHINE MINI,8,50,8.75,13.13,1,13.13,0.05,0.01
INV-65789300104,2023-12-29T00:00:00.000,2524,HY-VEE FOOD STORE #1 (1159) / DUBUQUE,3500 DODGE ST,DUBUQUE,52001,POINT (-90.722046015 42.48968301),,DUBUQUE,1011400,TENNESSEE WHISKIES,346,OLE SMOKY DISTILLERY LLC,87063,OLE SMOKY PEANUT BUTTER WHISKEY MINI,4,50,17.50,26.25,1,26.25,0.05,0.01
INV-65789300105,2023-12-29T00:00:00.000,2524,HY-VEE FOOD STORE #1 (1159) / DUBUQUE,3500 DODGE ST,DUBUQUE,52001,POINT (-90.722046015 42.48968301),,DUBUQUE,1022100,MIXTO TEQUILA,395,PROXIMO,87408,JOSE CUERVO ESPECIAL SILVER,12,750,12.00,18.00,12,216.00,9.00,2.37
INV-65789300106,2023-12-29T00:00:00.000,2524,HY-VEE FOOD STORE #1 (1159) / DUBUQUE,3500 DODGE ST,DUBUQUE,52001,POINT (-90.722046015 42.48968301),,DUBUQUE,1022200,100% AGAVE TEQUILA,619,CAMPARI AMERICA,87619,ESPOLON BLANCO,12,750,16.00,24.00,6,144.00,4.50,1.18
INV-65789300107,2023-12-29T00:00:00.000,2524,HY-VEE FOOD STORE #1 (1159) / DUBUQUE,3500 DODGE ST,DUBUQUE,52001,POINT (-90.722046015 42.48968301),,DUBUQUE,1022100,MIXTO TEQUILA,434,LUXCO INC,87937,JUAREZ SILVER,12,1000,9.00,13.50,12,153.00,12.00,3.17
INV-65789300108,2023-12-29T00:00:00.000,2524,HY-VEE FOOD STORE #1 (1159) / DUBUQUE,3500 DODGE ST,DUBUQUE,52001,POINT (-90.722046015 42.48968301),,DUBUQUE,1022200,100% AGAVE TEQUILA,421,SAZERAC COMPANY  INC,88036,MARGARITAVILLE SILVER TEQUILA,12,750,8.00,12.00,12,144.00,9.00,2.37
INV-65789300109,2023-12-29T00:00:00.000,2524,HY-VEE FOOD STORE #1 (1159) / DUBUQUE,3500 DODGE ST,DUBUQUE,52001,POINT (-90.722046015 42.48968301),,DUBUQUE,1022200,100% AGAVE TEQUILA,035,BACARDI USA INC,88290,PATRON SILVER,12,200,9.50,14.25,2,28.50,0.40,0.10
INV-65789400001,2023-12-29T00:00:00.000,2649,HY-VEE #3 / DUBUQUE,400 LOCUST ST,DUBUQUE,52001,POINT (-90.666456256 42.49730433),,DUBUQUE,1062400,SPICED RUM,260,DIAGEO AMERICAS,1799,CAPTAIN MORGAN ORIGINAL SPICED BARREL,6,1750,18.99,28.49,270,7692.30,472.50,124.82
INV-65789400002,2023-12-29T00:00:00.000,2649,HY-VEE #3 / DUBUQUE,400 LOCUST ST,DUBUQUE,52001,POINT (-90.666456256 42.49730433),,DUBUQUE,1031100,AMERICAN VODKAS,260,DIAGEO AMERICAS,38008,SMIRNOFF 80PRF PET,6,1750,14.75,22.13,90,1991.70,157.50,41.60
INV-65789500001,2023-12-29T00:00:00.000,2649,HY-VEE #3 / DUBUQUE,400 LOCUST ST,DUBUQUE,52001,POINT (-90.666456256 42.49730433),,DUBUQUE,1081600,WHISKEY LIQUEUR,421,SAZERAC COMPANY  INC,100413,FIREBALL CINNAMON WHISKEY PARTY BUCKET,1,50,51.60,77.40,2,154.80,0.10,0.02
INV-65789500002,2023-12-29T00:00:00.000,2649,HY-VEE #3 / DUBUQUE,400 LOCUST ST,DUBUQUE,52001,POINT (-90.666456256 42.49730433),,DUBUQUE,1012100,CANADIAN WHISKIES,259,HEAVEN HILL BRANDS,10550,BLACK VELVET TOASTED CARAMEL,12,750,5.74,8.61,2,17.22,1.50,0.39
INV-65789500003,2023-12-29T00:00:00.000,2649,HY-VEE #3 / DUBUQUE,400 LOCUST ST,DUBUQUE,52001,POINT (-90.666456256 42.49730433),,DUBUQUE,1012100,CANADIAN WHISKIES,065,JIM BEAM BRANDS,10627,CANADIAN CLUB WHISKY,12,1000,9.71,14.57,4,58.28,4.00,1.05
INV-65789500004,2023-12-29T00:00:00.000,2649,HY-VEE #3 / DUBUQUE,400 LOCUST ST,DUBUQUE,52001,POINT (-90.666456256 42.49730433),,DUBUQUE,1012100,CANADIAN WHISKIES,065,JIM BEAM BRANDS,10628,CANADIAN CLUB WHISKY,6,1750,14.50,21.75,6,130.50,10.50,2.77
INV-65789500005,2023-12-29T00:00:00.000,2649,HY-VEE #3 / DUBUQUE,400 LOCUST ST,DUBUQUE,52001,POINT (-90.666456256 42.49730433),,DUBUQUE,1012100,CANADIAN WHISKIES,260,DIAGEO AMERICAS,10802,CROWN ROYAL PEACH,12,750,17.49,26.24,4,104.96,3.00,0.79
INV-65789500006,2023-12-29T00:00:00.000,2649,HY-VEE #3 / DUBUQUE,400 LOCUST ST,DUBUQUE,52001,POINT (-90.666456256 42.49730433),,DUBUQUE,1012100,CANADIAN WHISKIES,260,DIAGEO AMERICAS,11298,CROWN ROYAL,6,1750,33.99,50.99,1,50.99,1.75,0.46
INV-65789500007,2023-12-29T00:00:00.000,2649,HY-VEE #3 / DUBUQUE,400 LOCUST ST,DUBUQUE,52001,POINT (-90.666456256 42.49730433),,DUBUQUE,1012100,CANADIAN WHISKIES,259,HEAVEN HILL BRANDS,11777,BLACK VELVET,12,1000,7.00,10.50,3,31.50,3.00,0.79
INV-65789500008,2023-12-29T00:00:00.000,2649,HY-VEE #3 / DUBUQUE,400 LOCUST ST,DUBUQUE,52001,POINT (-90.666456256 42.49730433),,DUBUQUE,1012100,CANADIAN WHISKIES,259,HEAVEN HILL BRANDS,11788,BLACK VELVET,6,1750,11.00,16.50,12,198.00,21.00,5.54
INV-65789500009,2023-12-29T00:00:00.000,2649,HY-VEE #3 / DUBUQUE,400 LOCUST ST,DUBUQUE,52001,POINT (-90.666456256 42.49730433),,DUBUQUE,1012400,IRISH WHISKIES,380,PHILLIPS BEVERAGE,15582,FINAGRENS IRISH WHISKEY,12,750,10.38,15.57,6,93.42,4.50,1.18
INV-65789500010,2023-12-29T00:00:00.000,2649,HY-VEE #3 / DUBUQUE,400 LOCUST ST,DUBUQUE,52001,POINT (-90.666456256 42.49730433),,DUBUQUE,1012400,IRISH WHISKIES,370,PERNOD RICARD USA,15667,JAMESON BLACK BARREL,12,750,24.99,37.49,2,74.98,1.50,0.39
INV-65789500011,2023-12-29T00:00:00.000,2649,HY-VEE #3 / DUBUQUE,400 LOCUST ST,DUBUQUE,52001,POINT (-90.666456256 42.49730433),,DUBUQUE,1012400,IRISH WHISKIES,395,PROXIMO,15830,PROPER NO. TWELVE,12,750,14.00,21.00,4,84.00,3.00,0.79
INV-65789500012,2023-12-29T00:00:00.000,2649,HY-VEE #3 / DUBUQUE,400 LOCUST ST,DUBUQUE,52001,POINT (-90.666456256 42.49730433),,DUBUQUE,1011500,BOTTLED IN BOND BOURBON,300,MCCORMICK DISTILLING CO.,16254,BEN HOLLADAY 6YR MO BOURBON,6,750,30.00,45.00,1,45.00,0.75,0.19
INV-65789500013,2023-12-29T00:00:00.000,2649,HY-VEE #3 / DUBUQUE,400 LOCUST ST,DUBUQUE,52001,POINT (-90.666456256 42.49730433),,DUBUQUE,1011200,STRAIGHT BOURBON WHISKIES,035,BACARDI USA INC,16562,ANGELS ENVY BOURBON PORT FINISHED,6,750,25.99,38.99,3,116.97,2.25,0.59
INV-65789500014,2023-12-29T00:00:00.000,2649,HY-VEE #3 / DUBUQUE,400 LOCUST ST,DUBUQUE,52001,POINT (-90.666456256 42.49730433),,DUBUQUE,1011200,STRAIGHT BOURBON WHISKIES,065,JIM BEAM BRANDS,16676,BASIL HAYDEN 8YR,12,750,22.50,33.75,4,135.00,3.00,0.79
INV-65789500015,2023-12-29T00:00:00.000,2649,HY-VEE #3 / DUBUQUE,400 LOCUST ST,DUBUQUE,52001,POINT (-90.666456256 42.49730433),,DUBUQUE,1011200,STRAIGHT BOURBON WHISKIES,260,DIAGEO AMERICAS,16832,BLADE & BOW,6,750,25.00,37.50,1,37.50,0.75,0.19
INV-65789500016,2023-12-29T00:00:00.000,2649,HY-VEE #3 / DUBUQUE,400 LOCUST ST,DUBUQUE,52001,POINT (-90.666456256 42.49730433),,DUBUQUE,1011200,STRAIGHT BOURBON WHISKIES,260,DIAGEO AMERICAS,17086,BULLEIT BOURBON,12,750,17.99,26.99,6,161.94,4.50,1.18
INV-65789500017,2023-12-29T00:00:00.000,2649,HY-VEE #3 / DUBUQUE,400 LOCUST ST,DUBUQUE,52001,POINT (-90.666456256 42.49730433),,DUBUQUE,1011200,STRAIGHT BOURBON WHISKIES,259,HEAVEN HILL BRANDS,17127,CABIN STILL STR BOURBON,12,1000,5.00,7.50,12,90.00,12.00,3.17
INV-65789500018,2023-12-29T00:00:00.000,2649,HY-VEE #3 / DUBUQUE,400 LOCUST ST,DUBUQUE,52001,POINT (-90.666456256 42.49730433),,DUBUQUE,1011200,STRAIGHT BOURBON WHISKIES,259,HEAVEN HILL BRANDS,18116,EVAN WILLIAMS BLACK PET,12,750,9.00,13.50,6,81.00,4.50,1.18
INV-65789500019,2023-12-29T00:00:00.000,2649,HY-VEE #3 / DUBUQUE,400 LOCUST ST,DUBUQUE,52001,POINT (-90.666456256 42.49730433),,DUBUQUE,1011200,STRAIGHT BOURBON WHISKIES,830,KIRIN BEER & SPIRITS OF AMERICA INC / FOUR ROSES DISTILLERY,18352,FOUR ROSES BOURBON,12,750,13.50,20.25,4,81.00,3.00,0.79
INV-65789500020,2023-12-29T00:00:00.000,2649,HY-VEE #3 / DUBUQUE,400 LOCUST ST,DUBUQUE,52001,POINT (-90.666456256 42.49730433),,DUBUQUE,1011200,STRAIGHT BOURBON WHISKIES,065,JIM BEAM BRANDS,19066,JIM BEAM,12,750,11.00,16.50,6,99.00,4.50,1.18
INV-65789500021,2023-12-29T00:00:00.000,2649,HY-VEE #3 / DUBUQUE,400 LOCUST ST,DUBUQUE,52001,POINT (-90.666456256 42.49730433),,DUBUQUE,1011200,STRAIGHT BOURBON WHISKIES,065,JIM BEAM BRANDS,19476,MAKERS MARK,12,750,18.00,27.00,6,162.00,4.50,1.18
INV-65789500022,2023-12-29T00:00:00.000,2649,HY-VEE #3 / DUBUQUE,400 LOCUST ST,DUBUQUE,52001,POINT (-90.666456256 42.49730433),,DUBUQUE,1011200,STRAIGHT BOURBON WHISKIES,065,JIM BEAM BRANDS,20246,OLD CROW,12,750,5.50,8.25,12,99.00,9.00,2.37
INV-65789500023,2023-12-29T00:00:00.000,2649,HY-VEE #3 / DUBUQUE,400 LOCUST ST,DUBUQUE,52001,POINT (-90.666456256 42.49730433),,DUBUQUE,1011200,STRAIGHT BOURBON WHISKIES,434,LUXCO INC,21206,REBEL KSBW,12,750,9.50,14.25,4,57.00,3.00,0.79
INV-65789500024,2023-12-29T00:00:00.000,2649,HY-VEE #3 / DUBUQUE,400 LOCUST ST,DUBUQUE,52001,POINT (-90.666456256 42.49730433),,DUBUQUE,1011200,STRAIGHT BOURBON WHISKIES,421,SAZERAC COMPANY  INC,21460,BENCHMARK BONDED,12,750,10.00,15.00,2,30.00,1.50,0.39
INV-65789500025,2023-12-29T00:00:00.000,2649,HY-VEE #3 / DUBUQUE,400 LOCUST ST,DUBUQUE,52001,POINT (-90.666456256 42.49730433),,DUBUQUE,1011100,BLENDED WHISKIES,065,JIM BEAM BRANDS,24457,KESSLER BLEND WHISKEY,12,1000,7.17,10.76,6,64.56,6.00,1.58
INV-65789500026,2023-12-29T00:00:00.000,2649,HY-VEE #3 / DUBUQUE,400 LOCUST ST,DUBUQUE,52001,POINT (-90.666456256 42.49730433),,DUBUQUE,1011100,BLENDED WHISKIES,065,JIM BEAM BRANDS,24466,KESSLER BLEND WHISKEY PET,12,750,5.51,8.27,12,99.24,9.00,2.37
INV-65789500027,2023-12-29T00:00:00.000,2649,HY-VEE #3 / DUBUQUE,400 LOCUST ST,DUBUQUE,52001,POINT (-90.666456256 42.49730433),,DUBUQUE,1011400,TENNESSEE WHISKIES,085,BROWN FORMAN CORP.,26826,JACK DANIELS OLD #7 BLACK LABEL,12,750,15.91,23.87,12,286.44,9.00,2.37
INV-65789500028,2023-12-29T00:00:00.000,2649,HY-VEE #3 / DUBUQUE,400 LOCUST ST,DUBUQUE,52001,POINT (-90.666456256 42.49730433),,DUBUQUE,1011100,BLENDED WHISKIES,232,DRIFTLESS GLEN DISTILLERY,27237,DRIFTLESS GLEN BOURBON,6,750,21.67,32.51,2,65.02,1.50,0.39
INV-65789500029,2023-12-29T00:00:00.000,2649,HY-VEE #3 / DUBUQUE,400 LOCUST ST,DUBUQUE,52001,POINT (-90.666456256 42.49730433),,DUBUQUE,1011200,STRAIGHT BOURBON WHISKIES,065,JIM BEAM BRANDS,27410,JIM BEAM HONEY,12,750,11.00,16.50,4,66.00,3.00,0.79
INV-65789500030,2023-12-29T00:00:00.000,2649,HY-VEE #3 / DUBUQUE,400 LOCUST ST,DUBUQUE,52001,POINT (-90.666456256 42.49730433),,DUBUQUE,1011100,BLENDED WHISKIES,395,PROXIMO,27605,TIN CUP,12,750,15.00,22.50,4,87.00,3.00,0.79
INV-65789500031,2023-12-29T00:00:00.000,2649,HY-VEE #3 / DUBUQUE,400 LOCUST ST,DUBUQUE,52001,POINT (-90.666456256 42.49730433),,DUBUQUE,1042100,IMPORTED DRY GINS,260,DIAGEO AMERICAS,28867,TANQUERAY GIN,12,1000,15.99,23.99,4,95.96,4.00,1.05
INV-65789500032,2023-12-29T00:00:00.000,2649,HY-VEE #3 / DUBUQUE,400 LOCUST ST,DUBUQUE,52001,POINT (-90.666456256 42.49730433),,DUBUQUE,1041100,AMERICAN DRY GINS,370,PERNOD RICARD USA,32237,SEAGRAMS EXTRA DRY GIN,12,1000,8.99,13.49,2,26.98,2.00,0.52
INV-65789500033,2023-12-29T00:00:00.000,2649,HY-VEE #3 / DUBUQUE,400 LOCUST ST,DUBUQUE,52001,POINT (-90.666456256 42.49730433),,DUBUQUE,1041100,AMERICAN DRY GINS,380,PHILLIPS BEVERAGE,32281,SHADEHOUSE GIN,12,750,9.25,13.88,4,55.52,3.00,0.79
INV-65789500034,2023-12-29T00:00:00.000,2649,HY-VEE #3 / DUBUQUE,400 LOCUST ST,DUBUQUE,52001,POINT (-90.666456256 42.49730433),,DUBUQUE,1032100,IMPORTED VODKAS,370,PERNOD RICARD USA,34006,ABSOLUT SWEDISH VODKA 80PRF,12,750,9.99,14.99,12,179.88,9.00,2.37
INV-65789500035,2023-12-29T00:00:00.000,2649,HY-VEE #3 / DUBUQUE,400 LOCUST ST,DUBUQUE,52001,POINT (-90.666456256 42.49730433),,DUBUQUE,1032100,IMPORTED VODKAS,260,DIAGEO AMERICAS,34456,KETEL ONE,12,750,11.33,17.00,6,102.00,4.50,1.18
INV-65789500036,2023-12-29T00:00:00.000,2649,HY-VEE #3 / DUBUQUE,400 LOCUST ST,DUBUQUE,52001,POINT (-90.666456256 42.49730433),,DUBUQUE,1032100,IMPORTED VODKAS,260,DIAGEO AMERICAS,34457,KETEL ONE,12,1000,15.16,22.74,2,45.48,2.00,0.52
INV-65789500037,2023-12-29T00:00:00.000,2649,HY-VEE #3 / DUBUQUE,400 LOCUST ST,DUBUQUE,52001,POINT (-90.666456256 42.49730433),,DUBUQUE,1032100,IMPORTED VODKAS,260,DIAGEO AMERICAS,34458,KETEL ONE,6,1750,20.99,31.49,3,94.47,5.25,1.38
INV-65789500038,2023-12-29T00:00:00.000,2649,HY-VEE #3 / DUBUQUE,400 LOCUST ST,DUBUQUE,52001,POINT (-90.666456256 42.49730433),,DUBUQUE,1031100,AMERICAN VODKAS,259,HEAVEN HILL BRANDS,35416,BURNETTS VODKA 80PRF,12,750,4.50,6.75,4,27.00,3.00,0.79
INV-65789500039,2023-12-29T00:00:00.000,2649,HY-VEE #3 / DUBUQUE,400 LOCUST ST,DUBUQUE,52001,POINT (-90.666456256 42.49730433),,DUBUQUE,1031100,AMERICAN VODKAS,421,SAZERAC COMPANY  INC,35944,FLEISCHMANNS 80PRF VODKA,24,375,1.74,2.61,6,15.66,2.25,0.59
INV-65789500040,2023-12-29T00:00:00.000,2649,HY-VEE #3 / DUBUQUE,400 LOCUST ST,DUBUQUE,52001,POINT (-90.666456256 42.49730433),,DUBUQUE,1031100,AMERICAN VODKAS,421,SAZERAC COMPANY  INC,35946,FLEISCHMANNS 80PRF VODKA,12,750,3.00,4.50,12,54.00,9.00,2.37
INV-65789500041,2023-12-29T00:00:00.000,2649,HY-VEE #3 / DUBUQUE,400 LOCUST ST,DUBUQUE,52001,POINT (-90.666456256 42.49730433),,DUBUQUE,1031100,AMERICAN VODKAS,421,SAZERAC COMPANY  INC,35948,FLEISCHMANNS 80PRF VODKA,6,1750,6.50,9.75,30,292.50,52.50,13.86
INV-65789500042,2023-12-29T00:00:00.000,2649,HY-VEE #3 / DUBUQUE,400 LOCUST ST,DUBUQUE,52001,POINT (-90.666456256 42.49730433),,DUBUQUE,1031100,AMERICAN VODKAS,260,DIAGEO AMERICAS,36186,GORDONS 80PRF VODKA,12,750,5.26,7.89,4,31.56,3.00,0.79
INV-65789500043,2023-12-29T00:00:00.000,2649,HY-VEE #3 / DUBUQUE,400 LOCUST ST,DUBUQUE,52001,POINT (-90.666456256 42.49730433),,DUBUQUE,1031100,AMERICAN VODKAS,434,LUXCO INC,36307,HAWKEYE VODKA,12,1000,4.35,6.53,4,26.12,4.00,1.05
INV-65789500044,2023-12-29T00:00:00.000,2649,HY-VEE #3 / DUBUQUE,400 LOCUST ST,DUBUQUE,52001,POINT (-90.666456256 42.49730433),,DUBUQUE,1031100,AMERICAN VODKAS,434,LUXCO INC,36308,HAWKEYE VODKA,6,1750,7.50,11.25,6,67.50,10.50,2.77
INV-65789500045,2023-12-29T00:00:00.000,2649,HY-VEE #3 / DUBUQUE,400 LOCUST ST,DUBUQUE,52001,POINT (-90.666456256 42.49730433),,DUBUQUE,1032200,IMPORTED FLAVORED VODKA,370,PERNOD RICARD USA,36769,ABSOLUT GRAPEFRUIT,12,750,9.99,14.99,2,29.98,1.50,0.39
INV-65789500046,2023-12-29T00:00:00.000,2649,HY-VEE #3 / DUBUQUE,400 LOCUST ST,DUBUQUE,52001,POINT (-90.666456256 42.49730433),,DUBUQUE,1031100,AMERICAN VODKAS,777,"BLUE OX SPIRITS, INC.",36875,BLUE OX VODKA,6,1750,7.63,11.45,6,68.70,10.50,2.77
INV-65789500047,2023-12-29T00:00:00.000,2649,HY-VEE #3 / DUBUQUE,400 LOCUST ST,DUBUQUE,52001,POINT (-90.666456256 42.49730433),,DUBUQUE,1031100,AMERICAN VODKAS,205,E & J GALLO WINERY,36969,NEW AMSTERDAM 80PRF,12,750,8.00,12.00,4,48.00,3.00,0.79
INV-65789500048,2023-12-29T00:00:00.000,2649,HY-VEE #3 / DUBUQUE,400 LOCUST ST,DUBUQUE,52001,POINT (-90.666456256 42.49730433),,DUBUQUE,1031100,AMERICAN VODKAS,421,SAZERAC COMPANY  INC,36976,NIKOLAI VODKA,12,750,3.30,4.95,12,59.40,9.00,2.37
INV-65789500049,2023-12-29T00:00:00.000,2649,HY-VEE #3 / DUBUQUE,400 LOCUST ST,DUBUQUE,52001,POINT (-90.666456256 42.49730433),,DUBUQUE,1032200,IMPORTED FLAVORED VODKA,370,PERNOD RICARD USA,37403,ABSOLUT WATERMELON,6,750,9.99,14.99,4,59.96,3.00,0.79
INV-65789500050,2023-12-29T00:00:00.000,2649,HY-VEE #3 / DUBUQUE,400 LOCUST ST,DUBUQUE,52001,POINT (-90.666456256 42.49730433),,DUBUQUE,1031100,AMERICAN VODKAS,301,FIFTH GENERATION INC,38174,TITOS HANDMADE VODKA,12,375,5.42,8.13,2,16.26,0.75,0.19
INV-65789500051,2023-12-29T00:00:00.000,2649,HY-VEE #3 / DUBUQUE,400 LOCUST ST,DUBUQUE,52001,POINT (-90.666456256 42.49730433),,DUBUQUE,1031100,AMERICAN VODKAS,301,FIFTH GENERATION INC,38178,TITOS HANDMADE VODKA,6,1750,19.00,28.50,30,855.00,52.50,13.86
INV-65789500052,2023-12-29T00:00:00.000,2649,HY-VEE #3 / DUBUQUE,400 LOCUST ST,DUBUQUE,52001,POINT (-90.666456256 42.49730433),,DUBUQUE,1031100,AMERICAN VODKAS,209,MINHAS MICRO DISTILLERY,38581,WISCONSIN CLUB VODKA,6,1750,8.17,12.26,12,147.12,21.00,5.54
INV-65789500053,2023-12-29T00:00:00.000,2649,HY-VEE #3 / DUBUQUE,400 LOCUST ST,DUBUQUE,52001,POINT (-90.666456256 42.49730433),,DUBUQUE,1031200,AMERICAN FLAVORED VODKA,380,PHILLIPS BEVERAGE,41688,UV BLUE RASPBERRY PET,12,750,7.50,11.25,4,45.00,3.00,0.79
INV-65789500054,2023-12-29T00:00:00.000,2649,HY-VEE #3 / DUBUQUE,400 LOCUST ST,DUBUQUE,52001,POINT (-90.666456256 42.49730433),,DUBUQUE,1062500,FLAVORED RUM,370,PERNOD RICARD USA,42703,MALIBU PINEAPPLE,12,750,8.99,13.49,6,80.94,4.50,1.18
INV-65789500055,2023-12-29T00:00:00.000,2649,HY-VEE #3 / DUBUQUE,400 LOCUST ST,DUBUQUE,52001,POINT (-90.666456256 42.49730433),,DUBUQUE,1062100,GOLD RUM,035,BACARDI USA INC,43038,BACARDI GOLD,6,1750,15.50,23.25,2,46.50,3.50,0.92
INV-65789500056,2023-12-29T00:00:00.000,2649,HY-VEE #3 / DUBUQUE,400 LOCUST ST,DUBUQUE,52001,POINT (-90.666456256 42.49730433),,DUBUQUE,1062200,WHITE RUM,035,BACARDI USA INC,43128,BACARDI SUPERIOR,6,1750,15.50,23.25,12,279.00,21.00,5.54
INV-65789500057,2023-12-29T00:00:00.000,2649,HY-VEE #3 / DUBUQUE,400 LOCUST ST,DUBUQUE,52001,POINT (-90.666456256 42.49730433),,DUBUQUE,1062500,FLAVORED RUM,035,BACARDI USA INC,43136,BACARDI LIMON,12,750,8.76,13.14,6,78.84,4.50,1.18
INV-65789500058,2023-12-29T00:00:00.000,2649,HY-VEE #3 / DUBUQUE,400 LOCUST ST,DUBUQUE,52001,POINT (-90.666456256 42.49730433),,DUBUQUE,1062400,SPICED RUM,260,DIAGEO AMERICAS,43285,CAPTAIN MORGAN ORIGINAL SPICED PET,12,750,9.49,14.24,12,170.88,9.00,2.37
INV-65789500059,2023-12-29T00:00:00.000,2649,HY-VEE #3 / DUBUQUE,400 LOCUST ST,DUBUQUE,52001,POINT (-90.666456256 42.49730433),,DUBUQUE,1012300,SINGLE MALT SCOTCH,240,WILLIAM GRANT & SONS INC,4356,BALVENIE 12YR DOUBLEWOOD,12,750,40.00,60.00,2,120.00,1.50,0.39
INV-65789500060,2023-12-29T00:00:00.000,2649,HY-VEE #3 / DUBUQUE,400 LOCUST ST,DUBUQUE,52001,POINT (-90.666456256 42.49730433),,DUBUQUE,1062100,GOLD RUM,619,CAMPARI AMERICA,43797,APPLETON ESTATE SIGNATURE BLEND,12,750,11.50,17.25,2,34.50,1.50,0.39
INV-65789500061,2023-12-29T00:00:00.000,2649,HY-VEE #3 / DUBUQUE,400 LOCUST ST,DUBUQUE,52001,POINT (-90.666456256 42.49730433),,DUBUQUE,1062500,FLAVORED RUM,065,JIM BEAM BRANDS,44428,CRUZAN BLUEBERRY LEMONADE,12,750,7.00,10.50,4,42.00,3.00,0.79
INV-65789500062,2023-12-29T00:00:00.000,2649,HY-VEE #3 / DUBUQUE,400 LOCUST ST,DUBUQUE,52001,POINT (-90.666456256 42.49730433),,DUBUQUE,1012300,SINGLE MALT SCOTCH,240,WILLIAM GRANT & SONS INC,5006,GLENFIDDICH 12YR SPECIAL RESERVE,12,750,30.00,45.00,2,90.00,1.50,0.39
INV-65789500063,2023-12-29T00:00:00.000,2649,HY-VEE #3 / DUBUQUE,400 LOCUST ST,DUBUQUE,52001,POINT (-90.666456256 42.49730433),,DUBUQUE,1051100,AMERICAN BRANDIES,085,BROWN FORMAN CORP.,52806,KORBEL BRANDY,12,750,6.66,9.99,12,119.88,9.00,2.37
INV-65789500064,2023-12-29T00:00:00.000,2649,HY-VEE #3 / DUBUQUE,400 LOCUST ST,DUBUQUE,52001,POINT (-90.666456256 42.49730433),,DUBUQUE,1051100,AMERICAN BRANDIES,085,BROWN FORMAN CORP.,52835,KORBEL BRANDY PET,6,1750,11.50,17.25,12,207.00,21.00,5.54
INV-65789500065,2023-12-29T00:00:00.000,2649,HY-VEE #3 / DUBUQUE,400 LOCUST ST,DUBUQUE,52001,POINT (-90.666456256 42.49730433),,DUBUQUE,1051100,AMERICAN BRANDIES,421,SAZERAC COMPANY  INC,53218,PAUL MASSON GRANDE AMBER BRANDY VS,6,1750,12.82,19.23,2,38.46,3.50,0.92
INV-65789500066,2023-12-29T00:00:00.000,2649,HY-VEE #3 / DUBUQUE,400 LOCUST ST,DUBUQUE,52001,POINT (-90.666456256 42.49730433),,DUBUQUE,1012200,SCOTCH WHISKIES,260,DIAGEO AMERICAS,5346,JOHNNIE WALKER RED,12,750,13.50,20.25,4,81.00,3.00,0.79
INV-65789500067,2023-12-29T00:00:00.000,2649,HY-VEE #3 / DUBUQUE,400 LOCUST ST,DUBUQUE,52001,POINT (-90.666456256 42.49730433),,DUBUQUE,1051100,AMERICAN BRANDIES,421,SAZERAC COMPANY  INC,55066,MR BOSTON BLACKBERRY BRANDY,12,750,5.00,7.50,12,90.00,9.00,2.37
INV-65789500068,2023-12-29T00:00:00.000,2649,HY-VEE #3 / DUBUQUE,400 LOCUST ST,DUBUQUE,52001,POINT (-90.666456256 42.49730433),,DUBUQUE,1071000,COCKTAILS/RTD,421,SAZERAC COMPANY  INC,57120,CHI-CHI'S LONG ISLAND ICED TEA,6,1750,6.50,9.75,2,19.50,3.50,0.92
INV-65789500069,2023-12-29T00:00:00.000,2649,HY-VEE #3 / DUBUQUE,400 LOCUST ST,DUBUQUE,52001,POINT (-90.666456256 42.49730433),,DUBUQUE,1071000,COCKTAILS/RTD,421,SAZERAC COMPANY  INC,57157,CHI-CHI'S PINA COLADA,6,1750,6.50,9.75,3,29.25,5.25,1.38
INV-65789500070,2023-12-29T00:00:00.000,2649,HY-VEE #3 / DUBUQUE,400 LOCUST ST,DUBUQUE,52001,POINT (-90.666456256 42.49730433),,DUBUQUE,1071000,COCKTAILS/RTD,395,PROXIMO,58838,JOSE CUERVO AUTHENTIC LIME MARGARITA,6,1750,8.74,13.11,6,78.66,10.50,2.77
INV-65789500071,2023-12-29T00:00:00.000,2649,HY-VEE #3 / DUBUQUE,400 LOCUST ST,DUBUQUE,52001,POINT (-90.666456256 42.49730433),,DUBUQUE,1071000,COCKTAILS/RTD,395,PROXIMO,58872,JOSE CUERVO AUTHENTIC LIGHT LIME MARGARITA,6,1750,8.74,13.11,2,26.22,3.50,0.92
INV-65789500072,2023-12-29T00:00:00.000,2649,HY-VEE #3 / DUBUQUE,400 LOCUST ST,DUBUQUE,52001,POINT (-90.666456256 42.49730433),,DUBUQUE,1071000,COCKTAILS/RTD,065,JIM BEAM BRANDS,63345,ON THE ROCKS COCKTAILS TRES GEN JALAPENO PINEAPPLE MARGARITA,12,375,6.50,9.75,4,39.00,1.50,0.39
INV-65789500073,2023-12-29T00:00:00.000,2649,HY-VEE #3 / DUBUQUE,400 LOCUST ST,DUBUQUE,52001,POINT (-90.666456256 42.49730433),,DUBUQUE,1071000,COCKTAILS/RTD,065,JIM BEAM BRANDS,63347,ON THE ROCKS COCKTAILS KNOB CREEK BOURBON OLD FASHIONED,12,375,6.50,9.75,4,39.00,1.50,0.39
INV-65789500074,2023-12-29T00:00:00.000,2649,HY-VEE #3 / DUBUQUE,400 LOCUST ST,DUBUQUE,52001,POINT (-90.666456256 42.49730433),,DUBUQUE,1082100,IMPORTED CORDIALS & LIQUEURS,085,BROWN FORMAN CORP.,64193,CHAMBORD LIQUEUR ROYALE DE FRANCE,12,700,20.00,30.00,2,60.00,1.40,0.36
INV-65789500075,2023-12-29T00:00:00.000,2649,HY-VEE #3 / DUBUQUE,400 LOCUST ST,DUBUQUE,52001,POINT (-90.666456256 42.49730433),,DUBUQUE,1081600,WHISKEY LIQUEUR,421,SAZERAC COMPANY  INC,64865,FIREBALL CINNAMON WHISKEY PET,12,750,9.00,13.50,12,162.00,9.00,2.37
INV-65789500076,2023-12-29T00:00:00.000,2649,HY-VEE #3 / DUBUQUE,400 LOCUST ST,DUBUQUE,52001,POINT (-90.666456256 42.49730433),,DUBUQUE,1081600,WHISKEY LIQUEUR,421,SAZERAC COMPANY  INC,64866,FIREBALL CINNAMON WHISKEY,12,750,9.00,13.50,12,162.00,9.00,2.37
INV-65789500077,2023-12-29T00:00:00.000,2649,HY-VEE #3 / DUBUQUE,400 LOCUST ST,DUBUQUE,52001,POINT (-90.666456256 42.49730433),,DUBUQUE,1081600,WHISKEY LIQUEUR,421,SAZERAC COMPANY  INC,64870,FIREBALL CINNAMON WHISKEY,48,100,1.00,1.50,48,72.00,4.80,1.26
INV-65789500078,2023-12-29T00:00:00.000,2649,HY-VEE #3 / DUBUQUE,400 LOCUST ST,DUBUQUE,52001,POINT (-90.666456256 42.49730433),,DUBUQUE,1082100,IMPORTED CORDIALS & LIQUEURS,192,"MAST-JAGERMEISTER US, INC",65256,JAGERMEISTER LIQUEUR,12,750,14.35,21.53,4,86.12,3.00,0.79
INV-65789500079,2023-12-29T00:00:00.000,2649,HY-VEE #3 / DUBUQUE,400 LOCUST ST,DUBUQUE,52001,POINT (-90.666456256 42.49730433),,DUBUQUE,1082100,IMPORTED CORDIALS & LIQUEURS,192,"MAST-JAGERMEISTER US, INC",65257,JAGERMEISTER LIQUEUR,12,1000,17.42,26.13,4,104.52,4.00,1.05
INV-65789500080,2023-12-29T00:00:00.000,2649,HY-VEE #3 / DUBUQUE,400 LOCUST ST,DUBUQUE,52001,POINT (-90.666456256 42.49730433),,DUBUQUE,1081200,CREAM LIQUEURS,260,DIAGEO AMERICAS,68036,BAILEYS ORIGINAL IRISH CREAM,12,750,16.49,24.74,12,296.88,9.00,2.37
INV-65789500082,2023-12-29T00:00:00.000,2649,HY-VEE #3 / DUBUQUE,400 LOCUST ST,DUBUQUE,52001,POINT (-90.666456256 42.49730433),,DUBUQUE,1081200,CREAM LIQUEURS,205,E & J GALLO WINERY,73051,RUMCHATA MINI,12,50,8.87,13.31,1,13.31,0.05,0.01
INV-65789500083,2023-12-29T00:00:00.000,2649,HY-VEE #3 / DUBUQUE,400 LOCUST ST,DUBUQUE,52001,POINT (-90.666456256 42.49730433),,DUBUQUE,1081200,CREAM LIQUEURS,205,E & J GALLO WINERY,73055,RUMCHATA,12,750,14.00,21.00,4,84.00,3.00,0.79
INV-65789500084,2023-12-29T00:00:00.000,2649,HY-VEE #3 / DUBUQUE,400 LOCUST ST,DUBUQUE,52001,POINT (-90.666456256 42.49730433),,DUBUQUE,1011100,BLENDED WHISKIES,736,CALIFORNIA TEQUILA INC,74777,KNUCKLENOGGIN SALTED CARAMEL WHISKEY,6,750,13.00,19.50,2,39.00,1.50,0.39
INV-65789500085,2023-12-29T00:00:00.000,2649,HY-VEE #3 / DUBUQUE,400 LOCUST ST,DUBUQUE,52001,POINT (-90.666456256 42.49730433),,DUBUQUE,1011400,TENNESSEE WHISKIES,085,BROWN FORMAN CORP.,74801,JACK DANIELS TENNESSEE APPLE,12,750,15.91,23.87,2,47.74,1.50,0.39
INV-65789500086,2023-12-29T00:00:00.000,2649,HY-VEE #3 / DUBUQUE,400 LOCUST ST,DUBUQUE,52001,POINT (-90.666456256 42.49730433),,DUBUQUE,1091100,AMERICAN DISTILLED SPIRITS SPECIALTY,116,BAD BEAR ENTERPRISES LLC / LEGENDARY RYE,74829,IOWA LEGENDARY RYE BLACK LABEL,6,750,19.50,29.25,2,58.50,1.50,0.39
INV-65789500087,2023-12-29T00:00:00.000,2649,HY-VEE #3 / DUBUQUE,400 LOCUST ST,DUBUQUE,52001,POINT (-90.666456256 42.49730433),,DUBUQUE,1032200,IMPORTED FLAVORED VODKA,260,DIAGEO AMERICAS,75183,KETEL ONE BOTANICAL PEACH & ORANGE BLOSSOM,12,750,11.33,17.00,4,68.00,3.00,0.79
INV-65789500088,2023-12-29T00:00:00.000,2649,HY-VEE #3 / DUBUQUE,400 LOCUST ST,DUBUQUE,52001,POINT (-90.666456256 42.49730433),,DUBUQUE,1081300,AMERICAN CORDIALS & LIQUEURS,434,LUXCO INC,76486,PARAMOUNT AMARETTO,12,750,3.75,5.63,2,11.26,1.50,0.39
INV-65789500089,2023-12-29T00:00:00.000,2649,HY-VEE #3 / DUBUQUE,400 LOCUST ST,DUBUQUE,52001,POINT (-90.666456256 42.49730433),,DUBUQUE,1081300,AMERICAN CORDIALS & LIQUEURS,434,LUXCO INC,76487,PARAMOUNT AMARETTO,12,1000,4.30,6.45,2,12.90,2.00,0.52
INV-65789500090,2023-12-29T00:00:00.000,2649,HY-VEE #3 / DUBUQUE,400 LOCUST ST,DUBUQUE,52001,POINT (-90.666456256 42.49730433),,DUBUQUE,1031200,AMERICAN FLAVORED VODKA,260,DIAGEO AMERICAS,77647,SMIRNOFF CITRUS,12,750,8.25,12.38,4,49.52,3.00,0.79
INV-65789500091,2023-12-29T00:00:00.000,2649,HY-VEE #3 / DUBUQUE,400 LOCUST ST,DUBUQUE,52001,POINT (-90.666456256 42.49730433),,DUBUQUE,1081300,AMERICAN CORDIALS & LIQUEURS,434,LUXCO INC,78456,PARAMOUNT CREME DE CACAO DARK,12,750,5.25,7.88,12,94.56,9.00,2.37
INV-65789500092,2023-12-29T00:00:00.000,2649,HY-VEE #3 / DUBUQUE,400 LOCUST ST,DUBUQUE,52001,POINT (-90.666456256 42.49730433),,DUBUQUE,1081200,CREAM LIQUEURS,205,E & J GALLO WINERY,80487,TIPPY COW VANILLA SOFT SERVE,6,750,10.00,15.00,3,49.50,2.25,0.59
INV-65789500093,2023-12-29T00:00:00.000,2649,HY-VEE #3 / DUBUQUE,400 LOCUST ST,DUBUQUE,52001,POINT (-90.666456256 42.49730433),,DUBUQUE,1081400,AMERICAN SCHNAPPS,434,LUXCO INC,80576,ARROW PEPPERMINT SCHNAPPS,12,750,3.75,5.63,2,11.26,1.50,0.39
INV-65789500094,2023-12-29T00:00:00.000,2649,HY-VEE #3 / DUBUQUE,400 LOCUST ST,DUBUQUE,52001,POINT (-90.666456256 42.49730433),,DUBUQUE,1081400,AMERICAN SCHNAPPS,434,LUXCO INC,81196,PARAMOUNT PEPPERMINT SCHNAPPS PET,12,750,4.25,6.38,2,12.76,1.50,0.39
INV-65789500095,2023-12-29T00:00:00.000,2649,HY-VEE #3 / DUBUQUE,400 LOCUST ST,DUBUQUE,52001,POINT (-90.666456256 42.49730433),,DUBUQUE,1081400,AMERICAN SCHNAPPS,434,LUXCO INC,82126,ARROW PEACH SCHNAPPS,12,750,5.00,7.50,4,30.00,3.00,0.79
INV-65789500096,2023-12-29T00:00:00.000,2649,HY-VEE #3 / DUBUQUE,400 LOCUST ST,DUBUQUE,52001,POINT (-90.666456256 42.49730433),,DUBUQUE,1081400,AMERICAN SCHNAPPS,065,JIM BEAM BRANDS,82786,DEKUYPER BUTTERSHOTS,12,750,6.75,10.13,2,20.26,1.50,0.39
INV-65789500097,2023-12-29T00:00:00.000,2649,HY-VEE #3 / DUBUQUE,400 LOCUST ST,DUBUQUE,52001,POINT (-90.666456256 42.49730433),,DUBUQUE,1081300,AMERICAN CORDIALS & LIQUEURS,065,JIM BEAM BRANDS,85526,DEKUYPER BLUE CURACAO,12,750,5.25,7.88,4,31.52,3.00,0.79
INV-65789500098,2023-12-29T00:00:00.000,2649,HY-VEE #3 / DUBUQUE,400 LOCUST ST,DUBUQUE,52001,POINT (-90.666456256 42.49730433),,DUBUQUE,1022200,100% AGAVE TEQUILA,439,WORLD TRADE LIQUOR IMPORTS LLC,86125,NUMBER JUAN TEQUILA BLANCO,6,750,29.83,44.75,1,44.75,0.75,0.19
INV-65789500099,2023-12-29T00:00:00.000,2649,HY-VEE #3 / DUBUQUE,400 LOCUST ST,DUBUQUE,52001,POINT (-90.666456256 42.49730433),,DUBUQUE,1091100,AMERICAN DISTILLED SPIRITS SPECIALTY,370,PERNOD RICARD USA,86439,SKREWBALL PEANUT BUTTER WHISKEY,12,750,14.99,22.49,6,134.94,4.50,1.18
INV-65789500100,2023-12-29T00:00:00.000,2649,HY-VEE #3 / DUBUQUE,400 LOCUST ST,DUBUQUE,52001,POINT (-90.666456256 42.49730433),,DUBUQUE,1011400,TENNESSEE WHISKIES,085,BROWN FORMAN CORP.,86670,JACK DANIELS TENNESSEE HONEY,12,750,15.91,23.87,4,95.48,3.00,0.79
INV-65789500101,2023-12-29T00:00:00.000,2649,HY-VEE #3 / DUBUQUE,400 LOCUST ST,DUBUQUE,52001,POINT (-90.666456256 42.49730433),,DUBUQUE,1022200,100% AGAVE TEQUILA,619,CAMPARI AMERICA,87619,ESPOLON BLANCO,12,750,16.00,24.00,2,48.00,1.50,0.39
INV-65789500102,2023-12-29T00:00:00.000,2649,HY-VEE #3 / DUBUQUE,400 LOCUST ST,DUBUQUE,52001,POINT (-90.666456256 42.49730433),,DUBUQUE,1022200,100% AGAVE TEQUILA,434,LUXCO INC,87646,EXOTICO BLANCO,12,750,12.50,18.75,4,75.00,3.00,0.79
INV-65789500103,2023-12-29T00:00:00.000,2649,HY-VEE #3 / DUBUQUE,400 LOCUST ST,DUBUQUE,52001,POINT (-90.666456256 42.49730433),,DUBUQUE,1022100,MIXTO TEQUILA,395,PROXIMO,89196,JOSE CUERVO ESPECIAL REPOSADO,12,750,12.00,18.00,4,72.00,3.00,0.79
INV-65789500104,2023-12-29T00:00:00.000,2649,HY-VEE #3 / DUBUQUE,400 LOCUST ST,DUBUQUE,52001,POINT (-90.666456256 42.49730433),,DUBUQUE,1022300,MEZCAL,370,PERNOD RICARD USA,89221,DEL MAGUEY MEZCAL VIDA,6,750,21.48,32.22,2,64.44,1.50,0.39
INV-65789600001,2023-12-29T00:00:00.000,5561,CASEY'S GENERAL STORE #32 / MADRID,117 N KENNEDY AVE,MADRID,50156,POINT (-93.815178002 41.877629986),,BOONE,1081600,WHISKEY LIQUEUR,421,SAZERAC COMPANY  INC,100423,FIREBALL CINNAMON WHISKEY 100ML CARRIER,8,100,6.00,9.00,16,144.00,1.60,0.42
INV-65789600002,2023-12-29T00:00:00.000,5561,CASEY'S GENERAL STORE #32 / MADRID,117 N KENNEDY AVE,MADRID,50156,POINT (-93.815178002 41.877629986),,BOONE,1012100,CANADIAN WHISKIES,260,DIAGEO AMERICAS,10805,CROWN ROYAL REGAL APPLE,24,375,8.49,12.74,6,76.44,2.25,0.59
INV-65789600003,2023-12-29T00:00:00.000,5561,CASEY'S GENERAL STORE #32 / MADRID,117 N KENNEDY AVE,MADRID,50156,POINT (-93.815178002 41.877629986),,BOONE,1012100,CANADIAN WHISKIES,260,DIAGEO AMERICAS,10807,CROWN ROYAL REGAL APPLE,12,750,17.49,26.24,4,104.96,3.00,0.79
INV-65789600004,2023-12-29T00:00:00.000,5561,CASEY'S GENERAL STORE #32 / MADRID,117 N KENNEDY AVE,MADRID,50156,POINT (-93.815178002 41.877629986),,BOONE,1012100,CANADIAN WHISKIES,260,DIAGEO AMERICAS,11290,CROWN ROYAL MINI,10,50,9.95,14.93,3,44.79,0.15,0.03
INV-65789600005,2023-12-29T00:00:00.000,5561,CASEY'S GENERAL STORE #32 / MADRID,117 N KENNEDY AVE,MADRID,50156,POINT (-93.815178002 41.877629986),,BOONE,1012100,CANADIAN WHISKIES,260,DIAGEO AMERICAS,11294,CROWN ROYAL,24,375,8.49,12.74,3,38.22,1.12,0.29
INV-65789600006,2023-12-29T00:00:00.000,5561,CASEY'S GENERAL STORE #32 / MADRID,117 N KENNEDY AVE,MADRID,50156,POINT (-93.815178002 41.877629986),,BOONE,1012100,CANADIAN WHISKIES,259,HEAVEN HILL BRANDS,11774,BLACK VELVET,24,375,3.25,4.88,24,117.12,9.00,2.37
INV-65789600007,2023-12-29T00:00:00.000,5561,CASEY'S GENERAL STORE #32 / MADRID,117 N KENNEDY AVE,MADRID,50156,POINT (-93.815178002 41.877629986),,BOONE,1012100,CANADIAN WHISKIES,259,HEAVEN HILL BRANDS,11788,BLACK VELVET,6,1750,11.00,16.50,6,99.00,10.50,2.77
INV-65789600008,2023-12-29T00:00:00.000,5561,CASEY'S GENERAL STORE #32 / MADRID,117 N KENNEDY AVE,MADRID,50156,POINT (-93.815178002 41.877629986),,BOONE,1011200,STRAIGHT BOURBON WHISKIES,065,JIM BEAM BRANDS,19061,JIM BEAM MINI,12,50,7.00,10.50,2,21.00,0.10,0.02
INV-65789600009,2023-12-29T00:00:00.000,5561,CASEY'S GENERAL STORE #32 / MADRID,117 N KENNEDY AVE,MADRID,50156,POINT (-93.815178002 41.877629986),,BOONE,1011200,STRAIGHT BOURBON WHISKIES,065,JIM BEAM BRANDS,19476,MAKERS MARK,12,750,18.00,27.00,2,54.00,1.50,0.39
INV-65789600010,2023-12-29T00:00:00.000,5561,CASEY'S GENERAL STORE #32 / MADRID,117 N KENNEDY AVE,MADRID,50156,POINT (-93.815178002 41.877629986),,BOONE,1011400,TENNESSEE WHISKIES,085,BROWN FORMAN CORP.,26821,JACK DANIELS OLD #7 BLACK LABEL MINI,12,50,11.50,17.25,2,34.50,0.10,0.02
INV-65789600011,2023-12-29T00:00:00.000,5561,CASEY'S GENERAL STORE #32 / MADRID,117 N KENNEDY AVE,MADRID,50156,POINT (-93.815178002 41.877629986),,BOONE,1031100,AMERICAN VODKAS,421,SAZERAC COMPANY  INC,37868,FROST TRAIL VODKA,12,750,5.22,7.83,12,93.96,9.00,2.37
INV-65789600012,2023-12-29T00:00:00.000,5561,CASEY'S GENERAL STORE #32 / MADRID,117 N KENNEDY AVE,MADRID,50156,POINT (-93.815178002 41.877629986),,BOONE,1031100,AMERICAN VODKAS,260,DIAGEO AMERICAS,37991,SMIRNOFF 80PRF MINI,12,50,7.47,11.21,12,134.52,0.60,0.15
INV-65789600013,2023-12-29T00:00:00.000,5561,CASEY'S GENERAL STORE #32 / MADRID,117 N KENNEDY AVE,MADRID,50156,POINT (-93.815178002 41.877629986),,BOONE,1031100,AMERICAN VODKAS,260,DIAGEO AMERICAS,37996,SMIRNOFF 80PRF,12,750,8.25,12.38,3,37.14,2.25,0.59
INV-65789600014,2023-12-29T00:00:00.000,5561,CASEY'S GENERAL STORE #32 / MADRID,117 N KENNEDY AVE,MADRID,50156,POINT (-93.815178002 41.877629986),,BOONE,1031100,AMERICAN VODKAS,301,FIFTH GENERATION INC,38176,TITOS HANDMADE VODKA,12,750,10.00,15.00,12,180.00,9.00,2.37
INV-65789600015,2023-12-29T00:00:00.000,5561,CASEY'S GENERAL STORE #32 / MADRID,117 N KENNEDY AVE,MADRID,50156,POINT (-93.815178002 41.877629986),,BOONE,1031200,AMERICAN FLAVORED VODKA,205,E & J GALLO WINERY,39422,NEW AMSTERDAM PINK WHITNEY MINI,12,50,4.61,6.92,1,6.92,0.05,0.01
INV-65789600016,2023-12-29T00:00:00.000,5561,CASEY'S GENERAL STORE #32 / MADRID,117 N KENNEDY AVE,MADRID,50156,POINT (-93.815178002 41.877629986),,BOONE,1062500,FLAVORED RUM,370,PERNOD RICARD USA,42716,MALIBU COCONUT,12,750,8.99,13.49,3,40.47,2.25,0.59
INV-65789600017,2023-12-29T00:00:00.000,5561,CASEY'S GENERAL STORE #32 / MADRID,117 N KENNEDY AVE,MADRID,50156,POINT (-93.815178002 41.877629986),,BOONE,1062400,SPICED RUM,259,HEAVEN HILL BRANDS,43028,ADMIRAL NELSON SPICED,6,1750,12.00,18.00,3,54.00,5.25,1.38
INV-65789600018,2023-12-29T00:00:00.000,5561,CASEY'S GENERAL STORE #32 / MADRID,117 N KENNEDY AVE,MADRID,50156,POINT (-93.815178002 41.877629986),,BOONE,1081600,WHISKEY LIQUEUR,421,SAZERAC COMPANY  INC,64858,FIREBALL CINNAMON WHISKEY MINI DISPENSER,1,50,25.80,38.70,3,116.10,0.15,0.03
INV-65789600019,2023-12-29T00:00:00.000,5561,CASEY'S GENERAL STORE #32 / MADRID,117 N KENNEDY AVE,MADRID,50156,POINT (-93.815178002 41.877629986),,BOONE,1081600,WHISKEY LIQUEUR,421,SAZERAC COMPANY  INC,65013,FIREBALL CINNAMON WHISKEY MINI SLEEVE,12,50,4.30,6.45,12,77.40,0.60,0.15
INV-65789600020,2023-12-29T00:00:00.000,5561,CASEY'S GENERAL STORE #32 / MADRID,117 N KENNEDY AVE,MADRID,50156,POINT (-93.815178002 41.877629986),,BOONE,1091300,NEUTRAL GRAIN SPIRITS FLAVORED,346,OLE SMOKY DISTILLERY LLC,86739,OLE SMOKY APPLE PIE MOONSHINE 70PRF MINI,8,50,8.75,13.13,2,26.26,0.10,0.02
INV-65789600021,2023-12-29T00:00:00.000,5561,CASEY'S GENERAL STORE #32 / MADRID,117 N KENNEDY AVE,MADRID,50156,POINT (-93.815178002 41.877629986),,BOONE,1081600,WHISKEY LIQUEUR,421,SAZERAC COMPANY  INC,86881,SOUTHERN COMFORT MINI,10,50,5.16,7.74,1,7.74,0.05,0.01
INV-65789600022,2023-12-29T00:00:00.000,5561,CASEY'S GENERAL STORE #32 / MADRID,117 N KENNEDY AVE,MADRID,50156,POINT (-93.815178002 41.877629986),,BOONE,1022100,MIXTO TEQUILA,395,PROXIMO,89196,JOSE CUERVO ESPECIAL REPOSADO,12,750,12.00,18.00,3,54.00,2.25,0.59
INV-65789700001,2023-12-29T00:00:00.000,4023,WAL-MART 1389 / BOONE,1515 SE MARSHALL ST,BOONE,50036,POINT (-93.870637032 42.036313998),,BOONE,1012100,CANADIAN WHISKIES,259,HEAVEN HILL BRANDS,11776,BLACK VELVET,12,750,5.50,8.25,12,99.00,9.00,2.37
INV-65789700002,2023-12-29T00:00:00.000,4023,WAL-MART 1389 / BOONE,1515 SE MARSHALL ST,BOONE,50036,POINT (-93.870637032 42.036313998),,BOONE,1012100,CANADIAN WHISKIES,259,HEAVEN HILL BRANDS,11788,BLACK VELVET,6,1750,11.00,16.50,6,99.00,10.50,2.77
INV-65789700003,2023-12-29T00:00:00.000,4023,WAL-MART 1389 / BOONE,1515 SE MARSHALL ST,BOONE,50036,POINT (-93.870637032 42.036313998),,BOONE,1012100,CANADIAN WHISKIES,421,SAZERAC COMPANY  INC,12408,CANADIAN LTD WHISKY,6,1750,10.00,15.00,6,90.00,10.50,2.77
INV-65789700005,2023-12-29T00:00:00.000,4023,WAL-MART 1389 / BOONE,1515 SE MARSHALL ST,BOONE,50036,POINT (-93.870637032 42.036313998),,BOONE,1012100,CANADIAN WHISKIES,772,INTERCONTINENTAL PACKAGING COMPANY/PRESTIGE BEVERAGE GROUP,15248,WINDSOR CANADIAN PET,6,1750,10.00,15.00,6,90.00,10.50,2.77
INV-65789700006,2023-12-29T00:00:00.000,4023,WAL-MART 1389 / BOONE,1515 SE MARSHALL ST,BOONE,50036,POINT (-93.870637032 42.036313998),,BOONE,1012400,IRISH WHISKIES,370,PERNOD RICARD USA,15627,JAMESON,12,1000,20.98,31.47,12,377.64,12.00,3.17
INV-65789700007,2023-12-29T00:00:00.000,4023,WAL-MART 1389 / BOONE,1515 SE MARSHALL ST,BOONE,50036,POINT (-93.870637032 42.036313998),,BOONE,1062400,SPICED RUM,260,DIAGEO AMERICAS,1799,CAPTAIN MORGAN ORIGINAL SPICED BARREL,6,1750,18.99,28.49,12,341.88,21.00,5.54
INV-65789700008,2023-12-29T00:00:00.000,4023,WAL-MART 1389 / BOONE,1515 SE MARSHALL ST,BOONE,50036,POINT (-93.870637032 42.036313998),,BOONE,1011100,BLENDED WHISKIES,297,LAIRD & COMPANY,23828,FIVE STAR,6,1750,8.39,12.59,12,151.08,21.00,5.54
INV-65789700009,2023-12-29T00:00:00.000,4023,WAL-MART 1389 / BOONE,1515 SE MARSHALL ST,BOONE,50036,POINT (-93.870637032 42.036313998),,BOONE,1011400,TENNESSEE WHISKIES,085,BROWN FORMAN CORP.,26826,JACK DANIELS OLD #7 BLACK LABEL,12,750,15.91,23.87,12,286.44,9.00,2.37
INV-65789700010,2023-12-29T00:00:00.000,4023,WAL-MART 1389 / BOONE,1515 SE MARSHALL ST,BOONE,50036,POINT (-93.870637032 42.036313998),,BOONE,1011200,STRAIGHT BOURBON WHISKIES,065,JIM BEAM BRANDS,28279,JIM BEAM PEACH,12,750,11.00,16.50,12,198.00,9.00,2.37
INV-65789700011,2023-12-29T00:00:00.000,4023,WAL-MART 1389 / BOONE,1515 SE MARSHALL ST,BOONE,50036,POINT (-93.870637032 42.036313998),,BOONE,1031100,AMERICAN VODKAS,297,LAIRD & COMPANY,35916,FIVE O'CLOCK VODKA,12,750,3.79,5.69,12,68.28,9.00,2.37
INV-65789700012,2023-12-29T00:00:00.000,4023,WAL-MART 1389 / BOONE,1515 SE MARSHALL ST,BOONE,50036,POINT (-93.870637032 42.036313998),,BOONE,1031100,AMERICAN VODKAS,297,LAIRD & COMPANY,35918,FIVE O'CLOCK VODKA,6,1750,7.72,11.58,6,69.48,10.50,2.77
INV-65789700013,2023-12-29T00:00:00.000,4023,WAL-MART 1389 / BOONE,1515 SE MARSHALL ST,BOONE,50036,POINT (-93.870637032 42.036313998),,BOONE,1031100,AMERICAN VODKAS,434,LUXCO INC,36306,HAWKEYE VODKA,12,750,3.50,5.25,12,63.00,9.00,2.37
INV-65789700014,2023-12-29T00:00:00.000,4023,WAL-MART 1389 / BOONE,1515 SE MARSHALL ST,BOONE,50036,POINT (-93.870637032 42.036313998),,BOONE,1031100,AMERICAN VODKAS,421,SAZERAC COMPANY  INC,36650,CALIBER VODKA,6,1750,6.92,10.38,6,62.28,10.50,2.77
INV-65789700015,2023-12-29T00:00:00.000,4023,WAL-MART 1389 / BOONE,1515 SE MARSHALL ST,BOONE,50036,POINT (-93.870637032 42.036313998),,BOONE,1031100,AMERICAN VODKAS,380,PHILLIPS BEVERAGE,37348,PHILLIPS VODKA,6,1750,7.60,11.40,6,68.40,10.50,2.77
INV-65789700016,2023-12-29T00:00:00.000,4023,WAL-MART 1389 / BOONE,1515 SE MARSHALL ST,BOONE,50036,POINT (-93.870637032 42.036313998),,BOONE,1031100,AMERICAN VODKAS,260,DIAGEO AMERICAS,37997,SMIRNOFF 80PRF,12,1000,9.25,13.88,12,166.56,12.00,3.17
INV-65789700017,2023-12-29T00:00:00.000,4023,WAL-MART 1389 / BOONE,1515 SE MARSHALL ST,BOONE,50036,POINT (-93.870637032 42.036313998),,BOONE,1031100,AMERICAN VODKAS,421,SAZERAC COMPANY  INC,38088,PLATINUM 7X VODKA,6,1750,9.44,14.16,6,84.96,10.50,2.77
INV-65789700018,2023-12-29T00:00:00.000,4023,WAL-MART 1389 / BOONE,1515 SE MARSHALL ST,BOONE,50036,POINT (-93.870637032 42.036313998),,BOONE,1031100,AMERICAN VODKAS,301,FIFTH GENERATION INC,38176,TITOS HANDMADE VODKA,12,750,10.00,15.00,24,360.00,18.00,4.75
INV-65789700019,2023-12-29T00:00:00.000,4023,WAL-MART 1389 / BOONE,1515 SE MARSHALL ST,BOONE,50036,POINT (-93.870637032 42.036313998),,BOONE,1031100,AMERICAN VODKAS,301,FIFTH GENERATION INC,38177,TITOS HANDMADE VODKA,12,1000,13.17,19.76,12,237.12,12.00,3.17
INV-65789700020,2023-12-29T00:00:00.000,4023,WAL-MART 1389 / BOONE,1515 SE MARSHALL ST,BOONE,50036,POINT (-93.870637032 42.036313998),,BOONE,1031100,AMERICAN VODKAS,301,FIFTH GENERATION INC,38178,TITOS HANDMADE VODKA,6,1750,19.00,28.50,12,342.00,21.00,5.54
INV-65789700021,2023-12-29T00:00:00.000,4023,WAL-MART 1389 / BOONE,1515 SE MARSHALL ST,BOONE,50036,POINT (-93.870637032 42.036313998),,BOONE,1062500,FLAVORED RUM,370,PERNOD RICARD USA,42716,MALIBU COCONUT,12,750,8.99,13.49,12,161.88,9.00,2.37
INV-65789700022,2023-12-29T00:00:00.000,4023,WAL-MART 1389 / BOONE,1515 SE MARSHALL ST,BOONE,50036,POINT (-93.870637032 42.036313998),,BOONE,1062500,FLAVORED RUM,370,PERNOD RICARD USA,42717,MALIBU COCONUT,12,1000,11.99,17.99,12,215.88,12.00,3.17
INV-65789700023,2023-12-29T00:00:00.000,4023,WAL-MART 1389 / BOONE,1515 SE MARSHALL ST,BOONE,50036,POINT (-93.870637032 42.036313998),,BOONE,1062200,WHITE RUM,035,BACARDI USA INC,43128,BACARDI SUPERIOR,6,1750,15.50,23.25,6,139.50,10.50,2.77
INV-65789700024,2023-12-29T00:00:00.000,4023,WAL-MART 1389 / BOONE,1515 SE MARSHALL ST,BOONE,50036,POINT (-93.870637032 42.036313998),,BOONE,1062400,SPICED RUM,260,DIAGEO AMERICAS,43336,CAPTAIN MORGAN ORIGINAL SPICED,12,750,9.49,14.24,12,170.88,9.00,2.37
INV-65789700025,2023-12-29T00:00:00.000,4023,WAL-MART 1389 / BOONE,1515 SE MARSHALL ST,BOONE,50036,POINT (-93.870637032 42.036313998),,BOONE,1062400,SPICED RUM,259,HEAVEN HILL BRANDS,44258,BLACKHEART PREMIUM SPICED RUM,12,750,7.50,11.25,11,123.75,8.25,2.17
INV-65789700026,2023-12-29T00:00:00.000,4023,WAL-MART 1389 / BOONE,1515 SE MARSHALL ST,BOONE,50036,POINT (-93.870637032 42.036313998),,BOONE,1052100,IMPORTED BRANDIES,420,MOET HENNESSY USA,48106,HENNESSY VS,12,750,19.99,29.99,12,359.88,9.00,2.37
INV-65789700027,2023-12-29T00:00:00.000,4023,WAL-MART 1389 / BOONE,1515 SE MARSHALL ST,BOONE,50036,POINT (-93.870637032 42.036313998),,BOONE,1071000,COCKTAILS/RTD,395,PROXIMO,58838,JOSE CUERVO AUTHENTIC LIME MARGARITA,6,1750,8.74,13.11,6,78.66,10.50,2.77
INV-65789700028,2023-12-29T00:00:00.000,4023,WAL-MART 1389 / BOONE,1515 SE MARSHALL ST,BOONE,50036,POINT (-93.870637032 42.036313998),,BOONE,1071000,COCKTAILS/RTD,395,PROXIMO,58860,JOSE CUERVO AUTHENTIC MANGO MARGARITA,6,1750,8.74,13.11,6,78.66,10.50,2.77
INV-65789700029,2023-12-29T00:00:00.000,4023,WAL-MART 1389 / BOONE,1515 SE MARSHALL ST,BOONE,50036,POINT (-93.870637032 42.036313998),,BOONE,1071000,COCKTAILS/RTD,395,PROXIMO,58872,JOSE CUERVO AUTHENTIC LIGHT LIME MARGARITA,6,1750,8.74,13.11,6,78.66,10.50,2.77
INV-65789700030,2023-12-29T00:00:00.000,4023,WAL-MART 1389 / BOONE,1515 SE MARSHALL ST,BOONE,50036,POINT (-93.870637032 42.036313998),,BOONE,1071000,COCKTAILS/RTD,395,PROXIMO,58925,JOSE CUERVO AUTHENTIC LIGHT STRAWBERRY,6,1750,8.74,13.11,6,78.66,10.50,2.77
INV-65789700031,2023-12-29T00:00:00.000,4023,WAL-MART 1389 / BOONE,1515 SE MARSHALL ST,BOONE,50036,POINT (-93.870637032 42.036313998),,BOONE,1062300,AGED DARK RUM,482,"SOVEREIGN BRANDS, LLC",64529,BUMBU RUM,6,750,18.50,27.75,6,166.50,4.50,1.18
INV-65789700032,2023-12-29T00:00:00.000,4023,WAL-MART 1389 / BOONE,1515 SE MARSHALL ST,BOONE,50036,POINT (-93.870637032 42.036313998),,BOONE,1081600,WHISKEY LIQUEUR,421,SAZERAC COMPANY  INC,64866,FIREBALL CINNAMON WHISKEY,12,750,9.00,13.50,12,162.00,9.00,2.37
INV-65789700033,2023-12-29T00:00:00.000,4023,WAL-MART 1389 / BOONE,1515 SE MARSHALL ST,BOONE,50036,POINT (-93.870637032 42.036313998),,BOONE,1081600,WHISKEY LIQUEUR,421,SAZERAC COMPANY  INC,64868,FIREBALL CINNAMON WHISKEY,6,1750,16.00,24.00,6,144.00,10.50,2.77
INV-65789700034,2023-12-29T00:00:00.000,4023,WAL-MART 1389 / BOONE,1515 SE MARSHALL ST,BOONE,50036,POINT (-93.870637032 42.036313998),,BOONE,1081100,COFFEE LIQUEURS,370,PERNOD RICARD USA,67526,KAHLUA COFFEE,12,750,14.99,22.49,12,269.88,9.00,2.37
INV-65789700036,2023-12-29T00:00:00.000,4023,WAL-MART 1389 / BOONE,1515 SE MARSHALL ST,BOONE,50036,POINT (-93.870637032 42.036313998),,BOONE,1081200,CREAM LIQUEURS,260,DIAGEO AMERICAS,68036,BAILEYS ORIGINAL IRISH CREAM,12,750,16.49,24.74,12,296.88,9.00,2.37
INV-65789700037,2023-12-29T00:00:00.000,4023,WAL-MART 1389 / BOONE,1515 SE MARSHALL ST,BOONE,50036,POINT (-93.870637032 42.036313998),,BOONE,1081200,CREAM LIQUEURS,205,E & J GALLO WINERY,73052,RUMCHATA,12,375,8.00,12.00,12,144.00,4.50,1.18
INV-65789700038,2023-12-29T00:00:00.000,4023,WAL-MART 1389 / BOONE,1515 SE MARSHALL ST,BOONE,50036,POINT (-93.870637032 42.036313998),,BOONE,1011100,BLENDED WHISKIES,370,PERNOD RICARD USA,86438,SKREWBALL PEANUT BUTTER WHISKEY,12,375,7.99,11.99,12,143.88,4.50,1.18
INV-65789700039,2023-12-29T00:00:00.000,4023,WAL-MART 1389 / BOONE,1515 SE MARSHALL ST,BOONE,50036,POINT (-93.870637032 42.036313998),,BOONE,1081600,WHISKEY LIQUEUR,755,WINESOURCE INTERNATIONAL INC.,86821,OLD CAMP PEACH PECAN WHISKEY,12,750,12.52,18.78,12,225.36,9.00,2.37
INV-65789700040,2023-12-29T00:00:00.000,4023,WAL-MART 1389 / BOONE,1515 SE MARSHALL ST,BOONE,50036,POINT (-93.870637032 42.036313998),,BOONE,1022100,MIXTO TEQUILA,395,PROXIMO,89196,JOSE CUERVO ESPECIAL REPOSADO,12,750,12.00,18.00,12,216.00,9.00,2.37
INV-65789700041,2023-12-29T00:00:00.000,4023,WAL-MART 1389 / BOONE,1515 SE MARSHALL ST,BOONE,50036,POINT (-93.870637032 42.036313998),,BOONE,1022100,MIXTO TEQUILA,395,PROXIMO,89197,JOSE CUERVO ESPECIAL REPOSADO,12,1000,15.00,22.50,12,261.00,12.00,3.17
INV-65789700042,2023-12-29T00:00:00.000,4023,WAL-MART 1389 / BOONE,1515 SE MARSHALL ST,BOONE,50036,POINT (-93.870637032 42.036313998),,BOONE,1022200,100% AGAVE TEQUILA,065,JIM BEAM BRANDS,89836,HORNITOS REPOSADO,12,750,16.00,24.00,12,288.00,9.00,2.37
INV-65789800001,2023-12-29T00:00:00.000,4107,FAREWAY STORES #384 / BOONE,1711 HAWKEYE DR,BOONE,50036,POINT (-93.867672018 42.038184),,BOONE,1012100,CANADIAN WHISKIES,260,DIAGEO AMERICAS,10802,CROWN ROYAL PEACH,12,750,17.49,26.24,12,314.88,9.00,2.37
INV-65789800002,2023-12-29T00:00:00.000,4107,FAREWAY STORES #384 / BOONE,1711 HAWKEYE DR,BOONE,50036,POINT (-93.867672018 42.038184),,BOONE,1012100,CANADIAN WHISKIES,260,DIAGEO AMERICAS,11297,CROWN ROYAL,12,1000,20.49,30.74,12,368.88,12.00,3.17
INV-65789800003,2023-12-29T00:00:00.000,4107,FAREWAY STORES #384 / BOONE,1711 HAWKEYE DR,BOONE,50036,POINT (-93.867672018 42.038184),,BOONE,1012100,CANADIAN WHISKIES,259,HEAVEN HILL BRANDS,11771,BLACK VELVET MINI,8,50,8.87,13.31,2,26.62,0.10,0.02
INV-65789800004,2023-12-29T00:00:00.000,4107,FAREWAY STORES #384 / BOONE,1711 HAWKEYE DR,BOONE,50036,POINT (-93.867672018 42.038184),,BOONE,1012400,IRISH WHISKIES,370,PERNOD RICARD USA,15627,JAMESON,12,1000,20.98,31.47,12,377.64,12.00,3.17
INV-65789800005,2023-12-29T00:00:00.000,4107,FAREWAY STORES #384 / BOONE,1711 HAWKEYE DR,BOONE,50036,POINT (-93.867672018 42.038184),,BOONE,1701100,TEMPORARY & SPECIALTY PACKAGES,065,JIM BEAM BRANDS,16580,BAKERS 7YR,6,750,35.00,52.50,1,45.00,0.75,0.19
INV-65789800006,2023-12-29T00:00:00.000,4107,FAREWAY STORES #384 / BOONE,1711 HAWKEYE DR,BOONE,50036,POINT (-93.867672018 42.038184),,BOONE,1011200,STRAIGHT BOURBON WHISKIES,065,JIM BEAM BRANDS,16676,BASIL HAYDEN 8YR,12,750,22.50,33.75,12,405.00,9.00,2.37
INV-65789800007,2023-12-29T00:00:00.000,4107,FAREWAY STORES #384 / BOONE,1711 HAWKEYE DR,BOONE,50036,POINT (-93.867672018 42.038184),,BOONE,1701100,TEMPORARY & SPECIALTY PACKAGES,065,JIM BEAM BRANDS,16679,BASIL HAYDEN 10YR,6,750,40.00,60.00,1,57.75,0.75,0.19
INV-65789800008,2023-12-29T00:00:00.000,4107,FAREWAY STORES #384 / BOONE,1711 HAWKEYE DR,BOONE,50036,POINT (-93.867672018 42.038184),,BOONE,1011200,STRAIGHT BOURBON WHISKIES,830,KIRIN BEER & SPIRITS OF AMERICA INC / FOUR ROSES DISTILLERY,18348,FOUR ROSES SMALL BATCH,6,750,18.50,27.75,6,166.50,4.50,1.18
INV-65789800009,2023-12-29T00:00:00.000,4107,FAREWAY STORES #384 / BOONE,1711 HAWKEYE DR,BOONE,50036,POINT (-93.867672018 42.038184),,BOONE,1011300,SINGLE BARREL BOURBON WHISKIES,830,KIRIN BEER & SPIRITS OF AMERICA INC / FOUR ROSES DISTILLERY,18350,FOUR ROSES SINGLE BARREL,6,750,25.00,37.50,2,75.00,1.50,0.39
INV-65789800010,2023-12-29T00:00:00.000,4107,FAREWAY STORES #384 / BOONE,1711 HAWKEYE DR,BOONE,50036,POINT (-93.867672018 42.038184),,BOONE,1011200,STRAIGHT BOURBON WHISKIES,065,JIM BEAM BRANDS,19061,JIM BEAM MINI,12,50,7.00,10.50,1,10.50,0.05,0.01
INV-65789800011,2023-12-29T00:00:00.000,4107,FAREWAY STORES #384 / BOONE,1711 HAWKEYE DR,BOONE,50036,POINT (-93.867672018 42.038184),,BOONE,1011100,BLENDED WHISKIES,297,LAIRD & COMPANY,23828,FIVE STAR,6,1750,8.39,12.59,6,75.54,10.50,2.77
INV-65789800012,2023-12-29T00:00:00.000,4107,FAREWAY STORES #384 / BOONE,1711 HAWKEYE DR,BOONE,50036,POINT (-93.867672018 42.038184),,BOONE,1011100,BLENDED WHISKIES,260,DIAGEO AMERICAS,25601,SEAGRAMS 7 CROWN MINI,12,50,6.17,9.26,2,18.52,0.10,0.02
INV-65789800013,2023-12-29T00:00:00.000,4107,FAREWAY STORES #384 / BOONE,1711 HAWKEYE DR,BOONE,50036,POINT (-93.867672018 42.038184),,BOONE,1011100,BLENDED WHISKIES,654,REVELTON DISTILLING COMPANY,26291,REVELTON HONEY WHISKEY,6,750,17.50,26.25,3,78.75,2.25,0.59
INV-65789800014,2023-12-29T00:00:00.000,4107,FAREWAY STORES #384 / BOONE,1711 HAWKEYE DR,BOONE,50036,POINT (-93.867672018 42.038184),,BOONE,1011400,TENNESSEE WHISKIES,085,BROWN FORMAN CORP.,26827,JACK DANIELS OLD #7 BLACK LABEL,12,1000,20.27,30.41,12,364.92,12.00,3.17
INV-65789800015,2023-12-29T00:00:00.000,4107,FAREWAY STORES #384 / BOONE,1711 HAWKEYE DR,BOONE,50036,POINT (-93.867672018 42.038184),,BOONE,1011200,STRAIGHT BOURBON WHISKIES,306,MISSISSIPPI RIVER DISTILLING COMPANY LLC,27479,CODY ROAD BOURBON,6,750,19.17,28.76,1,28.76,0.75,0.19
INV-65789800016,2023-12-29T00:00:00.000,4107,FAREWAY STORES #384 / BOONE,1711 HAWKEYE DR,BOONE,50036,POINT (-93.867672018 42.038184),,BOONE,1011200,STRAIGHT BOURBON WHISKIES,065,JIM BEAM BRANDS,28043,JIM BEAM VANILLA,12,750,11.00,16.50,2,33.00,1.50,0.39
INV-65789800017,2023-12-29T00:00:00.000,4107,FAREWAY STORES #384 / BOONE,1711 HAWKEYE DR,BOONE,50036,POINT (-93.867672018 42.038184),,BOONE,1042100,IMPORTED DRY GINS,240,WILLIAM GRANT & SONS INC,28625,HENDRICKS GIN,6,750,19.50,29.25,2,58.50,1.50,0.39
INV-65789800018,2023-12-29T00:00:00.000,4107,FAREWAY STORES #384 / BOONE,1711 HAWKEYE DR,BOONE,50036,POINT (-93.867672018 42.038184),,BOONE,1032100,IMPORTED VODKAS,370,PERNOD RICARD USA,34007,ABSOLUT SWEDISH VODKA 80PRF,12,1000,14.99,22.49,12,269.88,12.00,3.17
INV-65789800019,2023-12-29T00:00:00.000,4107,FAREWAY STORES #384 / BOONE,1711 HAWKEYE DR,BOONE,50036,POINT (-93.867672018 42.038184),,BOONE,1031100,AMERICAN VODKAS,421,SAZERAC COMPANY  INC,35317,BARTON VODKA,12,1000,3.97,5.96,12,71.52,12.00,3.17
INV-65789800020,2023-12-29T00:00:00.000,4107,FAREWAY STORES #384 / BOONE,1711 HAWKEYE DR,BOONE,50036,POINT (-93.867672018 42.038184),,BOONE,1031100,AMERICAN VODKAS,421,SAZERAC COMPANY  INC,35776,BARTON VODKA MINI,10,50,3.92,5.88,2,11.76,0.10,0.02
INV-65789800021,2023-12-29T00:00:00.000,4107,FAREWAY STORES #384 / BOONE,1711 HAWKEYE DR,BOONE,50036,POINT (-93.867672018 42.038184),,BOONE,1031100,AMERICAN VODKAS,205,E & J GALLO WINERY,36969,NEW AMSTERDAM 80PRF,12,750,8.00,12.00,3,36.00,2.25,0.59
INV-65789800022,2023-12-29T00:00:00.000,4107,FAREWAY STORES #384 / BOONE,1711 HAWKEYE DR,BOONE,50036,POINT (-93.867672018 42.038184),,BOONE,1091200,NEUTRAL GRAIN SPIRITS,434,LUXCO INC,41846,EVERCLEAR 151,12,750,9.00,13.50,12,162.00,9.00,2.37
INV-65789800023,2023-12-29T00:00:00.000,4107,FAREWAY STORES #384 / BOONE,1711 HAWKEYE DR,BOONE,50036,POINT (-93.867672018 42.038184),,BOONE,1062200,WHITE RUM,035,BACARDI USA INC,43121,BACARDI SUPERIOR MINI,12,50,5.54,8.31,2,16.62,0.10,0.02
INV-65789800024,2023-12-29T00:00:00.000,4107,FAREWAY STORES #384 / BOONE,1711 HAWKEYE DR,BOONE,50036,POINT (-93.867672018 42.038184),,BOONE,1062500,FLAVORED RUM,035,BACARDI USA INC,43137,BACARDI LIMON,12,1000,9.50,14.25,2,28.50,2.00,0.52
INV-65789800025,2023-12-29T00:00:00.000,4107,FAREWAY STORES #384 / BOONE,1711 HAWKEYE DR,BOONE,50036,POINT (-93.867672018 42.038184),,BOONE,1062400,SPICED RUM,260,DIAGEO AMERICAS,43331,CAPTAIN MORGAN ORIGINAL SPICED MINI,12,50,4.80,7.20,3,21.60,0.15,0.03
INV-65789800026,2023-12-29T00:00:00.000,4107,FAREWAY STORES #384 / BOONE,1711 HAWKEYE DR,BOONE,50036,POINT (-93.867672018 42.038184),,BOONE,1062400,SPICED RUM,260,DIAGEO AMERICAS,43337,CAPTAIN MORGAN ORIGINAL SPICED,12,1000,12.99,19.49,24,467.76,24.00,6.34
INV-65789800027,2023-12-29T00:00:00.000,4107,FAREWAY STORES #384 / BOONE,1711 HAWKEYE DR,BOONE,50036,POINT (-93.867672018 42.038184),,BOONE,1062500,FLAVORED RUM,065,JIM BEAM BRANDS,44419,CRUZAN BLACK CHERRY,12,750,7.00,10.50,2,21.00,1.50,0.39
INV-65789800028,2023-12-29T00:00:00.000,4107,FAREWAY STORES #384 / BOONE,1711 HAWKEYE DR,BOONE,50036,POINT (-93.867672018 42.038184),,BOONE,1051100,AMERICAN BRANDIES,205,E & J GALLO WINERY,52591,E & J VS MINI,10,50,7.74,11.61,2,17.82,0.10,0.02
INV-65789800029,2023-12-29T00:00:00.000,4107,FAREWAY STORES #384 / BOONE,1711 HAWKEYE DR,BOONE,50036,POINT (-93.867672018 42.038184),,BOONE,1051100,AMERICAN BRANDIES,434,LUXCO INC,56206,PARAMOUNT PEACH BRANDY,12,750,5.75,8.63,3,25.89,2.25,0.59
INV-65789800030,2023-12-29T00:00:00.000,4107,FAREWAY STORES #384 / BOONE,1711 HAWKEYE DR,BOONE,50036,POINT (-93.867672018 42.038184),,BOONE,1071000,COCKTAILS/RTD,421,SAZERAC COMPANY  INC,57125,CHI-CHI'S GOLD MARGARITA,6,1750,6.50,9.75,6,58.50,10.50,2.77
INV-65789800031,2023-12-29T00:00:00.000,4107,FAREWAY STORES #384 / BOONE,1711 HAWKEYE DR,BOONE,50036,POINT (-93.867672018 42.038184),,BOONE,1071000,COCKTAILS/RTD,306,MISSISSIPPI RIVER DISTILLING COMPANY LLC,58746,CODY ROAD BARREL OLD FASHIONED,6,750,17.00,25.50,1,25.50,0.75,0.19
INV-65789800032,2023-12-29T00:00:00.000,4107,FAREWAY STORES #384 / BOONE,1711 HAWKEYE DR,BOONE,50036,POINT (-93.867672018 42.038184),,BOONE,1071000,COCKTAILS/RTD,395,PROXIMO,58875,JOSE CUERVO GOLDEN MARGARITA,6,1750,11.04,16.56,6,99.36,10.50,2.77
INV-65789800033,2023-12-29T00:00:00.000,4107,FAREWAY STORES #384 / BOONE,1711 HAWKEYE DR,BOONE,50036,POINT (-93.867672018 42.038184),,BOONE,1082100,IMPORTED CORDIALS & LIQUEURS,421,SAZERAC COMPANY  INC,64816,ROMANA BLACK SAMBUCA,12,750,14.00,21.00,1,21.00,0.75,0.19
INV-65789800034,2023-12-29T00:00:00.000,4107,FAREWAY STORES #384 / BOONE,1711 HAWKEYE DR,BOONE,50036,POINT (-93.867672018 42.038184),,BOONE,1082100,IMPORTED CORDIALS & LIQUEURS,192,"MAST-JAGERMEISTER US, INC",65257,JAGERMEISTER LIQUEUR,12,1000,17.42,26.13,12,313.56,12.00,3.17
INV-65789800035,2023-12-29T00:00:00.000,4107,FAREWAY STORES #384 / BOONE,1711 HAWKEYE DR,BOONE,50036,POINT (-93.867672018 42.038184),,BOONE,1082100,IMPORTED CORDIALS & LIQUEURS,368,PARK STREET IMPORTS,65426,LICOR 43,12,750,14.50,21.75,3,65.25,2.25,0.59
INV-65789800036,2023-12-29T00:00:00.000,4107,FAREWAY STORES #384 / BOONE,1711 HAWKEYE DR,BOONE,50036,POINT (-93.867672018 42.038184),,BOONE,1082100,IMPORTED CORDIALS & LIQUEURS,065,JIM BEAM BRANDS,67006,MIDORI MELON LIQUEUR,12,750,11.49,17.24,1,17.24,0.75,0.19
INV-65789800037,2023-12-29T00:00:00.000,4107,FAREWAY STORES #384 / BOONE,1711 HAWKEYE DR,BOONE,50036,POINT (-93.867672018 42.038184),,BOONE,1081100,COFFEE LIQUEURS,370,PERNOD RICARD USA,67522,KAHLUA COFFEE MINI,12,50,6.60,9.90,2,19.80,0.10,0.02
INV-65789800039,2023-12-29T00:00:00.000,4107,FAREWAY STORES #384 / BOONE,1711 HAWKEYE DR,BOONE,50036,POINT (-93.867672018 42.038184),,BOONE,1031200,AMERICAN FLAVORED VODKA,772,INTERCONTINENTAL PACKAGING COMPANY/PRESTIGE BEVERAGE GROUP,75210,KINKY PINK,6,750,10.00,15.00,2,30.00,1.50,0.39
INV-65789800040,2023-12-29T00:00:00.000,4107,FAREWAY STORES #384 / BOONE,1711 HAWKEYE DR,BOONE,50036,POINT (-93.867672018 42.038184),,BOONE,1081300,AMERICAN CORDIALS & LIQUEURS,619,CAMPARI AMERICA,77776,WILD TURKEY AMERICAN HONEY,12,750,11.50,17.25,2,34.50,1.50,0.39
INV-65789800041,2023-12-29T00:00:00.000,4107,FAREWAY STORES #384 / BOONE,1711 HAWKEYE DR,BOONE,50036,POINT (-93.867672018 42.038184),,BOONE,1081300,AMERICAN CORDIALS & LIQUEURS,434,LUXCO INC,78456,PARAMOUNT CREME DE CACAO DARK,12,750,5.25,7.88,3,23.64,2.25,0.59
INV-65789800042,2023-12-29T00:00:00.000,4107,FAREWAY STORES #384 / BOONE,1711 HAWKEYE DR,BOONE,50036,POINT (-93.867672018 42.038184),,BOONE,1062500,FLAVORED RUM,305,MHW LTD,80024,BLUE CHAIR BAY BANANA RUM CREAM,12,750,10.49,15.74,1,15.74,0.75,0.19
INV-65789800043,2023-12-29T00:00:00.000,4107,FAREWAY STORES #384 / BOONE,1711 HAWKEYE DR,BOONE,50036,POINT (-93.867672018 42.038184),,BOONE,1081400,AMERICAN SCHNAPPS,065,JIM BEAM BRANDS,82857,DEKUYPER ISLAND PUNCH PUCKER,12,1000,7.87,11.81,2,23.62,2.00,0.52
INV-65789800044,2023-12-29T00:00:00.000,4107,FAREWAY STORES #384 / BOONE,1711 HAWKEYE DR,BOONE,50036,POINT (-93.867672018 42.038184),,BOONE,1081400,AMERICAN SCHNAPPS,421,SAZERAC COMPANY  INC,83906,MAUI BLUE HAWAIIAN SCHNAPPS,12,750,4.00,6.00,3,18.00,2.25,0.59
INV-65789800045,2023-12-29T00:00:00.000,4107,FAREWAY STORES #384 / BOONE,1711 HAWKEYE DR,BOONE,50036,POINT (-93.867672018 42.038184),,BOONE,1081200,CREAM LIQUEURS,654,REVELTON DISTILLING COMPANY,86420,REVELTON WHISKEY AND CREAM LIQUEUR,6,750,15.00,22.50,1,22.50,0.75,0.19
INV-65789800046,2023-12-29T00:00:00.000,4107,FAREWAY STORES #384 / BOONE,1711 HAWKEYE DR,BOONE,50036,POINT (-93.867672018 42.038184),,BOONE,1081600,WHISKEY LIQUEUR,421,SAZERAC COMPANY  INC,86881,SOUTHERN COMFORT MINI,10,50,5.16,7.74,1,7.74,0.05,0.01
INV-65789800047,2023-12-29T00:00:00.000,4107,FAREWAY STORES #384 / BOONE,1711 HAWKEYE DR,BOONE,50036,POINT (-93.867672018 42.038184),,BOONE,1022100,MIXTO TEQUILA,395,PROXIMO,87408,JOSE CUERVO ESPECIAL SILVER,12,750,12.00,18.00,3,54.00,2.25,0.59
INV-65789800048,2023-12-29T00:00:00.000,4107,FAREWAY STORES #384 / BOONE,1711 HAWKEYE DR,BOONE,50036,POINT (-93.867672018 42.038184),,BOONE,1022200,100% AGAVE TEQUILA,619,CAMPARI AMERICA,87619,ESPOLON BLANCO,12,750,16.00,24.00,1,24.00,0.75,0.19
INV-65789800049,2023-12-29T00:00:00.000,4107,FAREWAY STORES #384 / BOONE,1711 HAWKEYE DR,BOONE,50036,POINT (-93.867672018 42.038184),,BOONE,1022200,100% AGAVE TEQUILA,370,PERNOD RICARD USA,88186,OLMECA ALTOS PLATA,6,750,15.99,23.99,1,23.99,0.75,0.19
INV-65789800050,2023-12-29T00:00:00.000,4107,FAREWAY STORES #384 / BOONE,1711 HAWKEYE DR,BOONE,50036,POINT (-93.867672018 42.038184),,BOONE,1022200,100% AGAVE TEQUILA,192,"MAST-JAGERMEISTER US, INC",88371,TEREMANA BLANCO TEQUILA,6,750,15.91,23.87,1,23.87,0.75,0.19
INV-65789800051,2023-12-29T00:00:00.000,4107,FAREWAY STORES #384 / BOONE,1711 HAWKEYE DR,BOONE,50036,POINT (-93.867672018 42.038184),,BOONE,1022200,100% AGAVE TEQUILA,370,PERNOD RICARD USA,89610,OLMECA ALTOS REPOSADO,6,750,15.99,23.99,1,23.99,0.75,0.19
INV-65789800052,2023-12-29T00:00:00.000,4107,FAREWAY STORES #384 / BOONE,1711 HAWKEYE DR,BOONE,50036,POINT (-93.867672018 42.038184),,BOONE,1022100,MIXTO TEQUILA,421,SAZERAC COMPANY  INC,89916,TORTILLA GOLD,12,750,7.16,10.74,3,32.22,2.25,0.59
INV-65789900001,2023-12-29T00:00:00.000,2505,HY-VEE WINE AND SPIRITS (1038) / BOONE,1111  8TH ST,BOONE,50036,POINT (-93.876089041 42.064806014),,BOONE,1012100,CANADIAN WHISKIES,260,DIAGEO AMERICAS,10777,CROWN ROYAL PEACH,12,1000,20.49,30.74,12,368.88,12.00,3.17
INV-65789900002,2023-12-29T00:00:00.000,2505,HY-VEE WINE AND SPIRITS (1038) / BOONE,1111  8TH ST,BOONE,50036,POINT (-93.876089041 42.064806014),,BOONE,1012100,CANADIAN WHISKIES,260,DIAGEO AMERICAS,10808,CROWN ROYAL REGAL APPLE,12,1000,20.49,30.74,12,368.88,12.00,3.17
INV-65789900003,2023-12-29T00:00:00.000,2505,HY-VEE WINE AND SPIRITS (1038) / BOONE,1111  8TH ST,BOONE,50036,POINT (-93.876089041 42.064806014),,BOONE,1012100,CANADIAN WHISKIES,260,DIAGEO AMERICAS,10834,CROWN ROYAL BLACK,24,375,8.99,13.49,6,80.94,2.25,0.59
INV-65789900004,2023-12-29T00:00:00.000,2505,HY-VEE WINE AND SPIRITS (1038) / BOONE,1111  8TH ST,BOONE,50036,POINT (-93.876089041 42.064806014),,BOONE,1012100,CANADIAN WHISKIES,260,DIAGEO AMERICAS,10836,CROWN ROYAL BLACK,12,750,18.99,28.49,12,341.88,9.00,2.37
INV-65789900005,2023-12-29T00:00:00.000,2505,HY-VEE WINE AND SPIRITS (1038) / BOONE,1111  8TH ST,BOONE,50036,POINT (-93.876089041 42.064806014),,BOONE,1012100,CANADIAN WHISKIES,260,DIAGEO AMERICAS,11297,CROWN ROYAL,12,1000,20.49,30.74,12,368.88,12.00,3.17
INV-65789900006,2023-12-29T00:00:00.000,2505,HY-VEE WINE AND SPIRITS (1038) / BOONE,1111  8TH ST,BOONE,50036,POINT (-93.876089041 42.064806014),,BOONE,1012100,CANADIAN WHISKIES,260,DIAGEO AMERICAS,11298,CROWN ROYAL,6,1750,33.99,50.99,6,305.94,10.50,2.77
INV-65789900007,2023-12-29T00:00:00.000,2505,HY-VEE WINE AND SPIRITS (1038) / BOONE,1111  8TH ST,BOONE,50036,POINT (-93.876089041 42.064806014),,BOONE,1012100,CANADIAN WHISKIES,259,HEAVEN HILL BRANDS,11588,BLACK VELVET RESERVE,6,1750,15.00,22.50,6,135.00,10.50,2.77
INV-65789900008,2023-12-29T00:00:00.000,2505,HY-VEE WINE AND SPIRITS (1038) / BOONE,1111  8TH ST,BOONE,50036,POINT (-93.876089041 42.064806014),,BOONE,1012100,CANADIAN WHISKIES,259,HEAVEN HILL BRANDS,11777,BLACK VELVET,12,1000,7.00,10.50,24,252.00,24.00,6.34
INV-65789900009,2023-12-29T00:00:00.000,2505,HY-VEE WINE AND SPIRITS (1038) / BOONE,1111  8TH ST,BOONE,50036,POINT (-93.876089041 42.064806014),,BOONE,1012100,CANADIAN WHISKIES,259,HEAVEN HILL BRANDS,11786,BLACK VELVET PET,12,750,5.50,8.25,12,99.00,9.00,2.37
INV-65789900010,2023-12-29T00:00:00.000,2505,HY-VEE WINE AND SPIRITS (1038) / BOONE,1111  8TH ST,BOONE,50036,POINT (-93.876089041 42.064806014),,BOONE,1012100,CANADIAN WHISKIES,421,SAZERAC COMPANY  INC,12478,CANADIAN MIST WHISKY PET,6,1750,11.50,17.25,6,103.50,10.50,2.77
INV-65789900011,2023-12-29T00:00:00.000,2505,HY-VEE WINE AND SPIRITS (1038) / BOONE,1111  8TH ST,BOONE,50036,POINT (-93.876089041 42.064806014),,BOONE,1012400,IRISH WHISKIES,370,PERNOD RICARD USA,15627,JAMESON,12,1000,20.98,31.47,12,377.64,12.00,3.17
INV-65789900012,2023-12-29T00:00:00.000,2505,HY-VEE WINE AND SPIRITS (1038) / BOONE,1111  8TH ST,BOONE,50036,POINT (-93.876089041 42.064806014),,BOONE,1701100,TEMPORARY & SPECIALTY PACKAGES,065,JIM BEAM BRANDS,16580,BAKERS 7YR,6,750,35.00,52.50,6,270.00,4.50,1.18
INV-65789900013,2023-12-29T00:00:00.000,2505,HY-VEE WINE AND SPIRITS (1038) / BOONE,1111  8TH ST,BOONE,50036,POINT (-93.876089041 42.064806014),,BOONE,1011200,STRAIGHT BOURBON WHISKIES,125,CEDAR RIDGE VINEYARDS LL,17207,CEDAR RIDGE BARREL PROOF,6,750,23.00,34.50,6,207.00,4.50,1.18
INV-65789900014,2023-12-29T00:00:00.000,2505,HY-VEE WINE AND SPIRITS (1038) / BOONE,1111  8TH ST,BOONE,50036,POINT (-93.876089041 42.064806014),,BOONE,1011200,STRAIGHT BOURBON WHISKIES,370,PERNOD RICARD USA,19017,JEFFERSONS OCEAN AGED AT SEA,6,750,42.51,63.77,2,127.54,1.50,0.39
INV-65789900015,2023-12-29T00:00:00.000,2505,HY-VEE WINE AND SPIRITS (1038) / BOONE,1111  8TH ST,BOONE,50036,POINT (-93.876089041 42.064806014),,BOONE,1011200,STRAIGHT BOURBON WHISKIES,619,CAMPARI AMERICA,22158,WILD TURKEY 101,6,1750,27.50,41.25,6,247.50,10.50,2.77
INV-65789900016,2023-12-29T00:00:00.000,2505,HY-VEE WINE AND SPIRITS (1038) / BOONE,1111  8TH ST,BOONE,50036,POINT (-93.876089041 42.064806014),,BOONE,1011100,BLENDED WHISKIES,260,DIAGEO AMERICAS,25607,SEAGRAMS 7 CROWN,12,1000,8.49,12.74,12,152.88,12.00,3.17
INV-65789900017,2023-12-29T00:00:00.000,2505,HY-VEE WINE AND SPIRITS (1038) / BOONE,1111  8TH ST,BOONE,50036,POINT (-93.876089041 42.064806014),,BOONE,1011100,BLENDED WHISKIES,260,DIAGEO AMERICAS,25608,SEAGRAMS 7 CROWN,6,1750,13.99,20.99,6,125.94,10.50,2.77
INV-65789900018,2023-12-29T00:00:00.000,2505,HY-VEE WINE AND SPIRITS (1038) / BOONE,1111  8TH ST,BOONE,50036,POINT (-93.876089041 42.064806014),,BOONE,1011100,BLENDED WHISKIES,654,REVELTON DISTILLING COMPANY,26291,REVELTON HONEY WHISKEY,6,750,17.50,26.25,4,105.00,3.00,0.79
INV-65789900019,2023-12-29T00:00:00.000,2505,HY-VEE WINE AND SPIRITS (1038) / BOONE,1111  8TH ST,BOONE,50036,POINT (-93.876089041 42.064806014),,BOONE,1011400,TENNESSEE WHISKIES,085,BROWN FORMAN CORP.,26586,GENTLEMAN JACK,12,750,20.01,30.02,3,90.06,2.25,0.59
INV-65789900020,2023-12-29T00:00:00.000,2505,HY-VEE WINE AND SPIRITS (1038) / BOONE,1111  8TH ST,BOONE,50036,POINT (-93.876089041 42.064806014),,BOONE,1011400,TENNESSEE WHISKIES,085,BROWN FORMAN CORP.,26824,JACK DANIELS OLD #7 BLACK LABEL SQUARE,24,375,8.25,12.38,4,49.52,1.50,0.39
INV-65789900021,2023-12-29T00:00:00.000,2505,HY-VEE WINE AND SPIRITS (1038) / BOONE,1111  8TH ST,BOONE,50036,POINT (-93.876089041 42.064806014),,BOONE,1011400,TENNESSEE WHISKIES,085,BROWN FORMAN CORP.,26827,JACK DANIELS OLD #7 BLACK LABEL,12,1000,20.27,30.41,12,364.92,12.00,3.17
INV-65789900022,2023-12-29T00:00:00.000,2505,HY-VEE WINE AND SPIRITS (1038) / BOONE,1111  8TH ST,BOONE,50036,POINT (-93.876089041 42.064806014),,BOONE,1011600,STRAIGHT RYE WHISKIES,065,JIM BEAM BRANDS,27066,OLD OVERHOLT RYE,12,750,11.54,17.31,3,51.93,2.25,0.59
INV-65789900023,2023-12-29T00:00:00.000,2505,HY-VEE WINE AND SPIRITS (1038) / BOONE,1111  8TH ST,BOONE,50036,POINT (-93.876089041 42.064806014),,BOONE,1011600,STRAIGHT RYE WHISKIES,255,INFINIUM SPIRITS,27125,TEMPLETON RYE 6YR,6,750,18.67,28.01,6,204.78,4.50,1.18
INV-65789900024,2023-12-29T00:00:00.000,2505,HY-VEE WINE AND SPIRITS (1038) / BOONE,1111  8TH ST,BOONE,50036,POINT (-93.876089041 42.064806014),,BOONE,1042100,IMPORTED DRY GINS,035,BACARDI USA INC,28893,BOMBAY BRAMBLE,6,750,14.50,21.75,2,43.50,1.50,0.39
INV-65789900025,2023-12-29T00:00:00.000,2505,HY-VEE WINE AND SPIRITS (1038) / BOONE,1111  8TH ST,BOONE,50036,POINT (-93.876089041 42.064806014),,BOONE,1041200,FLAVORED GIN,654,REVELTON DISTILLING COMPANY,33180,REVELTON MULBERRY GIN,6,750,17.50,26.25,6,157.50,4.50,1.18
INV-65789900026,2023-12-29T00:00:00.000,2505,HY-VEE WINE AND SPIRITS (1038) / BOONE,1111  8TH ST,BOONE,50036,POINT (-93.876089041 42.064806014),,BOONE,1032100,IMPORTED VODKAS,370,PERNOD RICARD USA,34006,ABSOLUT SWEDISH VODKA 80PRF,12,750,9.99,14.99,12,179.88,9.00,2.37
INV-65789900027,2023-12-29T00:00:00.000,2505,HY-VEE WINE AND SPIRITS (1038) / BOONE,1111  8TH ST,BOONE,50036,POINT (-93.876089041 42.064806014),,BOONE,1032200,IMPORTED FLAVORED VODKA,370,PERNOD RICARD USA,34036,ABSOLUT PEARS,12,750,9.99,14.99,3,44.97,2.25,0.59
INV-65789900028,2023-12-29T00:00:00.000,2505,HY-VEE WINE AND SPIRITS (1038) / BOONE,1111  8TH ST,BOONE,50036,POINT (-93.876089041 42.064806014),,BOONE,1031100,AMERICAN VODKAS,421,SAZERAC COMPANY  INC,35318,BARTON VODKA,6,1750,7.06,10.59,30,317.70,52.50,13.86
INV-65789900029,2023-12-29T00:00:00.000,2505,HY-VEE WINE AND SPIRITS (1038) / BOONE,1111  8TH ST,BOONE,50036,POINT (-93.876089041 42.064806014),,BOONE,1031100,AMERICAN VODKAS,434,LUXCO INC,36307,HAWKEYE VODKA,12,1000,4.35,6.53,12,78.36,12.00,3.17
INV-65789900030,2023-12-29T00:00:00.000,2505,HY-VEE WINE AND SPIRITS (1038) / BOONE,1111  8TH ST,BOONE,50036,POINT (-93.876089041 42.064806014),,BOONE,1031100,AMERICAN VODKAS,434,LUXCO INC,36308,HAWKEYE VODKA,6,1750,7.50,11.25,12,135.00,21.00,5.54
INV-65789900031,2023-12-29T00:00:00.000,2505,HY-VEE WINE AND SPIRITS (1038) / BOONE,1111  8TH ST,BOONE,50036,POINT (-93.876089041 42.064806014),,BOONE,1031200,AMERICAN FLAVORED VODKA,205,E & J GALLO WINERY,36618,NEW AMSTERDAM RASPBERRY,12,750,8.00,12.00,4,48.00,3.00,0.79
INV-65789900032,2023-12-29T00:00:00.000,2505,HY-VEE WINE AND SPIRITS (1038) / BOONE,1111  8TH ST,BOONE,50036,POINT (-93.876089041 42.064806014),,BOONE,1031100,AMERICAN VODKAS,777,"BLUE OX SPIRITS, INC.",36875,BLUE OX VODKA,6,1750,7.63,11.45,12,137.40,21.00,5.54
INV-65789900033,2023-12-29T00:00:00.000,2505,HY-VEE WINE AND SPIRITS (1038) / BOONE,1111  8TH ST,BOONE,50036,POINT (-93.876089041 42.064806014),,BOONE,1031100,AMERICAN VODKAS,380,PHILLIPS BEVERAGE,37348,PHILLIPS VODKA,6,1750,7.60,11.40,6,68.40,10.50,2.77
INV-65789900034,2023-12-29T00:00:00.000,2505,HY-VEE WINE AND SPIRITS (1038) / BOONE,1111  8TH ST,BOONE,50036,POINT (-93.876089041 42.064806014),,BOONE,1031100,AMERICAN VODKAS,368,PARK STREET IMPORTS,37712,MEILI VODKA,6,750,14.00,21.00,6,126.00,4.50,1.18
INV-65789900035,2023-12-29T00:00:00.000,2505,HY-VEE WINE AND SPIRITS (1038) / BOONE,1111  8TH ST,BOONE,50036,POINT (-93.876089041 42.064806014),,BOONE,1031100,AMERICAN VODKAS,260,DIAGEO AMERICAS,37996,SMIRNOFF 80PRF,12,750,8.25,12.38,12,148.56,9.00,2.37
INV-65789900036,2023-12-29T00:00:00.000,2505,HY-VEE WINE AND SPIRITS (1038) / BOONE,1111  8TH ST,BOONE,50036,POINT (-93.876089041 42.064806014),,BOONE,1031100,AMERICAN VODKAS,260,DIAGEO AMERICAS,37997,SMIRNOFF 80PRF,12,1000,9.25,13.88,12,166.56,12.00,3.17
INV-65789900037,2023-12-29T00:00:00.000,2505,HY-VEE WINE AND SPIRITS (1038) / BOONE,1111  8TH ST,BOONE,50036,POINT (-93.876089041 42.064806014),,BOONE,1031100,AMERICAN VODKAS,421,SAZERAC COMPANY  INC,38088,PLATINUM 7X VODKA,6,1750,9.44,14.16,12,169.92,21.00,5.54
INV-65789900038,2023-12-29T00:00:00.000,2505,HY-VEE WINE AND SPIRITS (1038) / BOONE,1111  8TH ST,BOONE,50036,POINT (-93.876089041 42.064806014),,BOONE,1031100,AMERICAN VODKAS,301,FIFTH GENERATION INC,38177,TITOS HANDMADE VODKA,12,1000,13.17,19.76,24,474.24,24.00,6.34
INV-65789900039,2023-12-29T00:00:00.000,2505,HY-VEE WINE AND SPIRITS (1038) / BOONE,1111  8TH ST,BOONE,50036,POINT (-93.876089041 42.064806014),,BOONE,1031100,AMERICAN VODKAS,301,FIFTH GENERATION INC,38178,TITOS HANDMADE VODKA,6,1750,19.00,28.50,24,684.00,42.00,11.09
INV-65789900040,2023-12-29T00:00:00.000,2505,HY-VEE WINE AND SPIRITS (1038) / BOONE,1111  8TH ST,BOONE,50036,POINT (-93.876089041 42.064806014),,BOONE,1031200,AMERICAN FLAVORED VODKA,259,HEAVEN HILL BRANDS,39922,DEEP EDDY PEACH,12,750,9.50,14.25,5,71.25,3.75,0.99
INV-65789900041,2023-12-29T00:00:00.000,2505,HY-VEE WINE AND SPIRITS (1038) / BOONE,1111  8TH ST,BOONE,50036,POINT (-93.876089041 42.064806014),,BOONE,1062500,FLAVORED RUM,370,PERNOD RICARD USA,42717,MALIBU COCONUT,12,1000,11.99,17.99,12,215.88,12.00,3.17
INV-65789900042,2023-12-29T00:00:00.000,2505,HY-VEE WINE AND SPIRITS (1038) / BOONE,1111  8TH ST,BOONE,50036,POINT (-93.876089041 42.064806014),,BOONE,1062400,SPICED RUM,259,HEAVEN HILL BRANDS,43028,ADMIRAL NELSON SPICED,6,1750,12.00,18.00,6,108.00,10.50,2.77
INV-65789900043,2023-12-29T00:00:00.000,2505,HY-VEE WINE AND SPIRITS (1038) / BOONE,1111  8TH ST,BOONE,50036,POINT (-93.876089041 42.064806014),,BOONE,1062100,GOLD RUM,035,BACARDI USA INC,43034,BACARDI GOLD,24,375,5.00,7.50,2,15.00,0.75,0.19
INV-65789900044,2023-12-29T00:00:00.000,2505,HY-VEE WINE AND SPIRITS (1038) / BOONE,1111  8TH ST,BOONE,50036,POINT (-93.876089041 42.064806014),,BOONE,1062200,WHITE RUM,035,BACARDI USA INC,43120,BACARDI SUPERIOR PET,6,1750,15.50,23.25,12,279.00,21.00,5.54
INV-65789900045,2023-12-29T00:00:00.000,2505,HY-VEE WINE AND SPIRITS (1038) / BOONE,1111  8TH ST,BOONE,50036,POINT (-93.876089041 42.064806014),,BOONE,1062400,SPICED RUM,260,DIAGEO AMERICAS,43336,CAPTAIN MORGAN ORIGINAL SPICED,12,750,9.49,14.24,12,170.88,9.00,2.37
INV-65789900046,2023-12-29T00:00:00.000,2505,HY-VEE WINE AND SPIRITS (1038) / BOONE,1111  8TH ST,BOONE,50036,POINT (-93.876089041 42.064806014),,BOONE,1062400,SPICED RUM,260,DIAGEO AMERICAS,43337,CAPTAIN MORGAN ORIGINAL SPICED,12,1000,12.99,19.49,12,233.88,12.00,3.17
INV-65789900047,2023-12-29T00:00:00.000,2505,HY-VEE WINE AND SPIRITS (1038) / BOONE,1111  8TH ST,BOONE,50036,POINT (-93.876089041 42.064806014),,BOONE,1062200,WHITE RUM,434,LUXCO INC,45275,PARAMOUNT WHITE RUM PET,12,750,4.25,6.38,12,76.56,9.00,2.37
INV-65789900048,2023-12-29T00:00:00.000,2505,HY-VEE WINE AND SPIRITS (1038) / BOONE,1111  8TH ST,BOONE,50036,POINT (-93.876089041 42.064806014),,BOONE,1062200,WHITE RUM,434,LUXCO INC,45277,PARAMOUNT WHITE RUM,12,1000,4.75,7.13,12,85.56,12.00,3.17
INV-65789900049,2023-12-29T00:00:00.000,2505,HY-VEE WINE AND SPIRITS (1038) / BOONE,1111  8TH ST,BOONE,50036,POINT (-93.876089041 42.064806014),,BOONE,1062200,WHITE RUM,434,LUXCO INC,45278,PARAMOUNT WHITE RUM,6,1750,8.00,12.00,6,72.00,10.50,2.77
INV-65789900050,2023-12-29T00:00:00.000,2505,HY-VEE WINE AND SPIRITS (1038) / BOONE,1111  8TH ST,BOONE,50036,POINT (-93.876089041 42.064806014),,BOONE,1062400,SPICED RUM,395,PROXIMO,46504,KRAKEN BLACK SPICED RUM,12,750,11.00,16.50,12,198.00,9.00,2.37
INV-65789900051,2023-12-29T00:00:00.000,2505,HY-VEE WINE AND SPIRITS (1038) / BOONE,1111  8TH ST,BOONE,50036,POINT (-93.876089041 42.064806014),,BOONE,1012300,SINGLE MALT SCOTCH,266,EDRINGTON GROUP USA LLC,5486,MACALLAN 12YR,12,750,50.04,75.06,4,300.24,3.00,0.79
INV-65789900052,2023-12-29T00:00:00.000,2505,HY-VEE WINE AND SPIRITS (1038) / BOONE,1111  8TH ST,BOONE,50036,POINT (-93.876089041 42.064806014),,BOONE,1081600,WHISKEY LIQUEUR,421,SAZERAC COMPANY  INC,64864,FIREBALL CINNAMON WHISKEY,24,375,5.33,8.00,5,40.00,1.87,0.49
INV-65789900053,2023-12-29T00:00:00.000,2505,HY-VEE WINE AND SPIRITS (1038) / BOONE,1111  8TH ST,BOONE,50036,POINT (-93.876089041 42.064806014),,BOONE,1081600,WHISKEY LIQUEUR,421,SAZERAC COMPANY  INC,64865,FIREBALL CINNAMON WHISKEY PET,12,750,9.00,13.50,12,162.00,9.00,2.37
INV-65789900054,2023-12-29T00:00:00.000,2505,HY-VEE WINE AND SPIRITS (1038) / BOONE,1111  8TH ST,BOONE,50036,POINT (-93.876089041 42.064806014),,BOONE,1081600,WHISKEY LIQUEUR,421,SAZERAC COMPANY  INC,64867,FIREBALL CINNAMON WHISKEY,12,1000,12.00,18.00,12,216.00,12.00,3.17
INV-65789900055,2023-12-29T00:00:00.000,2505,HY-VEE WINE AND SPIRITS (1038) / BOONE,1111  8TH ST,BOONE,50036,POINT (-93.876089041 42.064806014),,BOONE,1081600,WHISKEY LIQUEUR,421,SAZERAC COMPANY  INC,64868,FIREBALL CINNAMON WHISKEY,6,1750,16.00,24.00,6,144.00,10.50,2.77
INV-65789900056,2023-12-29T00:00:00.000,2505,HY-VEE WINE AND SPIRITS (1038) / BOONE,1111  8TH ST,BOONE,50036,POINT (-93.876089041 42.064806014),,BOONE,1081600,WHISKEY LIQUEUR,421,SAZERAC COMPANY  INC,64870,FIREBALL CINNAMON WHISKEY,48,100,1.00,1.50,144,216.00,14.40,3.80
INV-65789900057,2023-12-29T00:00:00.000,2505,HY-VEE WINE AND SPIRITS (1038) / BOONE,1111  8TH ST,BOONE,50036,POINT (-93.876089041 42.064806014),,BOONE,1081600,WHISKEY LIQUEUR,421,SAZERAC COMPANY  INC,64904,FIREBALL CINNAMON WHISKEY PET,6,1750,16.00,24.00,12,288.00,21.00,5.54
INV-65789900058,2023-12-29T00:00:00.000,2505,HY-VEE WINE AND SPIRITS (1038) / BOONE,1111  8TH ST,BOONE,50036,POINT (-93.876089041 42.064806014),,BOONE,1081600,WHISKEY LIQUEUR,421,SAZERAC COMPANY  INC,65013,FIREBALL CINNAMON WHISKEY MINI SLEEVE,12,50,4.30,6.45,36,232.20,1.80,0.47
INV-65789900059,2023-12-29T00:00:00.000,2505,HY-VEE WINE AND SPIRITS (1038) / BOONE,1111  8TH ST,BOONE,50036,POINT (-93.876089041 42.064806014),,BOONE,1012400,IRISH WHISKIES,370,PERNOD RICARD USA,65487,JAMESON ORANGE,6,750,14.99,22.49,3,67.47,2.25,0.59
INV-65789900060,2023-12-29T00:00:00.000,2505,HY-VEE WINE AND SPIRITS (1038) / BOONE,1111  8TH ST,BOONE,50036,POINT (-93.876089041 42.064806014),,BOONE,1081100,COFFEE LIQUEURS,380,PHILLIPS BEVERAGE,67557,KAMORA COFFEE LIQUEUR,12,1000,9.17,13.76,12,165.12,12.00,3.17
INV-65789900061,2023-12-29T00:00:00.000,2505,HY-VEE WINE AND SPIRITS (1038) / BOONE,1111  8TH ST,BOONE,50036,POINT (-93.876089041 42.064806014),,BOONE,1082100,IMPORTED CORDIALS & LIQUEURS,260,DIAGEO AMERICAS,67900,BAILEYS CHOCOLATE,12,750,16.49,24.74,12,296.88,9.00,2.37
INV-65789900062,2023-12-29T00:00:00.000,2505,HY-VEE WINE AND SPIRITS (1038) / BOONE,1111  8TH ST,BOONE,50036,POINT (-93.876089041 42.064806014),,BOONE,1082200,IMPORTED SCHNAPPS,421,SAZERAC COMPANY  INC,69638,DR MCGILLICUDDYS CHERRY,6,1750,15.00,22.50,6,131.94,10.50,2.77
INV-65789900063,2023-12-29T00:00:00.000,2505,HY-VEE WINE AND SPIRITS (1038) / BOONE,1111  8TH ST,BOONE,50036,POINT (-93.876089041 42.064806014),,BOONE,1082200,IMPORTED SCHNAPPS,421,SAZERAC COMPANY  INC,69658,DR MCGILLICUDDYS MENTHOLMINT,6,1750,15.00,22.50,12,263.88,21.00,5.54
INV-65789900064,2023-12-29T00:00:00.000,2505,HY-VEE WINE AND SPIRITS (1038) / BOONE,1111  8TH ST,BOONE,50036,POINT (-93.876089041 42.064806014),,BOONE,1082200,IMPORTED SCHNAPPS,421,SAZERAC COMPANY  INC,69706,DR MCGILLICUDDYS ROOT BEER,12,750,8.89,13.34,12,155.88,9.00,2.37
INV-65789900065,2023-12-29T00:00:00.000,2505,HY-VEE WINE AND SPIRITS (1038) / BOONE,1111  8TH ST,BOONE,50036,POINT (-93.876089041 42.064806014),,BOONE,1081200,CREAM LIQUEURS,205,E & J GALLO WINERY,73051,RUMCHATA MINI,12,50,8.87,13.31,2,26.62,0.10,0.02
INV-65789900066,2023-12-29T00:00:00.000,2505,HY-VEE WINE AND SPIRITS (1038) / BOONE,1111  8TH ST,BOONE,50036,POINT (-93.876089041 42.064806014),,BOONE,1701100,TEMPORARY & SPECIALTY PACKAGES,662,IA-NATIVE SPIRITS,75373,LEMONCELLO 50010 MINI,10,50,13.00,19.50,2,39.00,0.10,0.02
INV-65789900067,2023-12-29T00:00:00.000,2505,HY-VEE WINE AND SPIRITS (1038) / BOONE,1111  8TH ST,BOONE,50036,POINT (-93.876089041 42.064806014),,BOONE,1081300,AMERICAN CORDIALS & LIQUEURS,259,HEAVEN HILL BRANDS,76478,PAMA POMEGRANATE LIQUEUR,6,750,12.00,18.00,2,36.00,1.50,0.39
INV-65789900068,2023-12-29T00:00:00.000,2505,HY-VEE WINE AND SPIRITS (1038) / BOONE,1111  8TH ST,BOONE,50036,POINT (-93.876089041 42.064806014),,BOONE,1031200,AMERICAN FLAVORED VODKA,260,DIAGEO AMERICAS,77683,SMIRNOFF KISSED CARAMEL,12,750,8.25,12.38,12,148.56,9.00,2.37
INV-65789900069,2023-12-29T00:00:00.000,2505,HY-VEE WINE AND SPIRITS (1038) / BOONE,1111  8TH ST,BOONE,50036,POINT (-93.876089041 42.064806014),,BOONE,1081200,CREAM LIQUEURS,421,SAZERAC COMPANY  INC,80457,RYANS CREAM LIQUEUR,12,1000,7.23,10.85,12,130.20,12.00,3.17
INV-65789900070,2023-12-29T00:00:00.000,2505,HY-VEE WINE AND SPIRITS (1038) / BOONE,1111  8TH ST,BOONE,50036,POINT (-93.876089041 42.064806014),,BOONE,1081200,CREAM LIQUEURS,205,E & J GALLO WINERY,80486,TIPPY COW ORANGE CREAM,6,750,10.00,15.00,6,99.00,4.50,1.18
INV-65789900071,2023-12-29T00:00:00.000,2505,HY-VEE WINE AND SPIRITS (1038) / BOONE,1111  8TH ST,BOONE,50036,POINT (-93.876089041 42.064806014),,BOONE,1081400,AMERICAN SCHNAPPS,065,JIM BEAM BRANDS,82612,DEKUYPER HOT DAMN! PET,12,750,6.75,10.13,5,50.65,3.75,0.99
INV-65789900072,2023-12-29T00:00:00.000,2505,HY-VEE WINE AND SPIRITS (1038) / BOONE,1111  8TH ST,BOONE,50036,POINT (-93.876089041 42.064806014),,BOONE,1081400,AMERICAN SCHNAPPS,065,JIM BEAM BRANDS,82849,DEKUYPER LUSCIOUS PEACHTREE PET,6,1750,11.75,17.63,6,105.78,10.50,2.77
INV-65789900073,2023-12-29T00:00:00.000,2505,HY-VEE WINE AND SPIRITS (1038) / BOONE,1111  8TH ST,BOONE,50036,POINT (-93.876089041 42.064806014),,BOONE,1081400,AMERICAN SCHNAPPS,421,SAZERAC COMPANY  INC,84159,99 APPLES,12,750,7.50,11.25,3,33.75,2.25,0.59
INV-65789900074,2023-12-29T00:00:00.000,2505,HY-VEE WINE AND SPIRITS (1038) / BOONE,1111  8TH ST,BOONE,50036,POINT (-93.876089041 42.064806014),,BOONE,1081400,AMERICAN SCHNAPPS,421,SAZERAC COMPANY  INC,84170,99 BANANAS,12,750,7.50,11.25,2,22.50,1.50,0.39
INV-65789900075,2023-12-29T00:00:00.000,2505,HY-VEE WINE AND SPIRITS (1038) / BOONE,1111  8TH ST,BOONE,50036,POINT (-93.876089041 42.064806014),,BOONE,1081300,AMERICAN CORDIALS & LIQUEURS,421,SAZERAC COMPANY  INC,84208,99 ROOT BEER,48,100,1.00,1.50,48,72.00,4.80,1.26
INV-65789900076,2023-12-29T00:00:00.000,2505,HY-VEE WINE AND SPIRITS (1038) / BOONE,1111  8TH ST,BOONE,50036,POINT (-93.876089041 42.064806014),,BOONE,1081400,AMERICAN SCHNAPPS,421,SAZERAC COMPANY  INC,84211,99 ROOT BEER,12,750,7.50,11.25,3,33.75,2.25,0.59
INV-65789900077,2023-12-29T00:00:00.000,2505,HY-VEE WINE AND SPIRITS (1038) / BOONE,1111  8TH ST,BOONE,50036,POINT (-93.876089041 42.064806014),,BOONE,1011400,TENNESSEE WHISKIES,368,PARK STREET IMPORTS,85665,ELVIS MIDNIGHT SNACK FLAVORED WHISKEY,6,750,16.00,24.00,3,72.00,2.25,0.59
INV-65789900078,2023-12-29T00:00:00.000,2505,HY-VEE WINE AND SPIRITS (1038) / BOONE,1111  8TH ST,BOONE,50036,POINT (-93.876089041 42.064806014),,BOONE,1011400,TENNESSEE WHISKIES,346,OLE SMOKY DISTILLERY LLC,86544,OLE SMOKY SALTY CARAMEL WHISKEY MINI,4,50,17.50,26.25,1,26.25,0.05,0.01
INV-65789900079,2023-12-29T00:00:00.000,2505,HY-VEE WINE AND SPIRITS (1038) / BOONE,1111  8TH ST,BOONE,50036,POINT (-93.876089041 42.064806014),,BOONE,1011100,BLENDED WHISKIES,370,PERNOD RICARD USA,87050,SKREWBALL PEANUT BUTTER WHISKEY,6,1000,18.98,28.47,6,170.82,6.00,1.58
INV-65789900080,2023-12-29T00:00:00.000,2505,HY-VEE WINE AND SPIRITS (1038) / BOONE,1111  8TH ST,BOONE,50036,POINT (-93.876089041 42.064806014),,BOONE,1022200,100% AGAVE TEQUILA,035,BACARDI USA INC,88291,PATRON SILVER MINI,10,50,23.00,34.50,1,34.50,0.05,0.01
INV-65789900081,2023-12-29T00:00:00.000,2505,HY-VEE WINE AND SPIRITS (1038) / BOONE,1111  8TH ST,BOONE,50036,POINT (-93.876089041 42.064806014),,BOONE,1022200,100% AGAVE TEQUILA,035,BACARDI USA INC,88296,PATRON SILVER,12,750,28.00,42.00,24,1008.00,18.00,4.75
INV-65789900082,2023-12-29T00:00:00.000,2505,HY-VEE WINE AND SPIRITS (1038) / BOONE,1111  8TH ST,BOONE,50036,POINT (-93.876089041 42.064806014),,BOONE,1022100,MIXTO TEQUILA,395,PROXIMO,89198,JOSE CUERVO ESPECIAL REPOSADO,6,1750,23.00,34.50,6,207.00,10.50,2.77
INV-65789900083,2023-12-29T00:00:00.000,2505,HY-VEE WINE AND SPIRITS (1038) / BOONE,1111  8TH ST,BOONE,50036,POINT (-93.876089041 42.064806014),,BOONE,1022200,100% AGAVE TEQUILA,065,JIM BEAM BRANDS,89837,HORNITOS GOLD,12,1000,16.00,24.00,12,288.00,12.00,3.17
INV-65789900084,2023-12-29T00:00:00.000,2505,HY-VEE WINE AND SPIRITS (1038) / BOONE,1111  8TH ST,BOONE,50036,POINT (-93.876089041 42.064806014),,BOONE,1081400,AMERICAN SCHNAPPS,380,PHILLIPS BEVERAGE,995530,SOOH ICE HOLE SALTY CARAMEL SCHNAPPS,12,750,5.50,8.25,12,99.00,9.00,2.37
INV-65790000001,2023-12-29T00:00:00.000,5471,WORLD LIQUOR & TOBACCO + VAPORS,1030 8TH ST,BOONE,50036,POINT (-93.876907031 42.06352702),,BOONE,1012200,SCOTCH WHISKIES,065,JIM BEAM BRANDS,905433,HA LAPHROAIG QUARTER CASK,6,750,31.49,47.24,1,47.24,0.75,0.19
INV-65790100001,2023-12-29T00:00:00.000,5471,WORLD LIQUOR & TOBACCO + VAPORS,1030 8TH ST,BOONE,50036,POINT (-93.876907031 42.06352702),,BOONE,1701100,TEMPORARY & SPECIALTY PACKAGES,259,HEAVEN HILL BRANDS,102014,ELIJAH CRAIG RYE HOLIDAY VAP,6,750,17.50,26.25,6,157.50,4.50,1.18
INV-65790100002,2023-12-29T00:00:00.000,5471,WORLD LIQUOR & TOBACCO + VAPORS,1030 8TH ST,BOONE,50036,POINT (-93.876907031 42.06352702),,BOONE,1011200,STRAIGHT BOURBON WHISKIES,978,W J DEUTSCH & SONS LTD,16814,BIB & TUCKER SMALL BATCH BOURBON AGED 6YR,6,750,28.34,42.51,6,255.06,4.50,1.18
INV-65790100003,2023-12-29T00:00:00.000,5471,WORLD LIQUOR & TOBACCO + VAPORS,1030 8TH ST,BOONE,50036,POINT (-93.876907031 42.06352702),,BOONE,1011200,STRAIGHT BOURBON WHISKIES,065,JIM BEAM BRANDS,20248,OLD CROW,6,1750,10.50,15.75,6,94.50,10.50,2.77
INV-65790100004,2023-12-29T00:00:00.000,5471,WORLD LIQUOR & TOBACCO + VAPORS,1030 8TH ST,BOONE,50036,POINT (-93.876907031 42.06352702),,BOONE,1011400,TENNESSEE WHISKIES,978,W J DEUTSCH & SONS LTD,22492,BIB & TUCKER DOUBLE CHAR BOURBON,6,750,28.34,42.51,6,255.06,4.50,1.18
INV-65790100005,2023-12-29T00:00:00.000,5471,WORLD LIQUOR & TOBACCO + VAPORS,1030 8TH ST,BOONE,50036,POINT (-93.876907031 42.06352702),,BOONE,1701100,TEMPORARY & SPECIALTY PACKAGES,125,CEDAR RIDGE VINEYARDS LL,25165,SLIPKNOT NO 9 RED CASK,6,750,25.00,37.50,6,225.00,4.50,1.18
INV-65790100006,2023-12-29T00:00:00.000,5471,WORLD LIQUOR & TOBACCO + VAPORS,1030 8TH ST,BOONE,50036,POINT (-93.876907031 42.06352702),,BOONE,1011100,BLENDED WHISKIES,492,WESTERN SPIRITS BEVERAGE,27417,BIRD DOG MAPLE,6,750,11.50,17.25,6,103.50,4.50,1.18
INV-65790100007,2023-12-29T00:00:00.000,5471,WORLD LIQUOR & TOBACCO + VAPORS,1030 8TH ST,BOONE,50036,POINT (-93.876907031 42.06352702),,BOONE,1011200,STRAIGHT BOURBON WHISKIES,065,JIM BEAM BRANDS,27783,JIM BEAM APPLE,12,750,11.00,16.50,12,198.00,9.00,2.37
INV-65790100008,2023-12-29T00:00:00.000,5471,WORLD LIQUOR & TOBACCO + VAPORS,1030 8TH ST,BOONE,50036,POINT (-93.876907031 42.06352702),,BOONE,1032200,IMPORTED FLAVORED VODKA,065,JIM BEAM BRANDS,35626,PINNACLE WHIPPED,12,750,6.50,9.75,12,117.00,9.00,2.37
INV-65790100009,2023-12-29T00:00:00.000,5471,WORLD LIQUOR & TOBACCO + VAPORS,1030 8TH ST,BOONE,50036,POINT (-93.876907031 42.06352702),,BOONE,1031100,AMERICAN VODKAS,421,SAZERAC COMPANY  INC,36650,CALIBER VODKA,6,1750,6.92,10.38,6,62.28,10.50,2.77
INV-65790100010,2023-12-29T00:00:00.000,5471,WORLD LIQUOR & TOBACCO + VAPORS,1030 8TH ST,BOONE,50036,POINT (-93.876907031 42.06352702),,BOONE,1031100,AMERICAN VODKAS,617,MIDWEST LIQUOR COMPANY,38075,STATE VODKA,6,1750,7.20,10.80,6,64.80,10.50,2.77
INV-65790100011,2023-12-29T00:00:00.000,5471,WORLD LIQUOR & TOBACCO + VAPORS,1030 8TH ST,BOONE,50036,POINT (-93.876907031 42.06352702),,BOONE,1031200,AMERICAN FLAVORED VODKA,205,E & J GALLO WINERY,39725,NEW AMSTERDAM LEMON,12,750,8.00,12.00,12,144.00,9.00,2.37
INV-65790100012,2023-12-29T00:00:00.000,5471,WORLD LIQUOR & TOBACCO + VAPORS,1030 8TH ST,BOONE,50036,POINT (-93.876907031 42.06352702),,BOONE,1031200,AMERICAN FLAVORED VODKA,380,PHILLIPS BEVERAGE,41705,UV RED CHERRY,12,1000,7.50,11.25,12,135.00,12.00,3.17
INV-65790100013,2023-12-29T00:00:00.000,5471,WORLD LIQUOR & TOBACCO + VAPORS,1030 8TH ST,BOONE,50036,POINT (-93.876907031 42.06352702),,BOONE,1062200,WHITE RUM,035,BACARDI USA INC,43128,BACARDI SUPERIOR,6,1750,15.50,23.25,6,139.50,10.50,2.77
INV-65790100014,2023-12-29T00:00:00.000,5471,WORLD LIQUOR & TOBACCO + VAPORS,1030 8TH ST,BOONE,50036,POINT (-93.876907031 42.06352702),,BOONE,1051100,AMERICAN BRANDIES,434,LUXCO INC,55088,PARAMOUNT BLACKBERRY BRANDY,6,1750,11.75,17.63,6,105.78,10.50,2.77
INV-65790100015,2023-12-29T00:00:00.000,5471,WORLD LIQUOR & TOBACCO + VAPORS,1030 8TH ST,BOONE,50036,POINT (-93.876907031 42.06352702),,BOONE,1071000,COCKTAILS/RTD,260,DIAGEO AMERICAS,58801,CAPTAIN MORGAN LONG ISLAND ICED TEA,6,1750,11.00,16.50,6,99.00,10.50,2.77
INV-65790100016,2023-12-29T00:00:00.000,5471,WORLD LIQUOR & TOBACCO + VAPORS,1030 8TH ST,BOONE,50036,POINT (-93.876907031 42.06352702),,BOONE,1701100,TEMPORARY & SPECIALTY PACKAGES,384,PIEDMONT DISTILLERS INC,68620,MIDNIGHT MOON APPLE PIE MOONSHAKE MINI,4,50,17.16,25.74,4,102.96,0.20,0.05
INV-65790100017,2023-12-29T00:00:00.000,5471,WORLD LIQUOR & TOBACCO + VAPORS,1030 8TH ST,BOONE,50036,POINT (-93.876907031 42.06352702),,BOONE,1701100,TEMPORARY & SPECIALTY PACKAGES,384,PIEDMONT DISTILLERS INC,68621,MIDNIGHT MOON APPLE PIE MOONSHAKE,6,750,11.50,17.25,6,103.50,4.50,1.18
INV-65790100018,2023-12-29T00:00:00.000,5471,WORLD LIQUOR & TOBACCO + VAPORS,1030 8TH ST,BOONE,50036,POINT (-93.876907031 42.06352702),,BOONE,1701100,TEMPORARY & SPECIALTY PACKAGES,384,PIEDMONT DISTILLERS INC,68622,MIDNIGHT MOON CHOCOLATE BROWNIE MOONSHAKE MINI,4,50,17.16,25.74,4,102.96,0.20,0.05
INV-65790100019,2023-12-29T00:00:00.000,5471,WORLD LIQUOR & TOBACCO + VAPORS,1030 8TH ST,BOONE,50036,POINT (-93.876907031 42.06352702),,BOONE,1701100,TEMPORARY & SPECIALTY PACKAGES,384,PIEDMONT DISTILLERS INC,68623,MIDNIGHT MOON CHOCOLATE BROWNIE MOONSHAKE,6,750,11.50,17.25,6,103.50,4.50,1.18
INV-65790100020,2023-12-29T00:00:00.000,5471,WORLD LIQUOR & TOBACCO + VAPORS,1030 8TH ST,BOONE,50036,POINT (-93.876907031 42.06352702),,BOONE,1701100,TEMPORARY & SPECIALTY PACKAGES,384,PIEDMONT DISTILLERS INC,68624,MIDNIGHT MOON COOKIES & CREAM MOONSHAKE MINI,4,50,17.16,25.74,4,102.96,0.20,0.05
INV-65790100021,2023-12-29T00:00:00.000,5471,WORLD LIQUOR & TOBACCO + VAPORS,1030 8TH ST,BOONE,50036,POINT (-93.876907031 42.06352702),,BOONE,1701100,TEMPORARY & SPECIALTY PACKAGES,384,PIEDMONT DISTILLERS INC,68625,MIDNIGHT MOON COOKIES & CREAM MOONSHAKE,6,750,11.50,17.25,6,103.50,4.50,1.18
INV-65790100022,2023-12-29T00:00:00.000,5471,WORLD LIQUOR & TOBACCO + VAPORS,1030 8TH ST,BOONE,50036,POINT (-93.876907031 42.06352702),,BOONE,1701100,TEMPORARY & SPECIALTY PACKAGES,384,PIEDMONT DISTILLERS INC,68627,MIDNIGHT MOON HOLIDAY NOG MOONSHAKE,6,750,11.50,17.25,6,103.50,4.50,1.18
INV-65790100023,2023-12-29T00:00:00.000,5471,WORLD LIQUOR & TOBACCO + VAPORS,1030 8TH ST,BOONE,50036,POINT (-93.876907031 42.06352702),,BOONE,1082200,IMPORTED SCHNAPPS,260,DIAGEO AMERICAS,69947,RUMPLE MINZE PEPPERMINT SCHNAPPS LIQUEUR,12,1000,16.99,25.49,12,305.88,12.00,3.17
INV-65790100024,2023-12-29T00:00:00.000,5471,WORLD LIQUOR & TOBACCO + VAPORS,1030 8TH ST,BOONE,50036,POINT (-93.876907031 42.06352702),,BOONE,1081300,AMERICAN CORDIALS & LIQUEURS,641,CH DISTILLERY / 773 LLC,75026,JEPPSONS MALORT,12,750,12.45,18.68,12,224.16,9.00,2.37
INV-65790100025,2023-12-29T00:00:00.000,5471,WORLD LIQUOR & TOBACCO + VAPORS,1030 8TH ST,BOONE,50036,POINT (-93.876907031 42.06352702),,BOONE,1091300,NEUTRAL GRAIN SPIRITS FLAVORED,346,OLE SMOKY DISTILLERY LLC,76412,OLE SMOKY BUTTER PECAN MOONSHINE MINI,8,50,8.75,13.13,8,105.04,0.40,0.10
INV-65790100026,2023-12-29T00:00:00.000,5471,WORLD LIQUOR & TOBACCO + VAPORS,1030 8TH ST,BOONE,50036,POINT (-93.876907031 42.06352702),,BOONE,1091300,NEUTRAL GRAIN SPIRITS FLAVORED,346,OLE SMOKY DISTILLERY LLC,76413,OLE SMOKY BUTTER PECAN MOONSHINE,6,750,13.00,19.50,6,117.00,4.50,1.18
INV-65790100027,2023-12-29T00:00:00.000,5471,WORLD LIQUOR & TOBACCO + VAPORS,1030 8TH ST,BOONE,50036,POINT (-93.876907031 42.06352702),,BOONE,1081300,AMERICAN CORDIALS & LIQUEURS,434,LUXCO INC,76488,PARAMOUNT AMARETTO,6,1750,8.75,13.13,6,78.78,10.50,2.77
INV-65790100028,2023-12-29T00:00:00.000,5471,WORLD LIQUOR & TOBACCO + VAPORS,1030 8TH ST,BOONE,50036,POINT (-93.876907031 42.06352702),,BOONE,1701100,TEMPORARY & SPECIALTY PACKAGES,346,OLE SMOKY DISTILLERY LLC,78265,OLE SMOKY SHINE NOG MINI,8,50,8.75,13.13,8,105.04,0.40,0.10
INV-65790100029,2023-12-29T00:00:00.000,5471,WORLD LIQUOR & TOBACCO + VAPORS,1030 8TH ST,BOONE,50036,POINT (-93.876907031 42.06352702),,BOONE,1091300,NEUTRAL GRAIN SPIRITS FLAVORED,346,OLE SMOKY DISTILLERY LLC,80358,OLE SMOKY ORANGE SHINESICLE MOONSHINE MINI,8,50,8.75,13.13,8,105.04,0.40,0.10
INV-65790100030,2023-12-29T00:00:00.000,5471,WORLD LIQUOR & TOBACCO + VAPORS,1030 8TH ST,BOONE,50036,POINT (-93.876907031 42.06352702),,BOONE,1022200,100% AGAVE TEQUILA,942,LALO SPIRITS LLC,85788,LALO TEQUILA BLANCO,6,750,24.00,36.00,6,216.00,4.50,1.18
INV-65790100031,2023-12-29T00:00:00.000,5471,WORLD LIQUOR & TOBACCO + VAPORS,1030 8TH ST,BOONE,50036,POINT (-93.876907031 42.06352702),,BOONE,1011400,TENNESSEE WHISKIES,085,BROWN FORMAN CORP.,86692,JACK DANIELS TENNESSEE FIRE,12,750,15.91,23.87,12,286.44,9.00,2.37
INV-65790100032,2023-12-29T00:00:00.000,5471,WORLD LIQUOR & TOBACCO + VAPORS,1030 8TH ST,BOONE,50036,POINT (-93.876907031 42.06352702),,BOONE,1091300,NEUTRAL GRAIN SPIRITS FLAVORED,346,OLE SMOKY DISTILLERY LLC,86739,OLE SMOKY APPLE PIE MOONSHINE 70PRF MINI,8,50,8.75,13.13,8,105.04,0.40,0.10
INV-65790100033,2023-12-29T00:00:00.000,5471,WORLD LIQUOR & TOBACCO + VAPORS,1030 8TH ST,BOONE,50036,POINT (-93.876907031 42.06352702),,BOONE,1091300,NEUTRAL GRAIN SPIRITS FLAVORED,346,OLE SMOKY DISTILLERY LLC,86843,OLE SMOKY SALTY CARAMEL WHISKEY,6,750,11.00,16.50,6,99.00,4.50,1.18
INV-65790100034,2023-12-29T00:00:00.000,5471,WORLD LIQUOR & TOBACCO + VAPORS,1030 8TH ST,BOONE,50036,POINT (-93.876907031 42.06352702),,BOONE,1081600,WHISKEY LIQUEUR,421,SAZERAC COMPANY  INC,86916,SOUTHERN COMFORT 100PRF,12,750,12.15,18.23,12,218.76,9.00,2.37
INV-65790100035,2023-12-29T00:00:00.000,5471,WORLD LIQUOR & TOBACCO + VAPORS,1030 8TH ST,BOONE,50036,POINT (-93.876907031 42.06352702),,BOONE,1091200,NEUTRAL GRAIN SPIRITS,346,OLE SMOKY DISTILLERY LLC,86970,OLE SMOKY BLUE FLAME MOONSHINE MINI,8,50,8.75,13.13,8,105.04,0.40,0.10
INV-65790100036,2023-12-29T00:00:00.000,5471,WORLD LIQUOR & TOBACCO + VAPORS,1030 8TH ST,BOONE,50036,POINT (-93.876907031 42.06352702),,BOONE,1092100,IMPORTED DISTILLED SPIRITS SPECIALTY,115,CONSTELLATION BRANDS INC,88533,MI CAMPO REPOSADO,12,750,13.50,20.25,12,243.00,9.00,2.37
INV-65790100037,2023-12-29T00:00:00.000,5471,WORLD LIQUOR & TOBACCO + VAPORS,1030 8TH ST,BOONE,50036,POINT (-93.876907031 42.06352702),,BOONE,1022100,MIXTO TEQUILA,395,PROXIMO,89196,JOSE CUERVO ESPECIAL REPOSADO,12,750,12.00,18.00,12,216.00,9.00,2.37
INV-65790100038,2023-12-29T00:00:00.000,5471,WORLD LIQUOR & TOBACCO + VAPORS,1030 8TH ST,BOONE,50036,POINT (-93.876907031 42.06352702),,BOONE,1042100,IMPORTED DRY GINS,065,JIM BEAM BRANDS,928812,SOOH SIPSMITH LONDON DRY GIN,6,750,18.45,27.68,6,166.08,4.50,1.18
INV-65790200001,2023-12-29T00:00:00.000,4831,L & M GAS & GROCERY / BOONE,"320, W MAMIE EISENHOWER AVE",BOONE,50036,POINT (-93.896853027 42.059069985),,BOONE,1012100,CANADIAN WHISKIES,421,SAZERAC COMPANY  INC,12478,CANADIAN MIST WHISKY PET,6,1750,11.50,17.25,6,103.50,10.50,2.77
INV-65790200002,2023-12-29T00:00:00.000,4831,L & M GAS & GROCERY / BOONE,"320, W MAMIE EISENHOWER AVE",BOONE,50036,POINT (-93.896853027 42.059069985),,BOONE,1011200,STRAIGHT BOURBON WHISKIES,260,DIAGEO AMERICAS,17086,BULLEIT BOURBON,12,750,17.99,26.99,4,107.96,3.00,0.79
INV-65790200003,2023-12-29T00:00:00.000,4831,L & M GAS & GROCERY / BOONE,"320, W MAMIE EISENHOWER AVE",BOONE,50036,POINT (-93.896853027 42.059069985),,BOONE,1031100,AMERICAN VODKAS,434,LUXCO INC,36308,HAWKEYE VODKA,6,1750,7.50,11.25,18,202.50,31.50,8.32
INV-65790200004,2023-12-29T00:00:00.000,4831,L & M GAS & GROCERY / BOONE,"320, W MAMIE EISENHOWER AVE",BOONE,50036,POINT (-93.896853027 42.059069985),,BOONE,1031100,AMERICAN VODKAS,260,DIAGEO AMERICAS,37996,SMIRNOFF 80PRF,12,750,8.25,12.38,4,49.52,3.00,0.79
INV-65790200005,2023-12-29T00:00:00.000,4831,L & M GAS & GROCERY / BOONE,"320, W MAMIE EISENHOWER AVE",BOONE,50036,POINT (-93.896853027 42.059069985),,BOONE,1031100,AMERICAN VODKAS,301,FIFTH GENERATION INC,38174,TITOS HANDMADE VODKA,12,375,5.42,8.13,12,97.56,4.50,1.18
INV-65790200006,2023-12-29T00:00:00.000,4831,L & M GAS & GROCERY / BOONE,"320, W MAMIE EISENHOWER AVE",BOONE,50036,POINT (-93.896853027 42.059069985),,BOONE,1031100,AMERICAN VODKAS,301,FIFTH GENERATION INC,38176,TITOS HANDMADE VODKA,12,750,10.00,15.00,12,180.00,9.00,2.37
INV-65790200007,2023-12-29T00:00:00.000,4831,L & M GAS & GROCERY / BOONE,"320, W MAMIE EISENHOWER AVE",BOONE,50036,POINT (-93.896853027 42.059069985),,BOONE,1081600,WHISKEY LIQUEUR,421,SAZERAC COMPANY  INC,64858,FIREBALL CINNAMON WHISKEY MINI DISPENSER,1,50,25.80,38.70,1,38.70,0.05,0.01
INV-65790200008,2023-12-29T00:00:00.000,4831,L & M GAS & GROCERY / BOONE,"320, W MAMIE EISENHOWER AVE",BOONE,50036,POINT (-93.896853027 42.059069985),,BOONE,1081600,WHISKEY LIQUEUR,421,SAZERAC COMPANY  INC,64864,FIREBALL CINNAMON WHISKEY,24,375,5.33,8.00,24,192.00,9.00,2.37
INV-65790200009,2023-12-29T00:00:00.000,4831,L & M GAS & GROCERY / BOONE,"320, W MAMIE EISENHOWER AVE",BOONE,50036,POINT (-93.896853027 42.059069985),,BOONE,1091100,AMERICAN DISTILLED SPIRITS SPECIALTY,481,SUGARLANDS DISTILLING COMPANY LLC,77330,SUGARLANDS APPALACHIAN APPLE PIE MOONSHINE,6,750,12.80,19.20,4,76.80,3.00,0.79
INV-65790300001,2023-12-29T00:00:00.000,010073,FAREWAY STORES INC #229 / ODGEN,302 WEST WALNUT STREET,OGDEN,50212,POINT (-94.031072023 42.038769015),,BOONE,1012100,CANADIAN WHISKIES,260,DIAGEO AMERICAS,10803,CROWN ROYAL REGAL APPLE MINI,10,50,9.95,14.93,1,14.93,0.05,0.01
INV-65790300002,2023-12-29T00:00:00.000,010073,FAREWAY STORES INC #229 / ODGEN,302 WEST WALNUT STREET,OGDEN,50212,POINT (-94.031072023 42.038769015),,BOONE,1011200,STRAIGHT BOURBON WHISKIES,065,JIM BEAM BRANDS,19064,JIM BEAM,24,375,5.60,8.40,3,25.20,1.12,0.29
INV-65790300003,2023-12-29T00:00:00.000,010073,FAREWAY STORES INC #229 / ODGEN,302 WEST WALNUT STREET,OGDEN,50212,POINT (-94.031072023 42.038769015),,BOONE,1011400,TENNESSEE WHISKIES,085,BROWN FORMAN CORP.,26826,JACK DANIELS OLD #7 BLACK LABEL,12,750,15.91,23.87,12,286.44,9.00,2.37
INV-65790300004,2023-12-29T00:00:00.000,010073,FAREWAY STORES INC #229 / ODGEN,302 WEST WALNUT STREET,OGDEN,50212,POINT (-94.031072023 42.038769015),,BOONE,1011600,STRAIGHT RYE WHISKIES,255,INFINIUM SPIRITS,27102,TEMPLETON RYE 4YR,6,750,15.40,23.10,2,54.28,1.50,0.39
INV-65790300005,2023-12-29T00:00:00.000,010073,FAREWAY STORES INC #229 / ODGEN,302 WEST WALNUT STREET,OGDEN,50212,POINT (-94.031072023 42.038769015),,BOONE,1011100,BLENDED WHISKIES,492,WESTERN SPIRITS BEVERAGE,27433,BIRD DOG PEACH,6,750,11.50,17.25,3,51.75,2.25,0.59
INV-65790300006,2023-12-29T00:00:00.000,010073,FAREWAY STORES INC #229 / ODGEN,302 WEST WALNUT STREET,OGDEN,50212,POINT (-94.031072023 42.038769015),,BOONE,1011100,BLENDED WHISKIES,154,DUNKEL CORPORATION / IOWA DISTILLING,27629,PRAIRIE FIRE,12,750,9.09,13.64,2,27.28,1.50,0.39
INV-65790300007,2023-12-29T00:00:00.000,010073,FAREWAY STORES INC #229 / ODGEN,302 WEST WALNUT STREET,OGDEN,50212,POINT (-94.031072023 42.038769015),,BOONE,1041200,FLAVORED GIN,654,REVELTON DISTILLING COMPANY,33180,REVELTON MULBERRY GIN,6,750,17.50,26.25,3,78.75,2.25,0.59
INV-65790300008,2023-12-29T00:00:00.000,010073,FAREWAY STORES INC #229 / ODGEN,302 WEST WALNUT STREET,OGDEN,50212,POINT (-94.031072023 42.038769015),,BOONE,1032100,IMPORTED VODKAS,421,SAZERAC COMPANY  INC,34368,FRIS DANISH VODKA,6,1750,8.49,12.74,6,76.44,10.50,2.77
INV-65790300009,2023-12-29T00:00:00.000,010073,FAREWAY STORES INC #229 / ODGEN,302 WEST WALNUT STREET,OGDEN,50212,POINT (-94.031072023 42.038769015),,BOONE,1031100,AMERICAN VODKAS,434,LUXCO INC,36308,HAWKEYE VODKA,6,1750,7.50,11.25,6,67.50,10.50,2.77
INV-65790300010,2023-12-29T00:00:00.000,010073,FAREWAY STORES INC #229 / ODGEN,302 WEST WALNUT STREET,OGDEN,50212,POINT (-94.031072023 42.038769015),,BOONE,1031100,AMERICAN VODKAS,260,DIAGEO AMERICAS,37991,SMIRNOFF 80PRF MINI,12,50,7.47,11.21,1,11.21,0.05,0.01
INV-65790300011,2023-12-29T00:00:00.000,010073,FAREWAY STORES INC #229 / ODGEN,302 WEST WALNUT STREET,OGDEN,50212,POINT (-94.031072023 42.038769015),,BOONE,1031100,AMERICAN VODKAS,301,FIFTH GENERATION INC,38176,TITOS HANDMADE VODKA,12,750,10.00,15.00,12,180.00,9.00,2.37
INV-65790300012,2023-12-29T00:00:00.000,010073,FAREWAY STORES INC #229 / ODGEN,302 WEST WALNUT STREET,OGDEN,50212,POINT (-94.031072023 42.038769015),,BOONE,1062400,SPICED RUM,260,DIAGEO AMERICAS,43336,CAPTAIN MORGAN ORIGINAL SPICED,12,750,9.49,14.24,12,170.88,9.00,2.37
INV-65790300013,2023-12-29T00:00:00.000,010073,FAREWAY STORES INC #229 / ODGEN,302 WEST WALNUT STREET,OGDEN,50212,POINT (-94.031072023 42.038769015),,BOONE,1062200,WHITE RUM,434,LUXCO INC,45278,PARAMOUNT WHITE RUM,6,1750,8.00,12.00,6,72.00,10.50,2.77
INV-65790300014,2023-12-29T00:00:00.000,010073,FAREWAY STORES INC #229 / ODGEN,302 WEST WALNUT STREET,OGDEN,50212,POINT (-94.031072023 42.038769015),,BOONE,1012300,SINGLE MALT SCOTCH,240,WILLIAM GRANT & SONS INC,5006,GLENFIDDICH 12YR SPECIAL RESERVE,12,750,30.00,45.00,2,90.00,1.50,0.39
INV-65790300015,2023-12-29T00:00:00.000,010073,FAREWAY STORES INC #229 / ODGEN,302 WEST WALNUT STREET,OGDEN,50212,POINT (-94.031072023 42.038769015),,BOONE,1051100,AMERICAN BRANDIES,434,LUXCO INC,55086,PARAMOUNT BLACKBERRY BRANDY,12,750,5.75,8.63,3,25.89,2.25,0.59
INV-65790300016,2023-12-29T00:00:00.000,010073,FAREWAY STORES INC #229 / ODGEN,302 WEST WALNUT STREET,OGDEN,50212,POINT (-94.031072023 42.038769015),,BOONE,1071000,COCKTAILS/RTD,421,SAZERAC COMPANY  INC,57148,CHI-CHI'S MARGARITA,6,1750,6.50,9.75,6,58.50,10.50,2.77
INV-65790300017,2023-12-29T00:00:00.000,010073,FAREWAY STORES INC #229 / ODGEN,302 WEST WALNUT STREET,OGDEN,50212,POINT (-94.031072023 42.038769015),,BOONE,1081600,WHISKEY LIQUEUR,421,SAZERAC COMPANY  INC,65013,FIREBALL CINNAMON WHISKEY MINI SLEEVE,12,50,4.30,6.45,12,77.40,0.60,0.15
INV-65790300018,2023-12-29T00:00:00.000,010073,FAREWAY STORES INC #229 / ODGEN,302 WEST WALNUT STREET,OGDEN,50212,POINT (-94.031072023 42.038769015),,BOONE,1081400,AMERICAN SCHNAPPS,434,LUXCO INC,81206,PARAMOUNT PEPPERMINT SCHNAPPS,12,750,4.25,6.38,3,19.14,2.25,0.59
INV-65790300019,2023-12-29T00:00:00.000,010073,FAREWAY STORES INC #229 / ODGEN,302 WEST WALNUT STREET,OGDEN,50212,POINT (-94.031072023 42.038769015),,BOONE,1022200,100% AGAVE TEQUILA,065,JIM BEAM BRANDS,88548,HORNITOS PLATA,12,750,15.00,22.50,12,270.00,9.00,2.37
INV-65790400001,2023-12-29T00:00:00.000,5384,CASEY'S GENERAL STORE # 2698/ PERRY,1308 1ST STREET,PERRY,50220,POINT (-94.106138001 41.840935984),,DALLAS,1081600,WHISKEY LIQUEUR,421,SAZERAC COMPANY  INC,100423,FIREBALL CINNAMON WHISKEY 100ML CARRIER,8,100,6.00,9.00,8,72.00,0.80,0.21
INV-65790400002,2023-12-29T00:00:00.000,5384,CASEY'S GENERAL STORE # 2698/ PERRY,1308 1ST STREET,PERRY,50220,POINT (-94.106138001 41.840935984),,DALLAS,1081400,AMERICAN SCHNAPPS,421,SAZERAC COMPANY  INC,101180,99 FRUITS MINI,1,50,51.60,77.40,1,77.40,0.05,0.01
INV-65790400003,2023-12-29T00:00:00.000,5384,CASEY'S GENERAL STORE # 2698/ PERRY,1308 1ST STREET,PERRY,50220,POINT (-94.106138001 41.840935984),,DALLAS,1012100,CANADIAN WHISKIES,260,DIAGEO AMERICAS,10803,CROWN ROYAL REGAL APPLE MINI,10,50,9.95,14.93,10,149.30,0.50,0.13
INV-65790400004,2023-12-29T00:00:00.000,5384,CASEY'S GENERAL STORE # 2698/ PERRY,1308 1ST STREET,PERRY,50220,POINT (-94.106138001 41.840935984),,DALLAS,1012100,CANADIAN WHISKIES,260,DIAGEO AMERICAS,10807,CROWN ROYAL REGAL APPLE,12,750,17.49,26.24,12,314.88,9.00,2.37
INV-65790400005,2023-12-29T00:00:00.000,5384,CASEY'S GENERAL STORE # 2698/ PERRY,1308 1ST STREET,PERRY,50220,POINT (-94.106138001 41.840935984),,DALLAS,1012100,CANADIAN WHISKIES,260,DIAGEO AMERICAS,11290,CROWN ROYAL MINI,10,50,9.95,14.93,10,149.30,0.50,0.13
INV-65790400006,2023-12-29T00:00:00.000,5384,CASEY'S GENERAL STORE # 2698/ PERRY,1308 1ST STREET,PERRY,50220,POINT (-94.106138001 41.840935984),,DALLAS,1012100,CANADIAN WHISKIES,260,DIAGEO AMERICAS,11294,CROWN ROYAL,24,375,8.49,12.74,24,305.76,9.00,2.37
INV-65790400007,2023-12-29T00:00:00.000,5384,CASEY'S GENERAL STORE # 2698/ PERRY,1308 1ST STREET,PERRY,50220,POINT (-94.106138001 41.840935984),,DALLAS,1012100,CANADIAN WHISKIES,260,DIAGEO AMERICAS,11296,CROWN ROYAL,12,750,17.49,26.24,12,314.88,9.00,2.37
INV-65790400008,2023-12-29T00:00:00.000,5384,CASEY'S GENERAL STORE # 2698/ PERRY,1308 1ST STREET,PERRY,50220,POINT (-94.106138001 41.840935984),,DALLAS,1012100,CANADIAN WHISKIES,259,HEAVEN HILL BRANDS,11774,BLACK VELVET,24,375,3.25,4.88,24,117.12,9.00,2.37
INV-65790400009,2023-12-29T00:00:00.000,5384,CASEY'S GENERAL STORE # 2698/ PERRY,1308 1ST STREET,PERRY,50220,POINT (-94.106138001 41.840935984),,DALLAS,1012100,CANADIAN WHISKIES,259,HEAVEN HILL BRANDS,11776,BLACK VELVET,12,750,5.50,8.25,24,198.00,18.00,4.75
INV-65790400010,2023-12-29T00:00:00.000,5384,CASEY'S GENERAL STORE # 2698/ PERRY,1308 1ST STREET,PERRY,50220,POINT (-94.106138001 41.840935984),,DALLAS,1012100,CANADIAN WHISKIES,259,HEAVEN HILL BRANDS,11788,BLACK VELVET,6,1750,11.00,16.50,6,99.00,10.50,2.77
INV-65790400011,2023-12-29T00:00:00.000,5384,CASEY'S GENERAL STORE # 2698/ PERRY,1308 1ST STREET,PERRY,50220,POINT (-94.106138001 41.840935984),,DALLAS,1011400,TENNESSEE WHISKIES,085,BROWN FORMAN CORP.,26820,JACK DANIELS OLD #7 BLACK LABEL FLAT,24,375,8.25,12.38,24,297.12,9.00,2.37
INV-65790400012,2023-12-29T00:00:00.000,5384,CASEY'S GENERAL STORE # 2698/ PERRY,1308 1ST STREET,PERRY,50220,POINT (-94.106138001 41.840935984),,DALLAS,1011400,TENNESSEE WHISKIES,085,BROWN FORMAN CORP.,26826,JACK DANIELS OLD #7 BLACK LABEL,12,750,15.91,23.87,6,143.22,4.50,1.18
INV-65790400013,2023-12-29T00:00:00.000,5384,CASEY'S GENERAL STORE # 2698/ PERRY,1308 1ST STREET,PERRY,50220,POINT (-94.106138001 41.840935984),,DALLAS,1031100,AMERICAN VODKAS,434,LUXCO INC,36304,HAWKEYE VODKA,24,375,2.00,3.00,48,144.00,18.00,4.75
INV-65790400014,2023-12-29T00:00:00.000,5384,CASEY'S GENERAL STORE # 2698/ PERRY,1308 1ST STREET,PERRY,50220,POINT (-94.106138001 41.840935984),,DALLAS,1031100,AMERICAN VODKAS,434,LUXCO INC,36305,HAWKEYE VODKA PET,12,750,3.50,5.25,24,126.00,18.00,4.75
INV-65790400015,2023-12-29T00:00:00.000,5384,CASEY'S GENERAL STORE # 2698/ PERRY,1308 1ST STREET,PERRY,50220,POINT (-94.106138001 41.840935984),,DALLAS,1031100,AMERICAN VODKAS,434,LUXCO INC,36308,HAWKEYE VODKA,6,1750,7.50,11.25,12,135.00,21.00,5.54
INV-65790400016,2023-12-29T00:00:00.000,5384,CASEY'S GENERAL STORE # 2698/ PERRY,1308 1ST STREET,PERRY,50220,POINT (-94.106138001 41.840935984),,DALLAS,1031100,AMERICAN VODKAS,301,FIFTH GENERATION INC,38178,TITOS HANDMADE VODKA,6,1750,19.00,28.50,6,171.00,10.50,2.77
INV-65790400017,2023-12-29T00:00:00.000,5384,CASEY'S GENERAL STORE # 2698/ PERRY,1308 1ST STREET,PERRY,50220,POINT (-94.106138001 41.840935984),,DALLAS,1031200,AMERICAN FLAVORED VODKA,205,E & J GALLO WINERY,39422,NEW AMSTERDAM PINK WHITNEY MINI,12,50,4.61,6.92,12,83.04,0.60,0.15
INV-65790400018,2023-12-29T00:00:00.000,5384,CASEY'S GENERAL STORE # 2698/ PERRY,1308 1ST STREET,PERRY,50220,POINT (-94.106138001 41.840935984),,DALLAS,1081600,WHISKEY LIQUEUR,421,SAZERAC COMPANY  INC,64864,FIREBALL CINNAMON WHISKEY,24,375,5.33,8.00,24,192.00,9.00,2.37
INV-65790400019,2023-12-29T00:00:00.000,5384,CASEY'S GENERAL STORE # 2698/ PERRY,1308 1ST STREET,PERRY,50220,POINT (-94.106138001 41.840935984),,DALLAS,1081600,WHISKEY LIQUEUR,421,SAZERAC COMPANY  INC,65013,FIREBALL CINNAMON WHISKEY MINI SLEEVE,12,50,4.30,6.45,36,232.20,1.80,0.47
INV-65790400020,2023-12-29T00:00:00.000,5384,CASEY'S GENERAL STORE # 2698/ PERRY,1308 1ST STREET,PERRY,50220,POINT (-94.106138001 41.840935984),,DALLAS,1081200,CREAM LIQUEURS,300,MCCORMICK DISTILLING CO.,65204,TEQUILA ROSE LIQUEUR MINI,6,50,5.90,8.85,6,42.30,0.30,0.07
INV-65790400021,2023-12-29T00:00:00.000,5384,CASEY'S GENERAL STORE # 2698/ PERRY,1308 1ST STREET,PERRY,50220,POINT (-94.106138001 41.840935984),,DALLAS,1091300,NEUTRAL GRAIN SPIRITS FLAVORED,346,OLE SMOKY DISTILLERY LLC,86785,OLE SMOKY APPLE PIE MOONSHINE 70PRF,6,750,13.00,19.50,3,58.50,2.25,0.59
INV-65790400022,2023-12-29T00:00:00.000,5384,CASEY'S GENERAL STORE # 2698/ PERRY,1308 1ST STREET,PERRY,50220,POINT (-94.106138001 41.840935984),,DALLAS,1022100,MIXTO TEQUILA,395,PROXIMO,87403,JOSE CUERVO ESPECIAL SILVER,24,375,6.53,9.80,5,49.00,1.87,0.49
INV-65790400023,2023-12-29T00:00:00.000,5384,CASEY'S GENERAL STORE # 2698/ PERRY,1308 1ST STREET,PERRY,50220,POINT (-94.106138001 41.840935984),,DALLAS,1022200,100% AGAVE TEQUILA,192,"MAST-JAGERMEISTER US, INC",88371,TEREMANA BLANCO TEQUILA,6,750,15.91,23.87,3,71.61,2.25,0.59
INV-65790400024,2023-12-29T00:00:00.000,5384,CASEY'S GENERAL STORE # 2698/ PERRY,1308 1ST STREET,PERRY,50220,POINT (-94.106138001 41.840935984),,DALLAS,1022200,100% AGAVE TEQUILA,192,"MAST-JAGERMEISTER US, INC",88372,TEREMANA REPOSADO TEQUILA,6,750,17.40,26.10,3,78.30,2.25,0.59
INV-65790400025,2023-12-29T00:00:00.000,5384,CASEY'S GENERAL STORE # 2698/ PERRY,1308 1ST STREET,PERRY,50220,POINT (-94.106138001 41.840935984),,DALLAS,1022100,MIXTO TEQUILA,395,PROXIMO,89196,JOSE CUERVO ESPECIAL REPOSADO,12,750,12.00,18.00,5,90.00,3.75,0.99
INV-65790500001,2023-12-29T00:00:00.000,4320,FAREWAY STORES #470 / PERRY,1315 WILLIS AVE,PERRY,50220,POINT (-94.103123031 41.838156),,DALLAS,1012100,CANADIAN WHISKIES,260,DIAGEO AMERICAS,10778,CROWN ROYAL PEACH,6,1750,33.99,50.99,6,305.94,10.50,2.77
INV-65790500002,2023-12-29T00:00:00.000,4320,FAREWAY STORES #470 / PERRY,1315 WILLIS AVE,PERRY,50220,POINT (-94.103123031 41.838156),,DALLAS,1012100,CANADIAN WHISKIES,260,DIAGEO AMERICAS,10791,CROWN ROYAL VANILLA,12,750,17.49,26.24,1,26.24,0.75,0.19
INV-65790500003,2023-12-29T00:00:00.000,4320,FAREWAY STORES #470 / PERRY,1315 WILLIS AVE,PERRY,50220,POINT (-94.103123031 41.838156),,DALLAS,1012100,CANADIAN WHISKIES,260,DIAGEO AMERICAS,10809,CROWN ROYAL REGAL APPLE,6,1750,33.99,50.99,6,305.94,10.50,2.77
INV-65790500004,2023-12-29T00:00:00.000,4320,FAREWAY STORES #470 / PERRY,1315 WILLIS AVE,PERRY,50220,POINT (-94.103123031 41.838156),,DALLAS,1012100,CANADIAN WHISKIES,259,HEAVEN HILL BRANDS,11776,BLACK VELVET,12,750,5.50,8.25,12,99.00,9.00,2.37
INV-65790500005,2023-12-29T00:00:00.000,4320,FAREWAY STORES #470 / PERRY,1315 WILLIS AVE,PERRY,50220,POINT (-94.103123031 41.838156),,DALLAS,1011200,STRAIGHT BOURBON WHISKIES,619,CAMPARI AMERICA,22156,WILD TURKEY 101,12,750,15.00,22.50,1,22.50,0.75,0.19
INV-65790500006,2023-12-29T00:00:00.000,4320,FAREWAY STORES #470 / PERRY,1315 WILLIS AVE,PERRY,50220,POINT (-94.103123031 41.838156),,DALLAS,1011100,BLENDED WHISKIES,260,DIAGEO AMERICAS,25608,SEAGRAMS 7 CROWN,6,1750,13.99,20.99,6,125.94,10.50,2.77
INV-65790500007,2023-12-29T00:00:00.000,4320,FAREWAY STORES #470 / PERRY,1315 WILLIS AVE,PERRY,50220,POINT (-94.103123031 41.838156),,DALLAS,1011100,BLENDED WHISKIES,654,REVELTON DISTILLING COMPANY,26291,REVELTON HONEY WHISKEY,6,750,17.50,26.25,2,52.50,1.50,0.39
INV-65790500008,2023-12-29T00:00:00.000,4320,FAREWAY STORES #470 / PERRY,1315 WILLIS AVE,PERRY,50220,POINT (-94.103123031 41.838156),,DALLAS,1011600,STRAIGHT RYE WHISKIES,255,INFINIUM SPIRITS,27102,TEMPLETON RYE 4YR,6,750,15.40,23.10,2,54.28,1.50,0.39
INV-65790500009,2023-12-29T00:00:00.000,4320,FAREWAY STORES #470 / PERRY,1315 WILLIS AVE,PERRY,50220,POINT (-94.103123031 41.838156),,DALLAS,1011100,BLENDED WHISKIES,154,DUNKEL CORPORATION / IOWA DISTILLING,27629,PRAIRIE FIRE,12,750,9.09,13.64,1,13.64,0.75,0.19
INV-65790500010,2023-12-29T00:00:00.000,4320,FAREWAY STORES #470 / PERRY,1315 WILLIS AVE,PERRY,50220,POINT (-94.103123031 41.838156),,DALLAS,1042100,IMPORTED DRY GINS,260,DIAGEO AMERICAS,28866,TANQUERAY GIN,12,750,13.99,20.99,12,251.88,9.00,2.37
INV-65790500011,2023-12-29T00:00:00.000,4320,FAREWAY STORES #470 / PERRY,1315 WILLIS AVE,PERRY,50220,POINT (-94.103123031 41.838156),,DALLAS,1031200,AMERICAN FLAVORED VODKA,115,CONSTELLATION BRANDS INC,33663,SVEDKA STRAWBERRY LEMONADE,12,750,8.00,12.00,1,12.00,0.75,0.19
INV-65790500012,2023-12-29T00:00:00.000,4320,FAREWAY STORES #470 / PERRY,1315 WILLIS AVE,PERRY,50220,POINT (-94.103123031 41.838156),,DALLAS,1032100,IMPORTED VODKAS,370,PERNOD RICARD USA,34006,ABSOLUT SWEDISH VODKA 80PRF,12,750,9.99,14.99,12,179.88,9.00,2.37
INV-65790500013,2023-12-29T00:00:00.000,4320,FAREWAY STORES #470 / PERRY,1315 WILLIS AVE,PERRY,50220,POINT (-94.103123031 41.838156),,DALLAS,1031100,AMERICAN VODKAS,434,LUXCO INC,36308,HAWKEYE VODKA,6,1750,7.50,11.25,6,67.50,10.50,2.77
INV-65790500014,2023-12-29T00:00:00.000,4320,FAREWAY STORES #470 / PERRY,1315 WILLIS AVE,PERRY,50220,POINT (-94.103123031 41.838156),,DALLAS,1031100,AMERICAN VODKAS,380,PHILLIPS BEVERAGE,37338,UV VODKA PET,6,1750,11.50,17.25,6,103.50,10.50,2.77
INV-65790500015,2023-12-29T00:00:00.000,4320,FAREWAY STORES #470 / PERRY,1315 WILLIS AVE,PERRY,50220,POINT (-94.103123031 41.838156),,DALLAS,1031100,AMERICAN VODKAS,260,DIAGEO AMERICAS,37996,SMIRNOFF 80PRF,12,750,8.25,12.38,2,24.76,1.50,0.39
INV-65790500016,2023-12-29T00:00:00.000,4320,FAREWAY STORES #470 / PERRY,1315 WILLIS AVE,PERRY,50220,POINT (-94.103123031 41.838156),,DALLAS,1051100,AMERICAN BRANDIES,434,LUXCO INC,55088,PARAMOUNT BLACKBERRY BRANDY,6,1750,11.75,17.63,6,105.78,10.50,2.77
INV-65790500017,2023-12-29T00:00:00.000,4320,FAREWAY STORES #470 / PERRY,1315 WILLIS AVE,PERRY,50220,POINT (-94.103123031 41.838156),,DALLAS,1051100,AMERICAN BRANDIES,434,LUXCO INC,55506,PARAMOUNT CHERRY BRANDY,12,750,5.75,8.63,2,17.26,1.50,0.39
INV-65790500018,2023-12-29T00:00:00.000,4320,FAREWAY STORES #470 / PERRY,1315 WILLIS AVE,PERRY,50220,POINT (-94.103123031 41.838156),,DALLAS,1071000,COCKTAILS/RTD,395,PROXIMO,58838,JOSE CUERVO AUTHENTIC LIME MARGARITA,6,1750,8.74,13.11,6,78.66,10.50,2.77
INV-65790500019,2023-12-29T00:00:00.000,4320,FAREWAY STORES #470 / PERRY,1315 WILLIS AVE,PERRY,50220,POINT (-94.103123031 41.838156),,DALLAS,1071000,COCKTAILS/RTD,395,PROXIMO,58842,JOSE CUERVO AUTHENTIC COCONUT PINEAPPLE MARGARITA,6,1750,8.74,13.11,6,78.66,10.50,2.77
INV-65790500020,2023-12-29T00:00:00.000,4320,FAREWAY STORES #470 / PERRY,1315 WILLIS AVE,PERRY,50220,POINT (-94.103123031 41.838156),,DALLAS,1082100,IMPORTED CORDIALS & LIQUEURS,368,PARK STREET IMPORTS,65426,LICOR 43,12,750,14.50,21.75,2,43.50,1.50,0.39
INV-65790500021,2023-12-29T00:00:00.000,4320,FAREWAY STORES #470 / PERRY,1315 WILLIS AVE,PERRY,50220,POINT (-94.103123031 41.838156),,DALLAS,1081100,COFFEE LIQUEURS,421,SAZERAC COMPANY  INC,67586,KAPALI COFFEE LIQUEUR,12,750,6.00,9.00,1,9.00,0.75,0.19
INV-65790500022,2023-12-29T00:00:00.000,4320,FAREWAY STORES #470 / PERRY,1315 WILLIS AVE,PERRY,50220,POINT (-94.103123031 41.838156),,DALLAS,1082200,IMPORTED SCHNAPPS,421,SAZERAC COMPANY  INC,69636,DR MCGILLICUDDYS CHERRY,12,750,8.89,13.34,2,25.98,1.50,0.39
INV-65790500023,2023-12-29T00:00:00.000,4320,FAREWAY STORES #470 / PERRY,1315 WILLIS AVE,PERRY,50220,POINT (-94.103123031 41.838156),,DALLAS,1082200,IMPORTED SCHNAPPS,260,DIAGEO AMERICAS,69947,RUMPLE MINZE PEPPERMINT SCHNAPPS LIQUEUR,12,1000,16.99,25.49,3,76.47,3.00,0.79
INV-65790500024,2023-12-29T00:00:00.000,4320,FAREWAY STORES #470 / PERRY,1315 WILLIS AVE,PERRY,50220,POINT (-94.103123031 41.838156),,DALLAS,1081600,WHISKEY LIQUEUR,454,SALOON SPIRITS LLC,72380,BALLOTIN CHOCOLATE CHERRY CREAM WHISKEY,6,750,14.34,21.51,1,21.51,0.75,0.19
INV-65790500025,2023-12-29T00:00:00.000,4320,FAREWAY STORES #470 / PERRY,1315 WILLIS AVE,PERRY,50220,POINT (-94.103123031 41.838156),,DALLAS,1081200,CREAM LIQUEURS,205,E & J GALLO WINERY,73055,RUMCHATA,12,750,14.00,21.00,12,252.00,9.00,2.37
INV-65790500026,2023-12-29T00:00:00.000,4320,FAREWAY STORES #470 / PERRY,1315 WILLIS AVE,PERRY,50220,POINT (-94.103123031 41.838156),,DALLAS,1031200,AMERICAN FLAVORED VODKA,772,INTERCONTINENTAL PACKAGING COMPANY/PRESTIGE BEVERAGE GROUP,75198,KINKY BLUE,6,750,10.00,15.00,1,15.00,0.75,0.19
INV-65790500027,2023-12-29T00:00:00.000,4320,FAREWAY STORES #470 / PERRY,1315 WILLIS AVE,PERRY,50220,POINT (-94.103123031 41.838156),,DALLAS,1081300,AMERICAN CORDIALS & LIQUEURS,434,LUXCO INC,79026,ARROW CREME DE MENTHE GREEN,12,750,5.00,7.50,2,15.00,1.50,0.39
INV-65790500028,2023-12-29T00:00:00.000,4320,FAREWAY STORES #470 / PERRY,1315 WILLIS AVE,PERRY,50220,POINT (-94.103123031 41.838156),,DALLAS,1081200,CREAM LIQUEURS,421,SAZERAC COMPANY  INC,80456,RYANS CREAM LIQUEUR,12,750,6.70,10.05,3,30.15,2.25,0.59
INV-65790500029,2023-12-29T00:00:00.000,4320,FAREWAY STORES #470 / PERRY,1315 WILLIS AVE,PERRY,50220,POINT (-94.103123031 41.838156),,DALLAS,1081400,AMERICAN SCHNAPPS,065,JIM BEAM BRANDS,82606,DEKUYPER SOUR APPLE PUCKER,12,750,6.75,10.13,3,30.39,2.25,0.59
INV-65790500030,2023-12-29T00:00:00.000,4320,FAREWAY STORES #470 / PERRY,1315 WILLIS AVE,PERRY,50220,POINT (-94.103123031 41.838156),,DALLAS,1081400,AMERICAN SCHNAPPS,065,JIM BEAM BRANDS,82627,DEKUYPER CHERRY PUCKER,12,1000,7.87,11.81,1,11.81,1.00,0.26
INV-65790500031,2023-12-29T00:00:00.000,4320,FAREWAY STORES #470 / PERRY,1315 WILLIS AVE,PERRY,50220,POINT (-94.103123031 41.838156),,DALLAS,1081400,AMERICAN SCHNAPPS,065,JIM BEAM BRANDS,82866,DEKUYPER WATERMELON PUCKER,12,750,6.75,10.13,3,30.39,2.25,0.59
INV-65790500032,2023-12-29T00:00:00.000,4320,FAREWAY STORES #470 / PERRY,1315 WILLIS AVE,PERRY,50220,POINT (-94.103123031 41.838156),,DALLAS,1081600,WHISKEY LIQUEUR,454,SALOON SPIRITS LLC,86602,BALLOTIN CHOCOLATE WHISKEY CARAMEL TURTLE,6,750,14.34,21.51,1,21.51,0.75,0.19
INV-65790500033,2023-12-29T00:00:00.000,4320,FAREWAY STORES #470 / PERRY,1315 WILLIS AVE,PERRY,50220,POINT (-94.103123031 41.838156),,DALLAS,1011400,TENNESSEE WHISKIES,085,BROWN FORMAN CORP.,86692,JACK DANIELS TENNESSEE FIRE,12,750,15.91,23.87,2,47.74,1.50,0.39
INV-65790500034,2023-12-29T00:00:00.000,4320,FAREWAY STORES #470 / PERRY,1315 WILLIS AVE,PERRY,50220,POINT (-94.103123031 41.838156),,DALLAS,1022100,MIXTO TEQUILA,395,PROXIMO,87408,JOSE CUERVO ESPECIAL SILVER,12,750,12.00,18.00,12,216.00,9.00,2.37
INV-65790500035,2023-12-29T00:00:00.000,4320,FAREWAY STORES #470 / PERRY,1315 WILLIS AVE,PERRY,50220,POINT (-94.103123031 41.838156),,DALLAS,1022200,100% AGAVE TEQUILA,035,BACARDI USA INC,88296,PATRON SILVER,12,750,28.00,42.00,12,504.00,9.00,2.37
INV-65790500036,2023-12-29T00:00:00.000,4320,FAREWAY STORES #470 / PERRY,1315 WILLIS AVE,PERRY,50220,POINT (-94.103123031 41.838156),,DALLAS,1022200,100% AGAVE TEQUILA,035,BACARDI USA INC,89121,CAZADORES REPOSADO,12,750,14.50,21.75,1,21.75,0.75,0.19
INV-65790600001,2023-12-29T00:00:00.000,2612,HY-VEE STORE / PERRY,1215  141 ST,PERRY,50220,POINT (-94.104922961 41.828816003),,DALLAS,1012100,CANADIAN WHISKIES,260,DIAGEO AMERICAS,11298,CROWN ROYAL,6,1750,33.99,50.99,6,305.94,10.50,2.77
INV-65790600002,2023-12-29T00:00:00.000,2612,HY-VEE STORE / PERRY,1215  141 ST,PERRY,50220,POINT (-94.104922961 41.828816003),,DALLAS,1012100,CANADIAN WHISKIES,259,HEAVEN HILL BRANDS,11776,BLACK VELVET,12,750,5.50,8.25,12,99.00,9.00,2.37
INV-65790600003,2023-12-29T00:00:00.000,2612,HY-VEE STORE / PERRY,1215  141 ST,PERRY,50220,POINT (-94.104922961 41.828816003),,DALLAS,1012100,CANADIAN WHISKIES,259,HEAVEN HILL BRANDS,11777,BLACK VELVET,12,1000,7.00,10.50,12,126.00,12.00,3.17
INV-65790600005,2023-12-29T00:00:00.000,2612,HY-VEE STORE / PERRY,1215  141 ST,PERRY,50220,POINT (-94.104922961 41.828816003),,DALLAS,1012400,IRISH WHISKIES,370,PERNOD RICARD USA,15626,JAMESON,12,750,17.49,26.24,12,314.88,9.00,2.37
INV-65790600009,2023-12-29T00:00:00.000,2612,HY-VEE STORE / PERRY,1215  141 ST,PERRY,50220,POINT (-94.104922961 41.828816003),,DALLAS,1011200,STRAIGHT BOURBON WHISKIES,125,CEDAR RIDGE VINEYARDS LL,17206,CEDAR RIDGE BOURBON,6,750,18.67,28.01,6,168.06,4.50,1.18
INV-65790600013,2023-12-29T00:00:00.000,2612,HY-VEE STORE / PERRY,1215  141 ST,PERRY,50220,POINT (-94.104922961 41.828816003),,DALLAS,1011200,STRAIGHT BOURBON WHISKIES,830,KIRIN BEER & SPIRITS OF AMERICA INC / FOUR ROSES DISTILLERY,18348,FOUR ROSES SMALL BATCH,6,750,18.50,27.75,3,83.25,2.25,0.59
INV-65790600015,2023-12-29T00:00:00.000,2612,HY-VEE STORE / PERRY,1215  141 ST,PERRY,50220,POINT (-94.104922961 41.828816003),,DALLAS,1011200,STRAIGHT BOURBON WHISKIES,065,JIM BEAM BRANDS,19066,JIM BEAM,12,750,11.00,16.50,12,198.00,9.00,2.37
INV-65790600016,2023-12-29T00:00:00.000,2612,HY-VEE STORE / PERRY,1215  141 ST,PERRY,50220,POINT (-94.104922961 41.828816003),,DALLAS,1011200,STRAIGHT BOURBON WHISKIES,065,JIM BEAM BRANDS,19226,KNOB CREEK,6,750,21.00,31.50,6,189.00,4.50,1.18
INV-65790600017,2023-12-29T00:00:00.000,2612,HY-VEE STORE / PERRY,1215  141 ST,PERRY,50220,POINT (-94.104922961 41.828816003),,DALLAS,1701100,TEMPORARY & SPECIALTY PACKAGES,065,JIM BEAM BRANDS,19236,BP KNOB CREEK SINGLE BARREL,6,750,25.00,37.50,1,37.50,0.75,0.19
INV-65790600021,2023-12-29T00:00:00.000,2612,HY-VEE STORE / PERRY,1215  141 ST,PERRY,50220,POINT (-94.104922961 41.828816003),,DALLAS,1011100,BLENDED WHISKIES,297,LAIRD & COMPANY,23828,FIVE STAR,6,1750,8.39,12.59,6,75.54,10.50,2.77
INV-65790600022,2023-12-29T00:00:00.000,2612,HY-VEE STORE / PERRY,1215  141 ST,PERRY,50220,POINT (-94.104922961 41.828816003),,DALLAS,1011100,BLENDED WHISKIES,492,WESTERN SPIRITS BEVERAGE,26362,BIRD DOG SALTED CARAMEL,6,750,11.50,17.25,6,103.50,4.50,1.18
INV-65790600023,2023-12-29T00:00:00.000,2612,HY-VEE STORE / PERRY,1215  141 ST,PERRY,50220,POINT (-94.104922961 41.828816003),,DALLAS,1011400,TENNESSEE WHISKIES,085,BROWN FORMAN CORP.,26828,JACK DANIELS OLD #7 BLACK LABEL,6,1750,33.28,49.92,6,299.52,10.50,2.77
INV-65790600024,2023-12-29T00:00:00.000,2612,HY-VEE STORE / PERRY,1215  141 ST,PERRY,50220,POINT (-94.104922961 41.828816003),,DALLAS,1042100,IMPORTED DRY GINS,260,DIAGEO AMERICAS,28866,TANQUERAY GIN,12,750,13.99,20.99,3,62.97,2.25,0.59
INV-65790600025,2023-12-29T00:00:00.000,2612,HY-VEE STORE / PERRY,1215  141 ST,PERRY,50220,POINT (-94.104922961 41.828816003),,DALLAS,1032100,IMPORTED VODKAS,370,PERNOD RICARD USA,34006,ABSOLUT SWEDISH VODKA 80PRF,12,750,9.99,14.99,12,179.88,9.00,2.37
INV-65790600026,2023-12-29T00:00:00.000,2612,HY-VEE STORE / PERRY,1215  141 ST,PERRY,50220,POINT (-94.104922961 41.828816003),,DALLAS,1032100,IMPORTED VODKAS,035,BACARDI USA INC,34433,GREY GOOSE,12,750,15.50,23.25,3,69.75,2.25,0.59
INV-65790600027,2023-12-29T00:00:00.000,2612,HY-VEE STORE / PERRY,1215  141 ST,PERRY,50220,POINT (-94.104922961 41.828816003),,DALLAS,1031100,AMERICAN VODKAS,421,SAZERAC COMPANY  INC,35317,BARTON VODKA,12,1000,3.97,5.96,12,71.52,12.00,3.17
INV-65790600028,2023-12-29T00:00:00.000,2612,HY-VEE STORE / PERRY,1215  141 ST,PERRY,50220,POINT (-94.104922961 41.828816003),,DALLAS,1031100,AMERICAN VODKAS,297,LAIRD & COMPANY,35916,FIVE O'CLOCK VODKA,12,750,3.79,5.69,12,68.28,9.00,2.37
INV-65790600029,2023-12-29T00:00:00.000,2612,HY-VEE STORE / PERRY,1215  141 ST,PERRY,50220,POINT (-94.104922961 41.828816003),,DALLAS,1031100,AMERICAN VODKAS,434,LUXCO INC,36308,HAWKEYE VODKA,6,1750,7.50,11.25,6,67.50,10.50,2.77
INV-65790600030,2023-12-29T00:00:00.000,2612,HY-VEE STORE / PERRY,1215  141 ST,PERRY,50220,POINT (-94.104922961 41.828816003),,DALLAS,1032200,IMPORTED FLAVORED VODKA,370,PERNOD RICARD USA,36769,ABSOLUT GRAPEFRUIT,12,750,9.99,14.99,3,44.97,2.25,0.59
INV-65790600031,2023-12-29T00:00:00.000,2612,HY-VEE STORE / PERRY,1215  141 ST,PERRY,50220,POINT (-94.104922961 41.828816003),,DALLAS,1031100,AMERICAN VODKAS,777,"BLUE OX SPIRITS, INC.",36875,BLUE OX VODKA,6,1750,7.63,11.45,6,68.70,10.50,2.77
INV-65790600032,2023-12-29T00:00:00.000,2612,HY-VEE STORE / PERRY,1215  141 ST,PERRY,50220,POINT (-94.104922961 41.828816003),,DALLAS,1031100,AMERICAN VODKAS,300,MCCORMICK DISTILLING CO.,36908,MCCORMICK 80PRF VODKA PET,6,1750,8.24,12.36,6,74.16,10.50,2.77
INV-65790600033,2023-12-29T00:00:00.000,2612,HY-VEE STORE / PERRY,1215  141 ST,PERRY,50220,POINT (-94.104922961 41.828816003),,DALLAS,1031100,AMERICAN VODKAS,380,PHILLIPS BEVERAGE,37336,UV VODKA,12,750,7.00,10.50,12,126.00,9.00,2.37
INV-65790600034,2023-12-29T00:00:00.000,2612,HY-VEE STORE / PERRY,1215  141 ST,PERRY,50220,POINT (-94.104922961 41.828816003),,DALLAS,1031100,AMERICAN VODKAS,301,FIFTH GENERATION INC,38176,TITOS HANDMADE VODKA,12,750,10.00,15.00,12,180.00,9.00,2.37
INV-65790600035,2023-12-29T00:00:00.000,2612,HY-VEE STORE / PERRY,1215  141 ST,PERRY,50220,POINT (-94.104922961 41.828816003),,DALLAS,1031100,AMERICAN VODKAS,301,FIFTH GENERATION INC,38177,TITOS HANDMADE VODKA,12,1000,13.17,19.76,12,237.12,12.00,3.17
INV-65790600036,2023-12-29T00:00:00.000,2612,HY-VEE STORE / PERRY,1215  141 ST,PERRY,50220,POINT (-94.104922961 41.828816003),,DALLAS,1091200,NEUTRAL GRAIN SPIRITS,434,LUXCO INC,41846,EVERCLEAR 151,12,750,9.00,13.50,12,162.00,9.00,2.37
INV-65790600037,2023-12-29T00:00:00.000,2612,HY-VEE STORE / PERRY,1215  141 ST,PERRY,50220,POINT (-94.104922961 41.828816003),,DALLAS,1062500,FLAVORED RUM,370,PERNOD RICARD USA,42716,MALIBU COCONUT,12,750,8.99,13.49,12,161.88,9.00,2.37
INV-65790600039,2023-12-29T00:00:00.000,2612,HY-VEE STORE / PERRY,1215  141 ST,PERRY,50220,POINT (-94.104922961 41.828816003),,DALLAS,1062400,SPICED RUM,260,DIAGEO AMERICAS,43285,CAPTAIN MORGAN ORIGINAL SPICED PET,12,750,9.49,14.24,12,170.88,9.00,2.37
INV-65790600041,2023-12-29T00:00:00.000,2612,HY-VEE STORE / PERRY,1215  141 ST,PERRY,50220,POINT (-94.104922961 41.828816003),,DALLAS,1012200,SCOTCH WHISKIES,260,DIAGEO AMERICAS,5326,JOHNNIE WALKER BLACK,12,750,21.99,32.99,3,98.97,2.25,0.59
INV-65790600042,2023-12-29T00:00:00.000,2612,HY-VEE STORE / PERRY,1215  141 ST,PERRY,50220,POINT (-94.104922961 41.828816003),,DALLAS,1051100,AMERICAN BRANDIES,421,SAZERAC COMPANY  INC,56670,PAUL MASSON GRAPE GRANDE AMBER BRANDY,12,750,6.41,9.62,3,28.86,2.25,0.59
INV-65790600043,2023-12-29T00:00:00.000,2612,HY-VEE STORE / PERRY,1215  141 ST,PERRY,50220,POINT (-94.104922961 41.828816003),,DALLAS,1071000,COCKTAILS/RTD,908,BUZZBALLZ LLC / SOUTHERN CHAMPION,57210,BUZZBALLZ BIGGIES TEQUILA RITA,3,1750,10.00,15.00,3,45.00,5.25,1.38
INV-65790600044,2023-12-29T00:00:00.000,2612,HY-VEE STORE / PERRY,1215  141 ST,PERRY,50220,POINT (-94.104922961 41.828816003),,DALLAS,1071000,COCKTAILS/RTD,395,PROXIMO,58866,JOSE CUERVO AUTHENTIC STRAWBERRY LIME MARGARITA,12,750,4.62,6.93,6,41.58,4.50,1.18
INV-65790600045,2023-12-29T00:00:00.000,2612,HY-VEE STORE / PERRY,1215  141 ST,PERRY,50220,POINT (-94.104922961 41.828816003),,DALLAS,1071000,COCKTAILS/RTD,434,LUXCO INC,62097,PARAMOUNT LONG ISLAND ICED TEA,12,1000,4.75,7.13,12,85.56,12.00,3.17
INV-65790600047,2023-12-29T00:00:00.000,2612,HY-VEE STORE / PERRY,1215  141 ST,PERRY,50220,POINT (-94.104922961 41.828816003),,DALLAS,1081600,WHISKEY LIQUEUR,421,SAZERAC COMPANY  INC,64866,FIREBALL CINNAMON WHISKEY,12,750,9.00,13.50,12,162.00,9.00,2.37
INV-65790600048,2023-12-29T00:00:00.000,2612,HY-VEE STORE / PERRY,1215  141 ST,PERRY,50220,POINT (-94.104922961 41.828816003),,DALLAS,1081600,WHISKEY LIQUEUR,421,SAZERAC COMPANY  INC,65013,FIREBALL CINNAMON WHISKEY MINI SLEEVE,12,50,4.30,6.45,12,77.40,0.60,0.15
INV-65790600050,2023-12-29T00:00:00.000,2612,HY-VEE STORE / PERRY,1215  141 ST,PERRY,50220,POINT (-94.104922961 41.828816003),,DALLAS,1081200,CREAM LIQUEURS,300,MCCORMICK DISTILLING CO.,65200,TEQUILA ROSE LIQUEUR,12,750,12.50,18.75,9,168.75,6.75,1.78
INV-65790600051,2023-12-29T00:00:00.000,2612,HY-VEE STORE / PERRY,1215  141 ST,PERRY,50220,POINT (-94.104922961 41.828816003),,DALLAS,1082200,IMPORTED SCHNAPPS,421,SAZERAC COMPANY  INC,69636,DR MCGILLICUDDYS CHERRY,12,750,8.89,13.34,3,38.97,2.25,0.59
INV-65790600052,2023-12-29T00:00:00.000,2612,HY-VEE STORE / PERRY,1215  141 ST,PERRY,50220,POINT (-94.104922961 41.828816003),,DALLAS,1081600,WHISKEY LIQUEUR,454,SALOON SPIRITS LLC,72380,BALLOTIN CHOCOLATE CHERRY CREAM WHISKEY,6,750,14.34,21.51,6,129.06,4.50,1.18
INV-65790600053,2023-12-29T00:00:00.000,2612,HY-VEE STORE / PERRY,1215  141 ST,PERRY,50220,POINT (-94.104922961 41.828816003),,DALLAS,1081200,CREAM LIQUEURS,205,E & J GALLO WINERY,73055,RUMCHATA,12,750,14.00,21.00,12,252.00,9.00,2.37
INV-65790600054,2023-12-29T00:00:00.000,2612,HY-VEE STORE / PERRY,1215  141 ST,PERRY,50220,POINT (-94.104922961 41.828816003),,DALLAS,1031200,AMERICAN FLAVORED VODKA,772,INTERCONTINENTAL PACKAGING COMPANY/PRESTIGE BEVERAGE GROUP,75210,KINKY PINK,6,750,10.00,15.00,6,90.00,4.50,1.18
INV-65790600055,2023-12-29T00:00:00.000,2612,HY-VEE STORE / PERRY,1215  141 ST,PERRY,50220,POINT (-94.104922961 41.828816003),,DALLAS,1081300,AMERICAN CORDIALS & LIQUEURS,434,LUXCO INC,76486,PARAMOUNT AMARETTO,12,750,3.75,5.63,3,16.89,2.25,0.59
INV-65790600056,2023-12-29T00:00:00.000,2612,HY-VEE STORE / PERRY,1215  141 ST,PERRY,50220,POINT (-94.104922961 41.828816003),,DALLAS,1031200,AMERICAN FLAVORED VODKA,118,AMERICAN SPIRITS EXCHANGE,76501,THE ORIGINAL PICKLE SHOT DILL PICKLE VODKA,12,750,8.34,12.51,3,37.53,2.25,0.59
INV-65790600057,2023-12-29T00:00:00.000,2612,HY-VEE STORE / PERRY,1215  141 ST,PERRY,50220,POINT (-94.104922961 41.828816003),,DALLAS,1031200,AMERICAN FLAVORED VODKA,260,DIAGEO AMERICAS,77647,SMIRNOFF CITRUS,12,750,8.25,12.38,12,148.56,9.00,2.37
INV-65790600058,2023-12-29T00:00:00.000,2612,HY-VEE STORE / PERRY,1215  141 ST,PERRY,50220,POINT (-94.104922961 41.828816003),,DALLAS,1031200,AMERICAN FLAVORED VODKA,260,DIAGEO AMERICAS,77683,SMIRNOFF KISSED CARAMEL,12,750,8.25,12.38,12,148.56,9.00,2.37
INV-65790600059,2023-12-29T00:00:00.000,2612,HY-VEE STORE / PERRY,1215  141 ST,PERRY,50220,POINT (-94.104922961 41.828816003),,DALLAS,1031200,AMERICAN FLAVORED VODKA,260,DIAGEO AMERICAS,78129,SMIRNOFF PINK LEMONADE,6,1750,14.75,22.13,6,132.78,10.50,2.77
INV-65790600060,2023-12-29T00:00:00.000,2612,HY-VEE STORE / PERRY,1215  141 ST,PERRY,50220,POINT (-94.104922961 41.828816003),,DALLAS,1081400,AMERICAN SCHNAPPS,065,JIM BEAM BRANDS,82847,DEKUYPER LUSCIOUS PEACHTREE,12,1000,7.87,11.81,3,35.43,3.00,0.79
INV-65790600061,2023-12-29T00:00:00.000,2612,HY-VEE STORE / PERRY,1215  141 ST,PERRY,50220,POINT (-94.104922961 41.828816003),,DALLAS,1081500,TRIPLE SEC,434,LUXCO INC,86251,JUAREZ TRIPLE SEC,12,1000,2.50,3.75,3,11.25,3.00,0.79
INV-65790600062,2023-12-29T00:00:00.000,2612,HY-VEE STORE / PERRY,1215  141 ST,PERRY,50220,POINT (-94.104922961 41.828816003),,DALLAS,1022200,100% AGAVE TEQUILA,395,PROXIMO,87510,1800 SILVER,12,750,16.50,24.75,3,74.25,2.25,0.59
INV-65790600063,2023-12-29T00:00:00.000,2612,HY-VEE STORE / PERRY,1215  141 ST,PERRY,50220,POINT (-94.104922961 41.828816003),,DALLAS,1022200,100% AGAVE TEQUILA,035,BACARDI USA INC,88296,PATRON SILVER,12,750,28.00,42.00,2,84.00,1.50,0.39
INV-65790600064,2023-12-29T00:00:00.000,2612,HY-VEE STORE / PERRY,1215  141 ST,PERRY,50220,POINT (-94.104922961 41.828816003),,DALLAS,1022200,100% AGAVE TEQUILA,192,"MAST-JAGERMEISTER US, INC",88371,TEREMANA BLANCO TEQUILA,6,750,15.91,23.87,3,71.61,2.25,0.59
INV-65790600065,2023-12-29T00:00:00.000,2612,HY-VEE STORE / PERRY,1215  141 ST,PERRY,50220,POINT (-94.104922961 41.828816003),,DALLAS,1022200,100% AGAVE TEQUILA,065,JIM BEAM BRANDS,88841,HORNITOS BLACK BARREL,12,750,18.50,27.75,3,83.25,2.25,0.59
INV-65790600066,2023-12-29T00:00:00.000,2612,HY-VEE STORE / PERRY,1215  141 ST,PERRY,50220,POINT (-94.104922961 41.828816003),,DALLAS,1022200,100% AGAVE TEQUILA,035,BACARDI USA INC,89121,CAZADORES REPOSADO,12,750,14.50,21.75,3,65.25,2.25,0.59
INV-65790600067,2023-12-29T00:00:00.000,2612,HY-VEE STORE / PERRY,1215  141 ST,PERRY,50220,POINT (-94.104922961 41.828816003),,DALLAS,1022200,100% AGAVE TEQUILA,255,INFINIUM SPIRITS,89242,CORRALEJO REPOSADO,6,750,16.99,25.49,3,76.47,2.25,0.59
INV-65790600068,2023-12-29T00:00:00.000,2612,HY-VEE STORE / PERRY,1215  141 ST,PERRY,50220,POINT (-94.104922961 41.828816003),,DALLAS,1022200,100% AGAVE TEQUILA,065,JIM BEAM BRANDS,89836,HORNITOS REPOSADO,12,750,16.00,24.00,3,72.00,2.25,0.59
INV-65790700001,2023-12-29T00:00:00.000,5411,BLUEJAY MARKET,2810 WILLS AVE,PERRY,50220,POINT (-94.1018 41.838485),,DALLAS,1012200,SCOTCH WHISKIES,065,JIM BEAM BRANDS,905433,HA LAPHROAIG QUARTER CASK,6,750,31.49,47.24,1,47.24,0.75,0.19
INV-65790700002,2023-12-29T00:00:00.000,5411,BLUEJAY MARKET,2810 WILLS AVE,PERRY,50220,POINT (-94.1018 41.838485),,DALLAS,1012400,IRISH WHISKIES,370,PERNOD RICARD USA,915859,HA REDBREAST PX EDITION,6,750,74.96,112.44,1,112.44,0.75,0.19
INV-65790800001,2023-12-29T00:00:00.000,6267,POLK CITY LIQUOR / POLK CITY,201 NORTH 3RD STREET,POLK CITY,50226,POINT (-93.712652993 41.772567985),,POLK,1012200,SCOTCH WHISKIES,065,JIM BEAM BRANDS,905433,HA LAPHROAIG QUARTER CASK,6,750,31.49,47.24,1,47.24,0.75,0.19
INV-65790900001,2023-12-29T00:00:00.000,6267,POLK CITY LIQUOR / POLK CITY,201 NORTH 3RD STREET,POLK CITY,50226,POINT (-93.712652993 41.772567985),,POLK,1012100,CANADIAN WHISKIES,395,PROXIMO,14199,PENDLETON CANADIAN WHISKEY,6,1750,27.50,41.25,2,82.50,3.50,0.92
INV-65790900002,2023-12-29T00:00:00.000,6267,POLK CITY LIQUOR / POLK CITY,201 NORTH 3RD STREET,POLK CITY,50226,POINT (-93.712652993 41.772567985),,POLK,1012400,IRISH WHISKIES,370,PERNOD RICARD USA,15606,GREEN SPOT,6,750,39.98,59.97,2,119.94,1.50,0.39
INV-65790900003,2023-12-29T00:00:00.000,6267,POLK CITY LIQUOR / POLK CITY,201 NORTH 3RD STREET,POLK CITY,50226,POINT (-93.712652993 41.772567985),,POLK,1701100,TEMPORARY & SPECIALTY PACKAGES,065,JIM BEAM BRANDS,16679,BASIL HAYDEN 10YR,6,750,40.00,60.00,2,115.50,1.50,0.39
INV-65790900004,2023-12-29T00:00:00.000,6267,POLK CITY LIQUOR / POLK CITY,201 NORTH 3RD STREET,POLK CITY,50226,POINT (-93.712652993 41.772567985),,POLK,1701100,TEMPORARY & SPECIALTY PACKAGES,065,JIM BEAM BRANDS,19236,BP KNOB CREEK SINGLE BARREL,6,750,25.00,37.50,1,37.50,0.75,0.19
INV-65790900005,2023-12-29T00:00:00.000,6267,POLK CITY LIQUOR / POLK CITY,201 NORTH 3RD STREET,POLK CITY,50226,POINT (-93.712652993 41.772567985),,POLK,1011200,STRAIGHT BOURBON WHISKIES,065,JIM BEAM BRANDS,19481,MAKERS MARK CASK STRENGTH,6,750,22.50,33.75,2,67.50,1.50,0.39
INV-65790900006,2023-12-29T00:00:00.000,6267,POLK CITY LIQUOR / POLK CITY,201 NORTH 3RD STREET,POLK CITY,50226,POINT (-93.712652993 41.772567985),,POLK,1011100,BLENDED WHISKIES,065,JIM BEAM BRANDS,22788,BEAMS 8 STAR BL WHISKEY,6,1750,8.00,12.00,6,72.00,10.50,2.77
INV-65790900007,2023-12-29T00:00:00.000,6267,POLK CITY LIQUOR / POLK CITY,201 NORTH 3RD STREET,POLK CITY,50226,POINT (-93.712652993 41.772567985),,POLK,1011100,BLENDED WHISKIES,421,SAZERAC COMPANY  INC,24999,TRAVELLER BLENDED NO 40,12,750,20.00,30.00,2,60.00,1.50,0.39
INV-65790900008,2023-12-29T00:00:00.000,6267,POLK CITY LIQUOR / POLK CITY,201 NORTH 3RD STREET,POLK CITY,50226,POINT (-93.712652993 41.772567985),,POLK,1701100,TEMPORARY & SPECIALTY PACKAGES,125,CEDAR RIDGE VINEYARDS LL,25165,SLIPKNOT NO 9 RED CASK,6,750,25.00,37.50,6,225.00,4.50,1.18
INV-65790900009,2023-12-29T00:00:00.000,6267,POLK CITY LIQUOR / POLK CITY,201 NORTH 3RD STREET,POLK CITY,50226,POINT (-93.712652993 41.772567985),,POLK,1011700,CORN WHISKIES,549,"GREEN FROG DISTILLERY, LLC",26806,GREEN FROG DISTILLERY BARRELED AGED CORN WHISKEY,6,750,24.00,36.00,2,72.00,1.50,0.39
INV-65790900010,2023-12-29T00:00:00.000,6267,POLK CITY LIQUOR / POLK CITY,201 NORTH 3RD STREET,POLK CITY,50226,POINT (-93.712652993 41.772567985),,POLK,1011600,STRAIGHT RYE WHISKIES,306,MISSISSIPPI RIVER DISTILLING COMPANY LLC,27138,CODY ROAD SINGLE BARREL RYE,6,750,25.00,37.50,6,225.00,4.50,1.18
INV-65790900011,2023-12-29T00:00:00.000,6267,POLK CITY LIQUOR / POLK CITY,201 NORTH 3RD STREET,POLK CITY,50226,POINT (-93.712652993 41.772567985),,POLK,1011200,STRAIGHT BOURBON WHISKIES,306,MISSISSIPPI RIVER DISTILLING COMPANY LLC,27479,CODY ROAD BOURBON,6,750,19.17,28.76,2,57.52,1.50,0.39
INV-65790900012,2023-12-29T00:00:00.000,6267,POLK CITY LIQUOR / POLK CITY,201 NORTH 3RD STREET,POLK CITY,50226,POINT (-93.712652993 41.772567985),,POLK,1032200,IMPORTED FLAVORED VODKA,065,JIM BEAM BRANDS,35626,PINNACLE WHIPPED,12,750,6.50,9.75,2,19.50,1.50,0.39
INV-65790900013,2023-12-29T00:00:00.000,6267,POLK CITY LIQUOR / POLK CITY,201 NORTH 3RD STREET,POLK CITY,50226,POINT (-93.712652993 41.772567985),,POLK,1031100,AMERICAN VODKAS,434,LUXCO INC,36308,HAWKEYE VODKA,6,1750,7.50,11.25,6,67.50,10.50,2.77
INV-65790900014,2023-12-29T00:00:00.000,6267,POLK CITY LIQUOR / POLK CITY,201 NORTH 3RD STREET,POLK CITY,50226,POINT (-93.712652993 41.772567985),,POLK,1062400,SPICED RUM,035,BACARDI USA INC,43208,BACARDI SPICED RUM,6,1750,15.49,23.24,6,139.44,10.50,2.77
INV-65790900015,2023-12-29T00:00:00.000,6267,POLK CITY LIQUOR / POLK CITY,201 NORTH 3RD STREET,POLK CITY,50226,POINT (-93.712652993 41.772567985),,POLK,1062400,SPICED RUM,260,DIAGEO AMERICAS,43318,CAPTAIN MORGAN PRIVATE STOCK,6,1750,19.99,29.99,6,179.94,10.50,2.77
INV-65790900016,2023-12-29T00:00:00.000,6267,POLK CITY LIQUOR / POLK CITY,201 NORTH 3RD STREET,POLK CITY,50226,POINT (-93.712652993 41.772567985),,POLK,1012200,SCOTCH WHISKIES,260,DIAGEO AMERICAS,5329,JOHNNIE WALKER BLUE,6,750,130.00,195.00,2,390.00,1.50,0.39
INV-65790900017,2023-12-29T00:00:00.000,6267,POLK CITY LIQUOR / POLK CITY,201 NORTH 3RD STREET,POLK CITY,50226,POINT (-93.712652993 41.772567985),,POLK,1012300,SINGLE MALT SCOTCH,380,PHILLIPS BEVERAGE,6316,TOMATIN SINGLE MALT,6,750,22.50,33.75,2,67.50,1.50,0.39
INV-65790900018,2023-12-29T00:00:00.000,6267,POLK CITY LIQUOR / POLK CITY,201 NORTH 3RD STREET,POLK CITY,50226,POINT (-93.712652993 41.772567985),,POLK,1081600,WHISKEY LIQUEUR,421,SAZERAC COMPANY  INC,64863,FIREBALL CINNAMON WHISKEY,48,200,2.50,3.75,48,180.00,9.60,2.53
INV-65790900019,2023-12-29T00:00:00.000,6267,POLK CITY LIQUOR / POLK CITY,201 NORTH 3RD STREET,POLK CITY,50226,POINT (-93.712652993 41.772567985),,POLK,1012400,IRISH WHISKIES,370,PERNOD RICARD USA,65416,JAMESON COLD BREW,6,750,16.49,24.74,2,49.48,1.50,0.39
INV-65790900020,2023-12-29T00:00:00.000,6267,POLK CITY LIQUOR / POLK CITY,201 NORTH 3RD STREET,POLK CITY,50226,POINT (-93.712652993 41.772567985),,POLK,1082200,IMPORTED SCHNAPPS,421,SAZERAC COMPANY  INC,69636,DR MCGILLICUDDYS CHERRY,12,750,8.89,13.34,2,25.98,1.50,0.39
INV-65790900021,2023-12-29T00:00:00.000,6267,POLK CITY LIQUOR / POLK CITY,201 NORTH 3RD STREET,POLK CITY,50226,POINT (-93.712652993 41.772567985),,POLK,1011400,TENNESSEE WHISKIES,346,OLE SMOKY DISTILLERY LLC,76502,OLE SMOKY COOKIE DOUGH WHISKEY,6,750,11.00,16.50,6,99.00,4.50,1.18
INV-65790900022,2023-12-29T00:00:00.000,6267,POLK CITY LIQUOR / POLK CITY,201 NORTH 3RD STREET,POLK CITY,50226,POINT (-93.712652993 41.772567985),,POLK,1031200,AMERICAN FLAVORED VODKA,260,DIAGEO AMERICAS,77847,SMIRNOFF VANILLA,12,750,8.25,12.38,2,24.76,1.50,0.39
INV-65790900023,2023-12-29T00:00:00.000,6267,POLK CITY LIQUOR / POLK CITY,201 NORTH 3RD STREET,POLK CITY,50226,POINT (-93.712652993 41.772567985),,POLK,1081300,AMERICAN CORDIALS & LIQUEURS,434,LUXCO INC,79026,ARROW CREME DE MENTHE GREEN,12,750,5.00,7.50,2,15.00,1.50,0.39
INV-65790900024,2023-12-29T00:00:00.000,6267,POLK CITY LIQUOR / POLK CITY,201 NORTH 3RD STREET,POLK CITY,50226,POINT (-93.712652993 41.772567985),,POLK,1081400,AMERICAN SCHNAPPS,434,LUXCO INC,81208,PARAMOUNT PEPPERMINT SCHNAPPS,6,1750,8.00,12.00,6,72.00,10.50,2.77
INV-65790900025,2023-12-29T00:00:00.000,6267,POLK CITY LIQUOR / POLK CITY,201 NORTH 3RD STREET,POLK CITY,50226,POINT (-93.712652993 41.772567985),,POLK,1011100,BLENDED WHISKIES,370,PERNOD RICARD USA,87035,SKREWBALL PEANUT BUTTER WHISKEY MINI,12,50,14.00,21.00,2,42.00,0.10,0.02
INV-65790900026,2023-12-29T00:00:00.000,6267,POLK CITY LIQUOR / POLK CITY,201 NORTH 3RD STREET,POLK CITY,50226,POINT (-93.712652993 41.772567985),,POLK,1022200,100% AGAVE TEQUILA,035,BACARDI USA INC,88296,PATRON SILVER,12,750,28.00,42.00,12,504.00,9.00,2.37
INV-65790900027,2023-12-29T00:00:00.000,6267,POLK CITY LIQUOR / POLK CITY,201 NORTH 3RD STREET,POLK CITY,50226,POINT (-93.712652993 41.772567985),,POLK,1022100,MIXTO TEQUILA,395,PROXIMO,89196,JOSE CUERVO ESPECIAL REPOSADO,12,750,12.00,18.00,2,36.00,1.50,0.39
INV-65790900028,2023-12-29T00:00:00.000,6267,POLK CITY LIQUOR / POLK CITY,201 NORTH 3RD STREET,POLK CITY,50226,POINT (-93.712652993 41.772567985),,POLK,1092100,IMPORTED DISTILLED SPIRITS SPECIALTY,035,BACARDI USA INC,902243,SOOH BENEDICTINE LIQUEUR DOM,12,750,19.50,29.25,1,29.25,0.75,0.19
INV-65790900029,2023-12-29T00:00:00.000,6267,POLK CITY LIQUOR / POLK CITY,201 NORTH 3RD STREET,POLK CITY,50226,POINT (-93.712652993 41.772567985),,POLK,1082100,IMPORTED CORDIALS & LIQUEURS,305,MHW LTD,964906,SOOH DOLIN GENEPY DES APLEZ LE CHAMOIS,12,750,17.50,26.25,2,52.50,1.50,0.39
INV-65790900030,2023-12-29T00:00:00.000,6267,POLK CITY LIQUOR / POLK CITY,201 NORTH 3RD STREET,POLK CITY,50226,POINT (-93.712652993 41.772567985),,POLK,1012300,SINGLE MALT SCOTCH,266,EDRINGTON GROUP USA LLC,995932,SOOH MACALLAN DOUBLE CASK 15YR,12,750,90.14,135.21,2,270.42,1.50,0.39
INV-65791000001,2023-12-29T00:00:00.000,6267,POLK CITY LIQUOR / POLK CITY,201 NORTH 3RD STREET,POLK CITY,50226,POINT (-93.712652993 41.772567985),,POLK,1012100,CANADIAN WHISKIES,259,HEAVEN HILL BRANDS,11788,BLACK VELVET,6,1750,11.00,16.50,6,99.00,10.50,2.77
INV-65791000002,2023-12-29T00:00:00.000,6267,POLK CITY LIQUOR / POLK CITY,201 NORTH 3RD STREET,POLK CITY,50226,POINT (-93.712652993 41.772567985),,POLK,1011200,STRAIGHT BOURBON WHISKIES,287,CHATHAM IMPORTS INC,19880,MICHTERS US*1 SMALL BATCH,6,750,24.50,36.75,6,220.50,4.50,1.18
INV-65791000003,2023-12-29T00:00:00.000,6267,POLK CITY LIQUOR / POLK CITY,201 NORTH 3RD STREET,POLK CITY,50226,POINT (-93.712652993 41.772567985),,POLK,1701100,TEMPORARY & SPECIALTY PACKAGES,421,SAZERAC COMPANY  INC,21228,1792 FULL PROOF,6,750,25.00,37.50,1,37.50,0.75,0.19
INV-65791000004,2023-12-29T00:00:00.000,6267,POLK CITY LIQUOR / POLK CITY,201 NORTH 3RD STREET,POLK CITY,50226,POINT (-93.712652993 41.772567985),,POLK,1011100,BLENDED WHISKIES,260,DIAGEO AMERICAS,25604,SEAGRAMS 7 CROWN,12,375,3.50,5.25,12,63.00,4.50,1.18
INV-65791000005,2023-12-29T00:00:00.000,6267,POLK CITY LIQUOR / POLK CITY,201 NORTH 3RD STREET,POLK CITY,50226,POINT (-93.712652993 41.772567985),,POLK,1701100,TEMPORARY & SPECIALTY PACKAGES,125,CEDAR RIDGE VINEYARDS LL,26096,CEDAR RIDGE DOUBLE BARREL BOURBON WHISKEY,6,750,25.00,37.50,2,75.00,1.50,0.39
INV-65791000006,2023-12-29T00:00:00.000,6267,POLK CITY LIQUOR / POLK CITY,201 NORTH 3RD STREET,POLK CITY,50226,POINT (-93.712652993 41.772567985),,POLK,1011400,TENNESSEE WHISKIES,085,BROWN FORMAN CORP.,26906,JACK DANIELS SINGLE BARREL,6,750,28.50,42.75,2,85.50,1.50,0.39
INV-65791000007,2023-12-29T00:00:00.000,6267,POLK CITY LIQUOR / POLK CITY,201 NORTH 3RD STREET,POLK CITY,50226,POINT (-93.712652993 41.772567985),,POLK,1062500,FLAVORED RUM,370,PERNOD RICARD USA,43860,MALIBU WATERMELON,12,750,8.99,13.49,2,26.98,1.50,0.39
INV-65791000008,2023-12-29T00:00:00.000,6267,POLK CITY LIQUOR / POLK CITY,201 NORTH 3RD STREET,POLK CITY,50226,POINT (-93.712652993 41.772567985),,POLK,1081200,CREAM LIQUEURS,421,SAZERAC COMPANY  INC,80457,RYANS CREAM LIQUEUR,12,1000,7.23,10.85,12,130.20,12.00,3.17
INV-65791000009,2023-12-29T00:00:00.000,6267,POLK CITY LIQUOR / POLK CITY,201 NORTH 3RD STREET,POLK CITY,50226,POINT (-93.712652993 41.772567985),,POLK,1011400,TENNESSEE WHISKIES,085,BROWN FORMAN CORP.,86668,JACK DANIELS TENNESSEE HONEY MINI,12,50,11.50,17.25,2,34.50,0.10,0.02
INV-65791000010,2023-12-29T00:00:00.000,6267,POLK CITY LIQUOR / POLK CITY,201 NORTH 3RD STREET,POLK CITY,50226,POINT (-93.712652993 41.772567985),,POLK,1022200,100% AGAVE TEQUILA,163,STOLLER IMPORTS INC / MARSALLE COMPANY,87029,ADICTIVO EXTRA ANEJO,6,750,50.00,75.00,2,150.00,1.50,0.39
INV-65791000011,2023-12-29T00:00:00.000,6267,POLK CITY LIQUOR / POLK CITY,201 NORTH 3RD STREET,POLK CITY,50226,POINT (-93.712652993 41.772567985),,POLK,1022200,100% AGAVE TEQUILA,305,MHW LTD,87181,818 REPOSADO TEQUILA,6,750,25.00,37.50,2,82.50,1.50,0.39
INV-65791100001,2023-12-29T00:00:00.000,6267,POLK CITY LIQUOR / POLK CITY,201 NORTH 3RD STREET,POLK CITY,50226,POINT (-93.712652993 41.772567985),,POLK,1091100,AMERICAN DISTILLED SPIRITS SPECIALTY,154,DUNKEL CORPORATION / IOWA DISTILLING,77805,SAINTS N SINNERS APPLE PIE,12,750,8.00,12.00,4,48.00,3.00,0.79
INV-65791200001,2023-12-29T00:00:00.000,4362,KUM & GO #135 / POLK CITY,303 W BROADWAY ST,POLK CITY,50226,POINT (-93.713696959 41.772459984),,POLK,1012100,CANADIAN WHISKIES,065,JIM BEAM BRANDS,10626,CANADIAN CLUB WHISKY,12,750,8.00,12.00,5,60.00,3.75,0.99
INV-65791200002,2023-12-29T00:00:00.000,4362,KUM & GO #135 / POLK CITY,303 W BROADWAY ST,POLK CITY,50226,POINT (-93.713696959 41.772459984),,POLK,1012100,CANADIAN WHISKIES,259,HEAVEN HILL BRANDS,11776,BLACK VELVET,12,750,5.50,8.25,12,99.00,9.00,2.37
INV-65791200003,2023-12-29T00:00:00.000,4362,KUM & GO #135 / POLK CITY,303 W BROADWAY ST,POLK CITY,50226,POINT (-93.713696959 41.772459984),,POLK,1011200,STRAIGHT BOURBON WHISKIES,065,JIM BEAM BRANDS,19061,JIM BEAM MINI,12,50,7.00,10.50,5,52.50,0.25,0.06
INV-65791200004,2023-12-29T00:00:00.000,4362,KUM & GO #135 / POLK CITY,303 W BROADWAY ST,POLK CITY,50226,POINT (-93.713696959 41.772459984),,POLK,1011200,STRAIGHT BOURBON WHISKIES,065,JIM BEAM BRANDS,19066,JIM BEAM,12,750,11.00,16.50,6,99.00,4.50,1.18
INV-65791200005,2023-12-29T00:00:00.000,4362,KUM & GO #135 / POLK CITY,303 W BROADWAY ST,POLK CITY,50226,POINT (-93.713696959 41.772459984),,POLK,1011400,TENNESSEE WHISKIES,085,BROWN FORMAN CORP.,26826,JACK DANIELS OLD #7 BLACK LABEL,12,750,15.91,23.87,5,119.35,3.75,0.99
INV-65791200006,2023-12-29T00:00:00.000,4362,KUM & GO #135 / POLK CITY,303 W BROADWAY ST,POLK CITY,50226,POINT (-93.713696959 41.772459984),,POLK,1031100,AMERICAN VODKAS,434,LUXCO INC,36306,HAWKEYE VODKA,12,750,3.50,5.25,12,63.00,9.00,2.37
INV-65791200007,2023-12-29T00:00:00.000,4362,KUM & GO #135 / POLK CITY,303 W BROADWAY ST,POLK CITY,50226,POINT (-93.713696959 41.772459984),,POLK,1031100,AMERICAN VODKAS,300,MCCORMICK DISTILLING CO.,36904,MCCORMICK 80PRF VODKA PET,24,375,1.84,2.76,5,13.80,1.87,0.49
INV-65791200008,2023-12-29T00:00:00.000,4362,KUM & GO #135 / POLK CITY,303 W BROADWAY ST,POLK CITY,50226,POINT (-93.713696959 41.772459984),,POLK,1031100,AMERICAN VODKAS,301,FIFTH GENERATION INC,38174,TITOS HANDMADE VODKA,12,375,5.42,8.13,5,40.65,1.87,0.49
INV-65791200009,2023-12-29T00:00:00.000,4362,KUM & GO #135 / POLK CITY,303 W BROADWAY ST,POLK CITY,50226,POINT (-93.713696959 41.772459984),,POLK,1031100,AMERICAN VODKAS,301,FIFTH GENERATION INC,38176,TITOS HANDMADE VODKA,12,750,10.00,15.00,12,180.00,9.00,2.37
INV-65791200010,2023-12-29T00:00:00.000,4362,KUM & GO #135 / POLK CITY,303 W BROADWAY ST,POLK CITY,50226,POINT (-93.713696959 41.772459984),,POLK,1062500,FLAVORED RUM,035,BACARDI USA INC,43051,BACARDI DRAGON BERRY,12,750,8.76,13.14,12,157.68,9.00,2.37
INV-65791200011,2023-12-29T00:00:00.000,4362,KUM & GO #135 / POLK CITY,303 W BROADWAY ST,POLK CITY,50226,POINT (-93.713696959 41.772459984),,POLK,1081600,WHISKEY LIQUEUR,421,SAZERAC COMPANY  INC,64858,FIREBALL CINNAMON WHISKEY MINI DISPENSER,1,50,25.80,38.70,4,154.80,0.20,0.05
INV-65791200012,2023-12-29T00:00:00.000,4362,KUM & GO #135 / POLK CITY,303 W BROADWAY ST,POLK CITY,50226,POINT (-93.713696959 41.772459984),,POLK,1081600,WHISKEY LIQUEUR,421,SAZERAC COMPANY  INC,64866,FIREBALL CINNAMON WHISKEY,12,750,9.00,13.50,12,162.00,9.00,2.37
INV-65791200013,2023-12-29T00:00:00.000,4362,KUM & GO #135 / POLK CITY,303 W BROADWAY ST,POLK CITY,50226,POINT (-93.713696959 41.772459984),,POLK,1091300,NEUTRAL GRAIN SPIRITS FLAVORED,346,OLE SMOKY DISTILLERY LLC,80363,OLE SMOKY BANANA PUDDING CREAM MOONSHINE,6,750,13.00,19.50,5,97.50,3.75,0.99
INV-65791300001,2023-12-29T00:00:00.000,4901,FAREWAY STORES #137 / POLK CITY,1101 SOUTH 5TH STREET,POLK CITY,50226,POINT (-93.718525019 41.76385399),,POLK,1012100,CANADIAN WHISKIES,259,HEAVEN HILL BRANDS,11788,BLACK VELVET,6,1750,11.00,16.50,24,396.00,42.00,11.09
INV-65791300002,2023-12-29T00:00:00.000,4901,FAREWAY STORES #137 / POLK CITY,1101 SOUTH 5TH STREET,POLK CITY,50226,POINT (-93.718525019 41.76385399),,POLK,1011200,STRAIGHT BOURBON WHISKIES,260,DIAGEO AMERICAS,17086,BULLEIT BOURBON,12,750,17.99,26.99,12,323.88,9.00,2.37
INV-65791300003,2023-12-29T00:00:00.000,4901,FAREWAY STORES #137 / POLK CITY,1101 SOUTH 5TH STREET,POLK CITY,50226,POINT (-93.718525019 41.76385399),,POLK,1011200,STRAIGHT BOURBON WHISKIES,065,JIM BEAM BRANDS,19070,JIM BEAM PET,6,1750,21.50,32.25,12,387.00,21.00,5.54
INV-65791300004,2023-12-29T00:00:00.000,4901,FAREWAY STORES #137 / POLK CITY,1101 SOUTH 5TH STREET,POLK CITY,50226,POINT (-93.718525019 41.76385399),,POLK,1011500,BOTTLED IN BOND BOURBON,619,CAMPARI AMERICA,22199,WILD TURKEY RARE BREED,6,750,25.50,38.25,6,229.50,4.50,1.18
INV-65791300005,2023-12-29T00:00:00.000,4901,FAREWAY STORES #137 / POLK CITY,1101 SOUTH 5TH STREET,POLK CITY,50226,POINT (-93.718525019 41.76385399),,POLK,1011100,BLENDED WHISKIES,260,DIAGEO AMERICAS,25606,SEAGRAMS 7 CROWN,12,750,7.50,11.25,12,135.00,9.00,2.37
INV-65791300006,2023-12-29T00:00:00.000,4901,FAREWAY STORES #137 / POLK CITY,1101 SOUTH 5TH STREET,POLK CITY,50226,POINT (-93.718525019 41.76385399),,POLK,1011100,BLENDED WHISKIES,260,DIAGEO AMERICAS,25608,SEAGRAMS 7 CROWN,6,1750,13.99,20.99,6,125.94,10.50,2.77
INV-65791300007,2023-12-29T00:00:00.000,4901,FAREWAY STORES #137 / POLK CITY,1101 SOUTH 5TH STREET,POLK CITY,50226,POINT (-93.718525019 41.76385399),,POLK,1031100,AMERICAN VODKAS,434,LUXCO INC,36306,HAWKEYE VODKA,12,750,3.50,5.25,12,63.00,9.00,2.37
INV-65791300008,2023-12-29T00:00:00.000,4901,FAREWAY STORES #137 / POLK CITY,1101 SOUTH 5TH STREET,POLK CITY,50226,POINT (-93.718525019 41.76385399),,POLK,1031100,AMERICAN VODKAS,777,"BLUE OX SPIRITS, INC.",36873,BLUE OX VODKA,12,750,3.90,5.85,12,70.20,9.00,2.37
INV-65791300009,2023-12-29T00:00:00.000,4901,FAREWAY STORES #137 / POLK CITY,1101 SOUTH 5TH STREET,POLK CITY,50226,POINT (-93.718525019 41.76385399),,POLK,1031100,AMERICAN VODKAS,380,PHILLIPS BEVERAGE,37338,UV VODKA PET,6,1750,11.50,17.25,12,207.00,21.00,5.54
INV-65791300010,2023-12-29T00:00:00.000,4901,FAREWAY STORES #137 / POLK CITY,1101 SOUTH 5TH STREET,POLK CITY,50226,POINT (-93.718525019 41.76385399),,POLK,1031200,AMERICAN FLAVORED VODKA,205,E & J GALLO WINERY,39422,NEW AMSTERDAM PINK WHITNEY MINI,12,50,4.61,6.92,1,6.92,0.05,0.01
INV-65791300011,2023-12-29T00:00:00.000,4901,FAREWAY STORES #137 / POLK CITY,1101 SOUTH 5TH STREET,POLK CITY,50226,POINT (-93.718525019 41.76385399),,POLK,1062500,FLAVORED RUM,035,BACARDI USA INC,43136,BACARDI LIMON,12,750,8.76,13.14,12,157.68,9.00,2.37
INV-65791300012,2023-12-29T00:00:00.000,4901,FAREWAY STORES #137 / POLK CITY,1101 SOUTH 5TH STREET,POLK CITY,50226,POINT (-93.718525019 41.76385399),,POLK,1062400,SPICED RUM,260,DIAGEO AMERICAS,43336,CAPTAIN MORGAN ORIGINAL SPICED,12,750,9.49,14.24,12,170.88,9.00,2.37
INV-65791300013,2023-12-29T00:00:00.000,4901,FAREWAY STORES #137 / POLK CITY,1101 SOUTH 5TH STREET,POLK CITY,50226,POINT (-93.718525019 41.76385399),,POLK,1062200,WHITE RUM,434,LUXCO INC,45278,PARAMOUNT WHITE RUM,6,1750,8.00,12.00,6,72.00,10.50,2.77
INV-65791300014,2023-12-29T00:00:00.000,4901,FAREWAY STORES #137 / POLK CITY,1101 SOUTH 5TH STREET,POLK CITY,50226,POINT (-93.718525019 41.76385399),,POLK,1051100,AMERICAN BRANDIES,434,LUXCO INC,55086,PARAMOUNT BLACKBERRY BRANDY,12,750,5.75,8.63,3,25.89,2.25,0.59
INV-65791300015,2023-12-29T00:00:00.000,4901,FAREWAY STORES #137 / POLK CITY,1101 SOUTH 5TH STREET,POLK CITY,50226,POINT (-93.718525019 41.76385399),,POLK,1071000,COCKTAILS/RTD,395,PROXIMO,58874,JOSE CUERVO AUTHENTIC PINK LEMONADE MARGARITA,6,1750,8.74,13.11,6,78.66,10.50,2.77
INV-65791300016,2023-12-29T00:00:00.000,4901,FAREWAY STORES #137 / POLK CITY,1101 SOUTH 5TH STREET,POLK CITY,50226,POINT (-93.718525019 41.76385399),,POLK,1032200,IMPORTED FLAVORED VODKA,260,DIAGEO AMERICAS,75183,KETEL ONE BOTANICAL PEACH & ORANGE BLOSSOM,12,750,11.33,17.00,12,204.00,9.00,2.37
INV-65791300017,2023-12-29T00:00:00.000,4901,FAREWAY STORES #137 / POLK CITY,1101 SOUTH 5TH STREET,POLK CITY,50226,POINT (-93.718525019 41.76385399),,POLK,1022200,100% AGAVE TEQUILA,421,SAZERAC COMPANY  INC,88036,MARGARITAVILLE SILVER TEQUILA,12,750,8.00,12.00,12,144.00,9.00,2.37
INV-65791300018,2023-12-29T00:00:00.000,4901,FAREWAY STORES #137 / POLK CITY,1101 SOUTH 5TH STREET,POLK CITY,50226,POINT (-93.718525019 41.76385399),,POLK,1022200,100% AGAVE TEQUILA,192,"MAST-JAGERMEISTER US, INC",88371,TEREMANA BLANCO TEQUILA,6,750,15.91,23.87,6,143.22,4.50,1.18
INV-65791300019,2023-12-29T00:00:00.000,4901,FAREWAY STORES #137 / POLK CITY,1101 SOUTH 5TH STREET,POLK CITY,50226,POINT (-93.718525019 41.76385399),,POLK,1022200,100% AGAVE TEQUILA,065,JIM BEAM BRANDS,88548,HORNITOS PLATA,12,750,15.00,22.50,12,270.00,9.00,2.37
INV-65791400001,2023-12-29T00:00:00.000,4901,FAREWAY STORES #137 / POLK CITY,1101 SOUTH 5TH STREET,POLK CITY,50226,POINT (-93.718525019 41.76385399),,POLK,1701100,TEMPORARY & SPECIALTY PACKAGES,065,JIM BEAM BRANDS,16580,BAKERS 7YR,6,750,35.00,52.50,24,1080.00,18.00,4.75
INV-65791500001,2023-12-29T00:00:00.000,4901,FAREWAY STORES #137 / POLK CITY,1101 SOUTH 5TH STREET,POLK CITY,50226,POINT (-93.718525019 41.76385399),,POLK,1701100,TEMPORARY & SPECIALTY PACKAGES,421,SAZERAC COMPANY  INC,21228,1792 FULL PROOF,6,750,25.00,37.50,1,37.50,0.75,0.19
INV-65791600001,2023-12-29T00:00:00.000,6055,CASEY'S GENERAL STORE #1428 / MILO,426 N 2ND ST,MILO,50166,POINT (-93.439937967 41.29097702),,WARREN,1031100,AMERICAN VODKAS,421,SAZERAC COMPANY  INC,102149,FROST TRAIL VODKA MINI,12,50,3.93,5.90,3,17.70,0.15,0.03
INV-65791600002,2023-12-29T00:00:00.000,6055,CASEY'S GENERAL STORE #1428 / MILO,426 N 2ND ST,MILO,50166,POINT (-93.439937967 41.29097702),,WARREN,1012100,CANADIAN WHISKIES,259,HEAVEN HILL BRANDS,10550,BLACK VELVET TOASTED CARAMEL,12,750,5.74,8.61,4,34.44,3.00,0.79
INV-65791600003,2023-12-29T00:00:00.000,6055,CASEY'S GENERAL STORE #1428 / MILO,426 N 2ND ST,MILO,50166,POINT (-93.439937967 41.29097702),,WARREN,1012100,CANADIAN WHISKIES,260,DIAGEO AMERICAS,10802,CROWN ROYAL PEACH,12,750,17.49,26.24,6,157.44,4.50,1.18
INV-65791600004,2023-12-29T00:00:00.000,6055,CASEY'S GENERAL STORE #1428 / MILO,426 N 2ND ST,MILO,50166,POINT (-93.439937967 41.29097702),,WARREN,1012100,CANADIAN WHISKIES,260,DIAGEO AMERICAS,10803,CROWN ROYAL REGAL APPLE MINI,10,50,9.95,14.93,9,134.37,0.45,0.11
INV-65791600005,2023-12-29T00:00:00.000,6055,CASEY'S GENERAL STORE #1428 / MILO,426 N 2ND ST,MILO,50166,POINT (-93.439937967 41.29097702),,WARREN,1012100,CANADIAN WHISKIES,260,DIAGEO AMERICAS,10807,CROWN ROYAL REGAL APPLE,12,750,17.49,26.24,5,131.20,3.75,0.99
INV-65791600006,2023-12-29T00:00:00.000,6055,CASEY'S GENERAL STORE #1428 / MILO,426 N 2ND ST,MILO,50166,POINT (-93.439937967 41.29097702),,WARREN,1012100,CANADIAN WHISKIES,260,DIAGEO AMERICAS,10808,CROWN ROYAL REGAL APPLE,12,1000,20.49,30.74,6,184.44,6.00,1.58
INV-65791600007,2023-12-29T00:00:00.000,6055,CASEY'S GENERAL STORE #1428 / MILO,426 N 2ND ST,MILO,50166,POINT (-93.439937967 41.29097702),,WARREN,1012100,CANADIAN WHISKIES,260,DIAGEO AMERICAS,11297,CROWN ROYAL,12,1000,20.49,30.74,6,184.44,6.00,1.58
INV-65791600008,2023-12-29T00:00:00.000,6055,CASEY'S GENERAL STORE #1428 / MILO,426 N 2ND ST,MILO,50166,POINT (-93.439937967 41.29097702),,WARREN,1012100,CANADIAN WHISKIES,259,HEAVEN HILL BRANDS,11786,BLACK VELVET PET,12,750,5.50,8.25,10,82.50,7.50,1.98
INV-65791600009,2023-12-29T00:00:00.000,6055,CASEY'S GENERAL STORE #1428 / MILO,426 N 2ND ST,MILO,50166,POINT (-93.439937967 41.29097702),,WARREN,1012100,CANADIAN WHISKIES,259,HEAVEN HILL BRANDS,11788,BLACK VELVET,6,1750,11.00,16.50,6,99.00,10.50,2.77
INV-65791600010,2023-12-29T00:00:00.000,6055,CASEY'S GENERAL STORE #1428 / MILO,426 N 2ND ST,MILO,50166,POINT (-93.439937967 41.29097702),,WARREN,1011200,STRAIGHT BOURBON WHISKIES,065,JIM BEAM BRANDS,19061,JIM BEAM MINI,12,50,7.00,10.50,3,31.50,0.15,0.03
INV-65791600011,2023-12-29T00:00:00.000,6055,CASEY'S GENERAL STORE #1428 / MILO,426 N 2ND ST,MILO,50166,POINT (-93.439937967 41.29097702),,WARREN,1031100,AMERICAN VODKAS,300,MCCORMICK DISTILLING CO.,36904,MCCORMICK 80PRF VODKA PET,24,375,1.84,2.76,12,33.12,4.50,1.18
INV-65791600012,2023-12-29T00:00:00.000,6055,CASEY'S GENERAL STORE #1428 / MILO,426 N 2ND ST,MILO,50166,POINT (-93.439937967 41.29097702),,WARREN,1031100,AMERICAN VODKAS,301,FIFTH GENERATION INC,38174,TITOS HANDMADE VODKA,12,375,5.42,8.13,8,65.04,3.00,0.79
INV-65791600013,2023-12-29T00:00:00.000,6055,CASEY'S GENERAL STORE #1428 / MILO,426 N 2ND ST,MILO,50166,POINT (-93.439937967 41.29097702),,WARREN,1031100,AMERICAN VODKAS,301,FIFTH GENERATION INC,38178,TITOS HANDMADE VODKA,6,1750,19.00,28.50,6,171.00,10.50,2.77
INV-65791600014,2023-12-29T00:00:00.000,6055,CASEY'S GENERAL STORE #1428 / MILO,426 N 2ND ST,MILO,50166,POINT (-93.439937967 41.29097702),,WARREN,1031100,AMERICAN VODKAS,205,E & J GALLO WINERY,39466,NEW AMSTERDAM 100PRF,12,750,8.50,12.75,6,76.50,4.50,1.18
INV-65791600015,2023-12-29T00:00:00.000,6055,CASEY'S GENERAL STORE #1428 / MILO,426 N 2ND ST,MILO,50166,POINT (-93.439937967 41.29097702),,WARREN,1062400,SPICED RUM,260,DIAGEO AMERICAS,43331,CAPTAIN MORGAN ORIGINAL SPICED MINI,12,50,4.80,7.20,2,14.40,0.10,0.02
INV-65791600016,2023-12-29T00:00:00.000,6055,CASEY'S GENERAL STORE #1428 / MILO,426 N 2ND ST,MILO,50166,POINT (-93.439937967 41.29097702),,WARREN,1062400,SPICED RUM,260,DIAGEO AMERICAS,43336,CAPTAIN MORGAN ORIGINAL SPICED,12,750,9.49,14.24,6,85.44,4.50,1.18
INV-65791600017,2023-12-29T00:00:00.000,6055,CASEY'S GENERAL STORE #1428 / MILO,426 N 2ND ST,MILO,50166,POINT (-93.439937967 41.29097702),,WARREN,1081600,WHISKEY LIQUEUR,421,SAZERAC COMPANY  INC,64858,FIREBALL CINNAMON WHISKEY MINI DISPENSER,1,50,25.80,38.70,2,77.40,0.10,0.02
INV-65791600018,2023-12-29T00:00:00.000,6055,CASEY'S GENERAL STORE #1428 / MILO,426 N 2ND ST,MILO,50166,POINT (-93.439937967 41.29097702),,WARREN,1081600,WHISKEY LIQUEUR,421,SAZERAC COMPANY  INC,64864,FIREBALL CINNAMON WHISKEY,24,375,5.33,8.00,9,72.00,3.37,0.89
INV-65791600019,2023-12-29T00:00:00.000,6055,CASEY'S GENERAL STORE #1428 / MILO,426 N 2ND ST,MILO,50166,POINT (-93.439937967 41.29097702),,WARREN,1081600,WHISKEY LIQUEUR,421,SAZERAC COMPANY  INC,65013,FIREBALL CINNAMON WHISKEY MINI SLEEVE,12,50,4.30,6.45,2,12.90,0.10,0.02
INV-65791600020,2023-12-29T00:00:00.000,6055,CASEY'S GENERAL STORE #1428 / MILO,426 N 2ND ST,MILO,50166,POINT (-93.439937967 41.29097702),,WARREN,1082100,IMPORTED CORDIALS & LIQUEURS,192,"MAST-JAGERMEISTER US, INC",65251,JAGERMEISTER LIQUEUR MINI,5,50,36.84,55.26,2,110.52,0.10,0.02
INV-65791600021,2023-12-29T00:00:00.000,6055,CASEY'S GENERAL STORE #1428 / MILO,426 N 2ND ST,MILO,50166,POINT (-93.439937967 41.29097702),,WARREN,1091300,NEUTRAL GRAIN SPIRITS FLAVORED,346,OLE SMOKY DISTILLERY LLC,86739,OLE SMOKY APPLE PIE MOONSHINE 70PRF MINI,8,50,8.75,13.13,2,26.26,0.10,0.02
INV-65791600022,2023-12-29T00:00:00.000,6055,CASEY'S GENERAL STORE #1428 / MILO,426 N 2ND ST,MILO,50166,POINT (-93.439937967 41.29097702),,WARREN,1022100,MIXTO TEQUILA,395,PROXIMO,89199,JOSE CUERVO ESPECIAL REPOSADO SQUARE,12,375,6.53,9.80,6,58.80,2.25,0.59
INV-65791700001,2023-12-29T00:00:00.000,3909,D AND S GROCERY,104 SE  A ST,MELCHER-DALLAS,50163,POINT (-93.241614007 41.222222993),,MARION,1011200,STRAIGHT BOURBON WHISKIES,065,JIM BEAM BRANDS,919487,HA MAKERS MARK CELLAR AGED,3,750,75.00,112.50,1,112.50,0.75,0.19
INV-65791800001,2023-12-29T00:00:00.000,6053,CASEY'S GENERAL STORE #2307 / MELCHER-DALLAS,101B SW A STREET,MELCHER-DALLAS,50163,POINT (-93.241916158 41.222507312),,MARION,1012100,CANADIAN WHISKIES,260,DIAGEO AMERICAS,11296,CROWN ROYAL,12,750,17.49,26.24,4,104.96,3.00,0.79
INV-65791800002,2023-12-29T00:00:00.000,6053,CASEY'S GENERAL STORE #2307 / MELCHER-DALLAS,101B SW A STREET,MELCHER-DALLAS,50163,POINT (-93.241916158 41.222507312),,MARION,1012400,IRISH WHISKIES,370,PERNOD RICARD USA,15626,JAMESON,12,750,17.49,26.24,6,157.44,4.50,1.18
INV-65791800003,2023-12-29T00:00:00.000,6053,CASEY'S GENERAL STORE #2307 / MELCHER-DALLAS,101B SW A STREET,MELCHER-DALLAS,50163,POINT (-93.241916158 41.222507312),,MARION,1031100,AMERICAN VODKAS,300,MCCORMICK DISTILLING CO.,36904,MCCORMICK 80PRF VODKA PET,24,375,1.84,2.76,24,66.24,9.00,2.37
INV-65791800004,2023-12-29T00:00:00.000,6053,CASEY'S GENERAL STORE #2307 / MELCHER-DALLAS,101B SW A STREET,MELCHER-DALLAS,50163,POINT (-93.241916158 41.222507312),,MARION,1031100,AMERICAN VODKAS,301,FIFTH GENERATION INC,38174,TITOS HANDMADE VODKA,12,375,5.42,8.13,6,48.78,2.25,0.59
INV-65791800005,2023-12-29T00:00:00.000,6053,CASEY'S GENERAL STORE #2307 / MELCHER-DALLAS,101B SW A STREET,MELCHER-DALLAS,50163,POINT (-93.241916158 41.222507312),,MARION,1031100,AMERICAN VODKAS,301,FIFTH GENERATION INC,38176,TITOS HANDMADE VODKA,12,750,10.00,15.00,6,90.00,4.50,1.18
INV-65791800006,2023-12-29T00:00:00.000,6053,CASEY'S GENERAL STORE #2307 / MELCHER-DALLAS,101B SW A STREET,MELCHER-DALLAS,50163,POINT (-93.241916158 41.222507312),,MARION,1031100,AMERICAN VODKAS,301,FIFTH GENERATION INC,38178,TITOS HANDMADE VODKA,6,1750,19.00,28.50,2,57.00,3.50,0.92
INV-65791800007,2023-12-29T00:00:00.000,6053,CASEY'S GENERAL STORE #2307 / MELCHER-DALLAS,101B SW A STREET,MELCHER-DALLAS,50163,POINT (-93.241916158 41.222507312),,MARION,1062400,SPICED RUM,260,DIAGEO AMERICAS,43285,CAPTAIN MORGAN ORIGINAL SPICED PET,12,750,9.49,14.24,12,170.88,9.00,2.37
INV-65791800008,2023-12-29T00:00:00.000,6053,CASEY'S GENERAL STORE #2307 / MELCHER-DALLAS,101B SW A STREET,MELCHER-DALLAS,50163,POINT (-93.241916158 41.222507312),,MARION,1062400,SPICED RUM,260,DIAGEO AMERICAS,43331,CAPTAIN MORGAN ORIGINAL SPICED MINI,12,50,4.80,7.20,2,14.40,0.10,0.02
INV-65791800009,2023-12-29T00:00:00.000,6053,CASEY'S GENERAL STORE #2307 / MELCHER-DALLAS,101B SW A STREET,MELCHER-DALLAS,50163,POINT (-93.241916158 41.222507312),,MARION,1081600,WHISKEY LIQUEUR,421,SAZERAC COMPANY  INC,64864,FIREBALL CINNAMON WHISKEY,24,375,5.33,8.00,24,192.00,9.00,2.37
INV-65791800010,2023-12-29T00:00:00.000,6053,CASEY'S GENERAL STORE #2307 / MELCHER-DALLAS,101B SW A STREET,MELCHER-DALLAS,50163,POINT (-93.241916158 41.222507312),,MARION,1081600,WHISKEY LIQUEUR,421,SAZERAC COMPANY  INC,65013,FIREBALL CINNAMON WHISKEY MINI SLEEVE,12,50,4.30,6.45,36,232.20,1.80,0.47
INV-65791800011,2023-12-29T00:00:00.000,6053,CASEY'S GENERAL STORE #2307 / MELCHER-DALLAS,101B SW A STREET,MELCHER-DALLAS,50163,POINT (-93.241916158 41.222507312),,MARION,1081300,AMERICAN CORDIALS & LIQUEURS,772,INTERCONTINENTAL PACKAGING COMPANY/PRESTIGE BEVERAGE GROUP,75208,KINKY PINK MINI,6,50,4.84,7.26,1,7.26,0.05,0.01
INV-65791800012,2023-12-29T00:00:00.000,6053,CASEY'S GENERAL STORE #2307 / MELCHER-DALLAS,101B SW A STREET,MELCHER-DALLAS,50163,POINT (-93.241916158 41.222507312),,MARION,1081300,AMERICAN CORDIALS & LIQUEURS,772,INTERCONTINENTAL PACKAGING COMPANY/PRESTIGE BEVERAGE GROUP,75212,KINKY BLUE MINI,6,50,4.84,7.26,1,7.26,0.05,0.01
INV-65791800013,2023-12-29T00:00:00.000,6053,CASEY'S GENERAL STORE #2307 / MELCHER-DALLAS,101B SW A STREET,MELCHER-DALLAS,50163,POINT (-93.241916158 41.222507312),,MARION,1031200,AMERICAN FLAVORED VODKA,118,AMERICAN SPIRITS EXCHANGE,76500,THE ORIGINAL PICKLE SHOT DILL PICKLE VODKA MINI,1,50,48.00,72.00,2,144.00,0.10,0.02
INV-65791800014,2023-12-29T00:00:00.000,6053,CASEY'S GENERAL STORE #2307 / MELCHER-DALLAS,101B SW A STREET,MELCHER-DALLAS,50163,POINT (-93.241916158 41.222507312),,MARION,1081600,WHISKEY LIQUEUR,421,SAZERAC COMPANY  INC,86881,SOUTHERN COMFORT MINI,10,50,5.16,7.74,4,30.96,0.20,0.05
INV-65791900001,2023-12-29T00:00:00.000,010213,NEW STAR / CHARITON,1155 N 7TH ST.,CHARITON,50049,POINT (-93.303798006 41.02752802),,LUCAS,1701100,TEMPORARY & SPECIALTY PACKAGES,421,SAZERAC COMPANY  INC,100642,FIREBALL 2023 SPECIAL EDITION,12,750,9.00,13.50,12,162.00,9.00,2.37
INV-65791900002,2023-12-29T00:00:00.000,010213,NEW STAR / CHARITON,1155 N 7TH ST.,CHARITON,50049,POINT (-93.303798006 41.02752802),,LUCAS,1081300,AMERICAN CORDIALS & LIQUEURS,421,SAZERAC COMPANY  INC,100861,99 PARTY BUCKET MINIS,1,50,51.60,77.40,1,77.40,0.05,0.01
INV-65791900003,2023-12-29T00:00:00.000,010213,NEW STAR / CHARITON,1155 N 7TH ST.,CHARITON,50049,POINT (-93.303798006 41.02752802),,LUCAS,1011200,STRAIGHT BOURBON WHISKIES,536,OLD ELK DISTILLERIES LLC,20300,OLD ELK WHEAT BOURBON,6,750,37.50,56.25,2,112.50,1.50,0.39
INV-65791900004,2023-12-29T00:00:00.000,010213,NEW STAR / CHARITON,1155 N 7TH ST.,CHARITON,50049,POINT (-93.303798006 41.02752802),,LUCAS,1701100,TEMPORARY & SPECIALTY PACKAGES,421,SAZERAC COMPANY  INC,21228,1792 FULL PROOF,6,750,25.00,37.50,1,37.50,0.75,0.19
INV-65791900005,2023-12-29T00:00:00.000,010213,NEW STAR / CHARITON,1155 N 7TH ST.,CHARITON,50049,POINT (-93.303798006 41.02752802),,LUCAS,1011200,STRAIGHT BOURBON WHISKIES,619,CAMPARI AMERICA,22121,WILD TURKEY 81,12,750,12.50,18.75,12,225.00,9.00,2.37
INV-65791900006,2023-12-29T00:00:00.000,010213,NEW STAR / CHARITON,1155 N 7TH ST.,CHARITON,50049,POINT (-93.303798006 41.02752802),,LUCAS,1011400,TENNESSEE WHISKIES,085,BROWN FORMAN CORP.,25059,JACK DANIELS BONDED RYE 100PF,6,700,22.00,33.00,3,99.00,2.10,0.55
INV-65791900007,2023-12-29T00:00:00.000,010213,NEW STAR / CHARITON,1155 N 7TH ST.,CHARITON,50049,POINT (-93.303798006 41.02752802),,LUCAS,1011100,BLENDED WHISKIES,492,WESTERN SPIRITS BEVERAGE,27474,BIRD DOG BLACKBERRY,6,750,11.50,17.25,6,103.50,4.50,1.18
INV-65791900008,2023-12-29T00:00:00.000,010213,NEW STAR / CHARITON,1155 N 7TH ST.,CHARITON,50049,POINT (-93.303798006 41.02752802),,LUCAS,1011100,BLENDED WHISKIES,065,JIM BEAM BRANDS,27544,RED STAG BLACK CHERRY,12,750,11.00,16.50,4,66.00,3.00,0.79
INV-65791900009,2023-12-29T00:00:00.000,010213,NEW STAR / CHARITON,1155 N 7TH ST.,CHARITON,50049,POINT (-93.303798006 41.02752802),,LUCAS,1031100,AMERICAN VODKAS,434,LUXCO INC,36306,HAWKEYE VODKA,12,750,3.50,5.25,12,63.00,9.00,2.37
INV-65791900010,2023-12-29T00:00:00.000,010213,NEW STAR / CHARITON,1155 N 7TH ST.,CHARITON,50049,POINT (-93.303798006 41.02752802),,LUCAS,1031100,AMERICAN VODKAS,434,LUXCO INC,36308,HAWKEYE VODKA,6,1750,7.50,11.25,6,67.50,10.50,2.77
INV-65791900011,2023-12-29T00:00:00.000,010213,NEW STAR / CHARITON,1155 N 7TH ST.,CHARITON,50049,POINT (-93.303798006 41.02752802),,LUCAS,1031100,AMERICAN VODKAS,777,"BLUE OX SPIRITS, INC.",36873,BLUE OX VODKA,12,750,3.90,5.85,12,70.20,9.00,2.37
INV-65791900012,2023-12-29T00:00:00.000,010213,NEW STAR / CHARITON,1155 N 7TH ST.,CHARITON,50049,POINT (-93.303798006 41.02752802),,LUCAS,1031100,AMERICAN VODKAS,777,"BLUE OX SPIRITS, INC.",36875,BLUE OX VODKA,6,1750,7.63,11.45,6,68.70,10.50,2.77
INV-65791900013,2023-12-29T00:00:00.000,010213,NEW STAR / CHARITON,1155 N 7TH ST.,CHARITON,50049,POINT (-93.303798006 41.02752802),,LUCAS,1031100,AMERICAN VODKAS,260,DIAGEO AMERICAS,37991,SMIRNOFF 80PRF MINI,12,50,7.47,11.21,5,56.05,0.25,0.06
INV-65791900014,2023-12-29T00:00:00.000,010213,NEW STAR / CHARITON,1155 N 7TH ST.,CHARITON,50049,POINT (-93.303798006 41.02752802),,LUCAS,1012300,SINGLE MALT SCOTCH,260,DIAGEO AMERICAS,4846,DALWHINNIE 15YR SINGLE MALT SCOTCH,12,750,44.99,67.49,2,134.98,1.50,0.39
INV-65791900015,2023-12-29T00:00:00.000,010213,NEW STAR / CHARITON,1155 N 7TH ST.,CHARITON,50049,POINT (-93.303798006 41.02752802),,LUCAS,1071000,COCKTAILS/RTD,035,BACARDI USA INC,57184,BACARDI ZOMBIE RTS,6,1750,10.50,15.75,6,94.50,10.50,2.77
INV-65791900016,2023-12-29T00:00:00.000,010213,NEW STAR / CHARITON,1155 N 7TH ST.,CHARITON,50049,POINT (-93.303798006 41.02752802),,LUCAS,1701100,TEMPORARY & SPECIALTY PACKAGES,421,SAZERAC COMPANY  INC,62906,MR BOSTON HOLIDAY NOG,12,750,4.00,6.00,12,72.00,9.00,2.37
INV-65791900017,2023-12-29T00:00:00.000,010213,NEW STAR / CHARITON,1155 N 7TH ST.,CHARITON,50049,POINT (-93.303798006 41.02752802),,LUCAS,1032200,IMPORTED FLAVORED VODKA,260,DIAGEO AMERICAS,64759,CIROC RED BERRY,24,200,5.00,7.50,24,180.00,4.80,1.26
INV-65791900018,2023-12-29T00:00:00.000,010213,NEW STAR / CHARITON,1155 N 7TH ST.,CHARITON,50049,POINT (-93.303798006 41.02752802),,LUCAS,1071000,COCKTAILS/RTD,308,MANGO BOTTLING,71529,TOOTERS ALA BAMA SLAMA,12,375,6.50,9.75,3,29.25,1.12,0.29
INV-65791900019,2023-12-29T00:00:00.000,010213,NEW STAR / CHARITON,1155 N 7TH ST.,CHARITON,50049,POINT (-93.303798006 41.02752802),,LUCAS,1071000,COCKTAILS/RTD,308,MANGO BOTTLING,77545,TOOTERS APPLE-TINI MINI,12,375,6.50,9.75,3,29.25,1.12,0.29
INV-65791900020,2023-12-29T00:00:00.000,010213,NEW STAR / CHARITON,1155 N 7TH ST.,CHARITON,50049,POINT (-93.303798006 41.02752802),,LUCAS,1081400,AMERICAN SCHNAPPS,421,SAZERAC COMPANY  INC,84171,99 BANANAS,48,100,1.00,1.50,48,72.00,4.80,1.26
INV-65791900021,2023-12-29T00:00:00.000,010213,NEW STAR / CHARITON,1155 N 7TH ST.,CHARITON,50049,POINT (-93.303798006 41.02752802),,LUCAS,1081200,CREAM LIQUEURS,654,REVELTON DISTILLING COMPANY,86420,REVELTON WHISKEY AND CREAM LIQUEUR,6,750,15.00,22.50,3,67.50,2.25,0.59
INV-65791900022,2023-12-29T00:00:00.000,010213,NEW STAR / CHARITON,1155 N 7TH ST.,CHARITON,50049,POINT (-93.303798006 41.02752802),,LUCAS,1022200,100% AGAVE TEQUILA,035,BACARDI USA INC,87306,CAZADORES BLANCO,12,750,14.50,21.75,4,87.00,3.00,0.79
INV-65791900023,2023-12-29T00:00:00.000,010213,NEW STAR / CHARITON,1155 N 7TH ST.,CHARITON,50049,POINT (-93.303798006 41.02752802),,LUCAS,1022200,100% AGAVE TEQUILA,035,BACARDI USA INC,89121,CAZADORES REPOSADO,12,750,14.50,21.75,4,87.00,3.00,0.79
INV-65791900024,2023-12-29T00:00:00.000,010213,NEW STAR / CHARITON,1155 N 7TH ST.,CHARITON,50049,POINT (-93.303798006 41.02752802),,LUCAS,1011400,TENNESSEE WHISKIES,346,OLE SMOKY DISTILLERY LLC,986334,SOOH OLE SMOKY AMARETTO WHISKEY,6,750,11.00,16.50,6,99.00,4.50,1.18
INV-65791900025,2023-12-29T00:00:00.000,010213,NEW STAR / CHARITON,1155 N 7TH ST.,CHARITON,50049,POINT (-93.303798006 41.02752802),,LUCAS,1091200,NEUTRAL GRAIN SPIRITS,346,OLE SMOKY DISTILLERY LLC,986851,SOOH OLE SMOKY BLUE FLAME MOONSHINE,6,750,12.50,18.75,6,112.50,4.50,1.18
INV-65792000001,2023-12-29T00:00:00.000,2551,HY-VEE FOOD STORE (1065) / CHARITON,2001 WEST COURT,CHARITON,50049,POINT (-93.323509979 41.015513987),,LUCAS,1012400,IRISH WHISKIES,370,PERNOD RICARD USA,915859,HA REDBREAST PX EDITION,6,750,74.96,112.44,1,112.44,0.75,0.19
INV-65792100001,2023-12-29T00:00:00.000,2551,HY-VEE FOOD STORE (1065) / CHARITON,2001 WEST COURT,CHARITON,50049,POINT (-93.323509979 41.015513987),,LUCAS,1012100,CANADIAN WHISKIES,065,JIM BEAM BRANDS,10628,CANADIAN CLUB WHISKY,6,1750,14.50,21.75,6,130.50,10.50,2.77
INV-65792100002,2023-12-29T00:00:00.000,2551,HY-VEE FOOD STORE (1065) / CHARITON,2001 WEST COURT,CHARITON,50049,POINT (-93.323509979 41.015513987),,LUCAS,1012100,CANADIAN WHISKIES,260,DIAGEO AMERICAS,10778,CROWN ROYAL PEACH,6,1750,33.99,50.99,6,305.94,10.50,2.77
INV-65792100003,2023-12-29T00:00:00.000,2551,HY-VEE FOOD STORE (1065) / CHARITON,2001 WEST COURT,CHARITON,50049,POINT (-93.323509979 41.015513987),,LUCAS,1012100,CANADIAN WHISKIES,260,DIAGEO AMERICAS,10803,CROWN ROYAL REGAL APPLE MINI,10,50,9.95,14.93,1,14.93,0.05,0.01
INV-65792100004,2023-12-29T00:00:00.000,2551,HY-VEE FOOD STORE (1065) / CHARITON,2001 WEST COURT,CHARITON,50049,POINT (-93.323509979 41.015513987),,LUCAS,1012100,CANADIAN WHISKIES,260,DIAGEO AMERICAS,10836,CROWN ROYAL BLACK,12,750,18.99,28.49,12,341.88,9.00,2.37
INV-65792100005,2023-12-29T00:00:00.000,2551,HY-VEE FOOD STORE (1065) / CHARITON,2001 WEST COURT,CHARITON,50049,POINT (-93.323509979 41.015513987),,LUCAS,1012100,CANADIAN WHISKIES,260,DIAGEO AMERICAS,11297,CROWN ROYAL,12,1000,20.49,30.74,12,368.88,12.00,3.17
INV-65792100006,2023-12-29T00:00:00.000,2551,HY-VEE FOOD STORE (1065) / CHARITON,2001 WEST COURT,CHARITON,50049,POINT (-93.323509979 41.015513987),,LUCAS,1012100,CANADIAN WHISKIES,260,DIAGEO AMERICAS,11298,CROWN ROYAL,6,1750,33.99,50.99,6,305.94,10.50,2.77
INV-65792100007,2023-12-29T00:00:00.000,2551,HY-VEE FOOD STORE (1065) / CHARITON,2001 WEST COURT,CHARITON,50049,POINT (-93.323509979 41.015513987),,LUCAS,1012100,CANADIAN WHISKIES,259,HEAVEN HILL BRANDS,11786,BLACK VELVET PET,12,750,5.50,8.25,12,99.00,9.00,2.37
INV-65792100008,2023-12-29T00:00:00.000,2551,HY-VEE FOOD STORE (1065) / CHARITON,2001 WEST COURT,CHARITON,50049,POINT (-93.323509979 41.015513987),,LUCAS,1012100,CANADIAN WHISKIES,259,HEAVEN HILL BRANDS,11788,BLACK VELVET,6,1750,11.00,16.50,18,297.00,31.50,8.32
INV-65792100009,2023-12-29T00:00:00.000,2551,HY-VEE FOOD STORE (1065) / CHARITON,2001 WEST COURT,CHARITON,50049,POINT (-93.323509979 41.015513987),,LUCAS,1012100,CANADIAN WHISKIES,421,SAZERAC COMPANY  INC,12478,CANADIAN MIST WHISKY PET,6,1750,11.50,17.25,6,103.50,10.50,2.77
INV-65792100010,2023-12-29T00:00:00.000,2551,HY-VEE FOOD STORE (1065) / CHARITON,2001 WEST COURT,CHARITON,50049,POINT (-93.323509979 41.015513987),,LUCAS,1012100,CANADIAN WHISKIES,421,SAZERAC COMPANY  INC,12888,RICH & RARE,6,1750,8.98,13.47,6,80.82,10.50,2.77
INV-65792100011,2023-12-29T00:00:00.000,2551,HY-VEE FOOD STORE (1065) / CHARITON,2001 WEST COURT,CHARITON,50049,POINT (-93.323509979 41.015513987),,LUCAS,1011200,STRAIGHT BOURBON WHISKIES,065,JIM BEAM BRANDS,19068,JIM BEAM,6,1750,21.50,32.25,6,193.50,10.50,2.77
INV-65792100012,2023-12-29T00:00:00.000,2551,HY-VEE FOOD STORE (1065) / CHARITON,2001 WEST COURT,CHARITON,50049,POINT (-93.323509979 41.015513987),,LUCAS,1011100,BLENDED WHISKIES,297,LAIRD & COMPANY,23828,FIVE STAR,6,1750,8.39,12.59,6,75.54,10.50,2.77
INV-65792100013,2023-12-29T00:00:00.000,2551,HY-VEE FOOD STORE (1065) / CHARITON,2001 WEST COURT,CHARITON,50049,POINT (-93.323509979 41.015513987),,LUCAS,1011100,BLENDED WHISKIES,260,DIAGEO AMERICAS,25608,SEAGRAMS 7 CROWN,6,1750,13.99,20.99,6,125.94,10.50,2.77
INV-65792100014,2023-12-29T00:00:00.000,2551,HY-VEE FOOD STORE (1065) / CHARITON,2001 WEST COURT,CHARITON,50049,POINT (-93.323509979 41.015513987),,LUCAS,1011100,BLENDED WHISKIES,654,REVELTON DISTILLING COMPANY,26291,REVELTON HONEY WHISKEY,6,750,17.50,26.25,6,157.50,4.50,1.18
INV-65792100015,2023-12-29T00:00:00.000,2551,HY-VEE FOOD STORE (1065) / CHARITON,2001 WEST COURT,CHARITON,50049,POINT (-93.323509979 41.015513987),,LUCAS,1011400,TENNESSEE WHISKIES,085,BROWN FORMAN CORP.,26586,GENTLEMAN JACK,12,750,20.01,30.02,3,90.06,2.25,0.59
INV-65792100016,2023-12-29T00:00:00.000,2551,HY-VEE FOOD STORE (1065) / CHARITON,2001 WEST COURT,CHARITON,50049,POINT (-93.323509979 41.015513987),,LUCAS,1011100,BLENDED WHISKIES,492,WESTERN SPIRITS BEVERAGE,27920,BIRD DOG STRAWBERRY,6,750,11.50,17.25,6,103.50,4.50,1.18
INV-65792100017,2023-12-29T00:00:00.000,2551,HY-VEE FOOD STORE (1065) / CHARITON,2001 WEST COURT,CHARITON,50049,POINT (-93.323509979 41.015513987),,LUCAS,1042100,IMPORTED DRY GINS,260,DIAGEO AMERICAS,28867,TANQUERAY GIN,12,1000,15.99,23.99,1,23.99,1.00,0.26
INV-65792100018,2023-12-29T00:00:00.000,2551,HY-VEE FOOD STORE (1065) / CHARITON,2001 WEST COURT,CHARITON,50049,POINT (-93.323509979 41.015513987),,LUCAS,1041200,FLAVORED GIN,654,REVELTON DISTILLING COMPANY,33180,REVELTON MULBERRY GIN,6,750,17.50,26.25,6,157.50,4.50,1.18
INV-65792100019,2023-12-29T00:00:00.000,2551,HY-VEE FOOD STORE (1065) / CHARITON,2001 WEST COURT,CHARITON,50049,POINT (-93.323509979 41.015513987),,LUCAS,1032200,IMPORTED FLAVORED VODKA,370,PERNOD RICARD USA,34051,ABSOLUT RASPBERRI,12,1000,14.99,22.49,1,22.49,1.00,0.26
INV-65792100020,2023-12-29T00:00:00.000,2551,HY-VEE FOOD STORE (1065) / CHARITON,2001 WEST COURT,CHARITON,50049,POINT (-93.323509979 41.015513987),,LUCAS,1031100,AMERICAN VODKAS,115,CONSTELLATION BRANDS INC,34821,SVEDKA 80PRF,6,1750,13.40,20.10,6,120.60,10.50,2.77
INV-65792100021,2023-12-29T00:00:00.000,2551,HY-VEE FOOD STORE (1065) / CHARITON,2001 WEST COURT,CHARITON,50049,POINT (-93.323509979 41.015513987),,LUCAS,1031100,AMERICAN VODKAS,434,LUXCO INC,36305,HAWKEYE VODKA PET,12,750,3.50,5.25,12,63.00,9.00,2.37
INV-65792100022,2023-12-29T00:00:00.000,2551,HY-VEE FOOD STORE (1065) / CHARITON,2001 WEST COURT,CHARITON,50049,POINT (-93.323509979 41.015513987),,LUCAS,1031100,AMERICAN VODKAS,434,LUXCO INC,36308,HAWKEYE VODKA,6,1750,7.50,11.25,12,135.00,21.00,5.54
INV-65792100023,2023-12-29T00:00:00.000,2551,HY-VEE FOOD STORE (1065) / CHARITON,2001 WEST COURT,CHARITON,50049,POINT (-93.323509979 41.015513987),,LUCAS,1031100,AMERICAN VODKAS,777,"BLUE OX SPIRITS, INC.",36875,BLUE OX VODKA,6,1750,7.63,11.45,6,68.70,10.50,2.77
INV-65792100024,2023-12-29T00:00:00.000,2551,HY-VEE FOOD STORE (1065) / CHARITON,2001 WEST COURT,CHARITON,50049,POINT (-93.323509979 41.015513987),,LUCAS,1031100,AMERICAN VODKAS,300,MCCORMICK DISTILLING CO.,36908,MCCORMICK 80PRF VODKA PET,6,1750,8.24,12.36,6,74.16,10.50,2.77
INV-65792100025,2023-12-29T00:00:00.000,2551,HY-VEE FOOD STORE (1065) / CHARITON,2001 WEST COURT,CHARITON,50049,POINT (-93.323509979 41.015513987),,LUCAS,1031100,AMERICAN VODKAS,654,REVELTON DISTILLING COMPANY,37630,REVELTON VODKA,6,750,13.50,20.25,6,121.50,4.50,1.18
INV-65792100026,2023-12-29T00:00:00.000,2551,HY-VEE FOOD STORE (1065) / CHARITON,2001 WEST COURT,CHARITON,50049,POINT (-93.323509979 41.015513987),,LUCAS,1031100,AMERICAN VODKAS,260,DIAGEO AMERICAS,37996,SMIRNOFF 80PRF,12,750,8.25,12.38,12,148.56,9.00,2.37
INV-65792100027,2023-12-29T00:00:00.000,2551,HY-VEE FOOD STORE (1065) / CHARITON,2001 WEST COURT,CHARITON,50049,POINT (-93.323509979 41.015513987),,LUCAS,1031100,AMERICAN VODKAS,301,FIFTH GENERATION INC,38174,TITOS HANDMADE VODKA,12,375,5.42,8.13,6,48.78,2.25,0.59
INV-65792100028,2023-12-29T00:00:00.000,2551,HY-VEE FOOD STORE (1065) / CHARITON,2001 WEST COURT,CHARITON,50049,POINT (-93.323509979 41.015513987),,LUCAS,1031100,AMERICAN VODKAS,301,FIFTH GENERATION INC,38176,TITOS HANDMADE VODKA,12,750,10.00,15.00,12,180.00,9.00,2.37
INV-65792100029,2023-12-29T00:00:00.000,2551,HY-VEE FOOD STORE (1065) / CHARITON,2001 WEST COURT,CHARITON,50049,POINT (-93.323509979 41.015513987),,LUCAS,1031100,AMERICAN VODKAS,301,FIFTH GENERATION INC,38177,TITOS HANDMADE VODKA,12,1000,13.17,19.76,12,237.12,12.00,3.17
INV-65792100030,2023-12-29T00:00:00.000,2551,HY-VEE FOOD STORE (1065) / CHARITON,2001 WEST COURT,CHARITON,50049,POINT (-93.323509979 41.015513987),,LUCAS,1062400,SPICED RUM,259,HEAVEN HILL BRANDS,43025,ADMIRAL NELSON SPICED PET,12,750,6.50,9.75,12,117.00,9.00,2.37
INV-65792100031,2023-12-29T00:00:00.000,2551,HY-VEE FOOD STORE (1065) / CHARITON,2001 WEST COURT,CHARITON,50049,POINT (-93.323509979 41.015513987),,LUCAS,1062200,WHITE RUM,035,BACARDI USA INC,43126,BACARDI SUPERIOR,12,750,8.76,13.14,12,157.68,9.00,2.37
INV-65792100032,2023-12-29T00:00:00.000,2551,HY-VEE FOOD STORE (1065) / CHARITON,2001 WEST COURT,CHARITON,50049,POINT (-93.323509979 41.015513987),,LUCAS,1062200,WHITE RUM,035,BACARDI USA INC,43128,BACARDI SUPERIOR,6,1750,15.50,23.25,6,139.50,10.50,2.77
INV-65792100033,2023-12-29T00:00:00.000,2551,HY-VEE FOOD STORE (1065) / CHARITON,2001 WEST COURT,CHARITON,50049,POINT (-93.323509979 41.015513987),,LUCAS,1062400,SPICED RUM,260,DIAGEO AMERICAS,43333,CAPTAIN MORGAN ORIGINAL SPICED PET,48,200,3.24,4.86,3,14.58,0.60,0.15
INV-65792100034,2023-12-29T00:00:00.000,2551,HY-VEE FOOD STORE (1065) / CHARITON,2001 WEST COURT,CHARITON,50049,POINT (-93.323509979 41.015513987),,LUCAS,1062500,FLAVORED RUM,065,JIM BEAM BRANDS,44456,CRUZAN RASPBERRY,12,750,7.00,10.50,12,126.00,9.00,2.37
INV-65792100035,2023-12-29T00:00:00.000,2551,HY-VEE FOOD STORE (1065) / CHARITON,2001 WEST COURT,CHARITON,50049,POINT (-93.323509979 41.015513987),,LUCAS,1062200,WHITE RUM,434,LUXCO INC,45278,PARAMOUNT WHITE RUM,6,1750,8.00,12.00,6,72.00,10.50,2.77
INV-65792100036,2023-12-29T00:00:00.000,2551,HY-VEE FOOD STORE (1065) / CHARITON,2001 WEST COURT,CHARITON,50049,POINT (-93.323509979 41.015513987),,LUCAS,1012300,SINGLE MALT SCOTCH,240,WILLIAM GRANT & SONS INC,5006,GLENFIDDICH 12YR SPECIAL RESERVE,12,750,30.00,45.00,12,540.00,9.00,2.37
INV-65792100037,2023-12-29T00:00:00.000,2551,HY-VEE FOOD STORE (1065) / CHARITON,2001 WEST COURT,CHARITON,50049,POINT (-93.323509979 41.015513987),,LUCAS,1012200,SCOTCH WHISKIES,260,DIAGEO AMERICAS,5326,JOHNNIE WALKER BLACK,12,750,21.99,32.99,3,98.97,2.25,0.59
INV-65792100038,2023-12-29T00:00:00.000,2551,HY-VEE FOOD STORE (1065) / CHARITON,2001 WEST COURT,CHARITON,50049,POINT (-93.323509979 41.015513987),,LUCAS,1012200,SCOTCH WHISKIES,260,DIAGEO AMERICAS,5346,JOHNNIE WALKER RED,12,750,13.50,20.25,3,60.75,2.25,0.59
INV-65792100039,2023-12-29T00:00:00.000,2551,HY-VEE FOOD STORE (1065) / CHARITON,2001 WEST COURT,CHARITON,50049,POINT (-93.323509979 41.015513987),,LUCAS,1071000,COCKTAILS/RTD,421,SAZERAC COMPANY  INC,57144,CHI-CHI'S WHITE RUSSIAN,6,1750,6.50,9.75,6,58.50,10.50,2.77
INV-65792100040,2023-12-29T00:00:00.000,2551,HY-VEE FOOD STORE (1065) / CHARITON,2001 WEST COURT,CHARITON,50049,POINT (-93.323509979 41.015513987),,LUCAS,1071000,COCKTAILS/RTD,395,PROXIMO,59049,JOSE CUERVO AUTHENTIC MARGARITA RASPBERRY COLADA,6,1750,8.74,13.11,6,78.66,10.50,2.77
INV-65792100041,2023-12-29T00:00:00.000,2551,HY-VEE FOOD STORE (1065) / CHARITON,2001 WEST COURT,CHARITON,50049,POINT (-93.323509979 41.015513987),,LUCAS,1082100,IMPORTED CORDIALS & LIQUEURS,085,BROWN FORMAN CORP.,64193,CHAMBORD LIQUEUR ROYALE DE FRANCE,12,700,20.00,30.00,3,90.00,2.10,0.55
INV-65792100042,2023-12-29T00:00:00.000,2551,HY-VEE FOOD STORE (1065) / CHARITON,2001 WEST COURT,CHARITON,50049,POINT (-93.323509979 41.015513987),,LUCAS,1081600,WHISKEY LIQUEUR,421,SAZERAC COMPANY  INC,64867,FIREBALL CINNAMON WHISKEY,12,1000,12.00,18.00,2,36.00,2.00,0.52
INV-65792100043,2023-12-29T00:00:00.000,2551,HY-VEE FOOD STORE (1065) / CHARITON,2001 WEST COURT,CHARITON,50049,POINT (-93.323509979 41.015513987),,LUCAS,1081600,WHISKEY LIQUEUR,421,SAZERAC COMPANY  INC,64868,FIREBALL CINNAMON WHISKEY,6,1750,16.00,24.00,6,144.00,10.50,2.77
INV-65792100044,2023-12-29T00:00:00.000,2551,HY-VEE FOOD STORE (1065) / CHARITON,2001 WEST COURT,CHARITON,50049,POINT (-93.323509979 41.015513987),,LUCAS,1081600,WHISKEY LIQUEUR,421,SAZERAC COMPANY  INC,64870,FIREBALL CINNAMON WHISKEY,48,100,1.00,1.50,48,72.00,4.80,1.26
INV-65792100045,2023-12-29T00:00:00.000,2551,HY-VEE FOOD STORE (1065) / CHARITON,2001 WEST COURT,CHARITON,50049,POINT (-93.323509979 41.015513987),,LUCAS,1012400,IRISH WHISKIES,370,PERNOD RICARD USA,65487,JAMESON ORANGE,6,750,14.99,22.49,12,269.88,9.00,2.37
INV-65792100046,2023-12-29T00:00:00.000,2551,HY-VEE FOOD STORE (1065) / CHARITON,2001 WEST COURT,CHARITON,50049,POINT (-93.323509979 41.015513987),,LUCAS,1082100,IMPORTED CORDIALS & LIQUEURS,065,JIM BEAM BRANDS,67006,MIDORI MELON LIQUEUR,12,750,11.49,17.24,6,103.44,4.50,1.18
INV-65792100047,2023-12-29T00:00:00.000,2551,HY-VEE FOOD STORE (1065) / CHARITON,2001 WEST COURT,CHARITON,50049,POINT (-93.323509979 41.015513987),,LUCAS,1071000,COCKTAILS/RTD,305,MHW LTD,67081,TWISTED SHOTZ STRAWBERRY SUNDAE,1,1800,55.26,82.89,1,82.89,1.80,0.47
INV-65792100048,2023-12-29T00:00:00.000,2551,HY-VEE FOOD STORE (1065) / CHARITON,2001 WEST COURT,CHARITON,50049,POINT (-93.323509979 41.015513987),,LUCAS,1081200,CREAM LIQUEURS,260,DIAGEO AMERICAS,68024,BAILEYS VANILLA MINT SHAKE,12,750,16.49,24.74,12,296.88,9.00,2.37
INV-65792100049,2023-12-29T00:00:00.000,2551,HY-VEE FOOD STORE (1065) / CHARITON,2001 WEST COURT,CHARITON,50049,POINT (-93.323509979 41.015513987),,LUCAS,1082200,IMPORTED SCHNAPPS,421,SAZERAC COMPANY  INC,69609,DR MCGILLICUDDYS APPLE PIE MINI,12,50,5.00,7.50,12,90.00,0.60,0.15
INV-65792100050,2023-12-29T00:00:00.000,2551,HY-VEE FOOD STORE (1065) / CHARITON,2001 WEST COURT,CHARITON,50049,POINT (-93.323509979 41.015513987),,LUCAS,1081300,AMERICAN CORDIALS & LIQUEURS,421,SAZERAC COMPANY  INC,69617,DR MCGILLICUDDYS BUTTERSCOTCH MINI,12,50,5.00,7.50,4,30.00,0.20,0.05
INV-65792100051,2023-12-29T00:00:00.000,2551,HY-VEE FOOD STORE (1065) / CHARITON,2001 WEST COURT,CHARITON,50049,POINT (-93.323509979 41.015513987),,LUCAS,1081600,WHISKEY LIQUEUR,454,SALOON SPIRITS LLC,72380,BALLOTIN CHOCOLATE CHERRY CREAM WHISKEY,6,750,14.34,21.51,6,129.06,4.50,1.18
INV-65792100052,2023-12-29T00:00:00.000,2551,HY-VEE FOOD STORE (1065) / CHARITON,2001 WEST COURT,CHARITON,50049,POINT (-93.323509979 41.015513987),,LUCAS,1081300,AMERICAN CORDIALS & LIQUEURS,772,INTERCONTINENTAL PACKAGING COMPANY/PRESTIGE BEVERAGE GROUP,76262,KINKY PEACH MANGO MINI,6,50,4.84,7.26,6,43.56,0.30,0.07
INV-65792100053,2023-12-29T00:00:00.000,2551,HY-VEE FOOD STORE (1065) / CHARITON,2001 WEST COURT,CHARITON,50049,POINT (-93.323509979 41.015513987),,LUCAS,1081300,AMERICAN CORDIALS & LIQUEURS,434,LUXCO INC,76487,PARAMOUNT AMARETTO,12,1000,4.30,6.45,12,77.40,12.00,3.17
INV-65792100054,2023-12-29T00:00:00.000,2551,HY-VEE FOOD STORE (1065) / CHARITON,2001 WEST COURT,CHARITON,50049,POINT (-93.323509979 41.015513987),,LUCAS,1091100,AMERICAN DISTILLED SPIRITS SPECIALTY,578,S&B FARMS DISTILLERY,77054,PRIVATE FIRST CLASS,12,750,12.96,19.44,12,233.28,9.00,2.37
INV-65792100055,2023-12-29T00:00:00.000,2551,HY-VEE FOOD STORE (1065) / CHARITON,2001 WEST COURT,CHARITON,50049,POINT (-93.323509979 41.015513987),,LUCAS,1031200,AMERICAN FLAVORED VODKA,260,DIAGEO AMERICAS,77698,SMIRNOFF ORANGE,12,750,8.25,12.38,12,148.56,9.00,2.37
INV-65792100056,2023-12-29T00:00:00.000,2551,HY-VEE FOOD STORE (1065) / CHARITON,2001 WEST COURT,CHARITON,50049,POINT (-93.323509979 41.015513987),,LUCAS,1031200,AMERICAN FLAVORED VODKA,260,DIAGEO AMERICAS,77858,SMIRNOFF WHIPPED CREAM,12,750,8.25,12.38,12,148.56,9.00,2.37
INV-65792100057,2023-12-29T00:00:00.000,2551,HY-VEE FOOD STORE (1065) / CHARITON,2001 WEST COURT,CHARITON,50049,POINT (-93.323509979 41.015513987),,LUCAS,1031200,AMERICAN FLAVORED VODKA,260,DIAGEO AMERICAS,77956,"SMIRNOFF RED, WHITE & BERRY",12,750,8.25,12.38,3,37.14,2.25,0.59
INV-65792100058,2023-12-29T00:00:00.000,2551,HY-VEE FOOD STORE (1065) / CHARITON,2001 WEST COURT,CHARITON,50049,POINT (-93.323509979 41.015513987),,LUCAS,1081300,AMERICAN CORDIALS & LIQUEURS,434,LUXCO INC,79336,PARAMOUNT CREME DE MENTHE GREEN,12,750,5.25,7.88,4,31.52,3.00,0.79
INV-65792100059,2023-12-29T00:00:00.000,2551,HY-VEE FOOD STORE (1065) / CHARITON,2001 WEST COURT,CHARITON,50049,POINT (-93.323509979 41.015513987),,LUCAS,1081400,AMERICAN SCHNAPPS,065,JIM BEAM BRANDS,82607,DEKUYPER SOUR APPLE PUCKER,12,1000,7.87,11.81,1,11.81,1.00,0.26
INV-65792100060,2023-12-29T00:00:00.000,2551,HY-VEE FOOD STORE (1065) / CHARITON,2001 WEST COURT,CHARITON,50049,POINT (-93.323509979 41.015513987),,LUCAS,1081400,AMERICAN SCHNAPPS,065,JIM BEAM BRANDS,82787,DEKUYPER BUTTERSHOTS,12,1000,7.87,11.81,12,141.72,12.00,3.17
INV-65792100061,2023-12-29T00:00:00.000,2551,HY-VEE FOOD STORE (1065) / CHARITON,2001 WEST COURT,CHARITON,50049,POINT (-93.323509979 41.015513987),,LUCAS,1081400,AMERICAN SCHNAPPS,065,JIM BEAM BRANDS,82847,DEKUYPER LUSCIOUS PEACHTREE,12,1000,7.87,11.81,12,141.72,12.00,3.17
INV-65792100062,2023-12-29T00:00:00.000,2551,HY-VEE FOOD STORE (1065) / CHARITON,2001 WEST COURT,CHARITON,50049,POINT (-93.323509979 41.015513987),,LUCAS,1081400,AMERICAN SCHNAPPS,065,JIM BEAM BRANDS,82849,DEKUYPER LUSCIOUS PEACHTREE PET,6,1750,11.75,17.63,6,105.78,10.50,2.77
INV-65792100063,2023-12-29T00:00:00.000,2551,HY-VEE FOOD STORE (1065) / CHARITON,2001 WEST COURT,CHARITON,50049,POINT (-93.323509979 41.015513987),,LUCAS,1081400,AMERICAN SCHNAPPS,421,SAZERAC COMPANY  INC,84141,99 PEACHES,12,750,7.50,11.25,3,33.75,2.25,0.59
INV-65792100064,2023-12-29T00:00:00.000,2551,HY-VEE FOOD STORE (1065) / CHARITON,2001 WEST COURT,CHARITON,50049,POINT (-93.323509979 41.015513987),,LUCAS,1081300,AMERICAN CORDIALS & LIQUEURS,065,JIM BEAM BRANDS,85526,DEKUYPER BLUE CURACAO,12,750,5.25,7.88,12,94.56,9.00,2.37
INV-65792100065,2023-12-29T00:00:00.000,2551,HY-VEE FOOD STORE (1065) / CHARITON,2001 WEST COURT,CHARITON,50049,POINT (-93.323509979 41.015513987),,LUCAS,1081400,AMERICAN SCHNAPPS,421,SAZERAC COMPANY  INC,87054,99 PEANUT BUTTER WHISKEY MINI,1,50,51.60,77.40,1,77.40,0.05,0.01
INV-65792100066,2023-12-29T00:00:00.000,2551,HY-VEE FOOD STORE (1065) / CHARITON,2001 WEST COURT,CHARITON,50049,POINT (-93.323509979 41.015513987),,LUCAS,1022200,100% AGAVE TEQUILA,395,PROXIMO,87510,1800 SILVER,12,750,16.50,24.75,3,74.25,2.25,0.59
INV-65792100067,2023-12-29T00:00:00.000,2551,HY-VEE FOOD STORE (1065) / CHARITON,2001 WEST COURT,CHARITON,50049,POINT (-93.323509979 41.015513987),,LUCAS,1022100,MIXTO TEQUILA,434,LUXCO INC,87937,JUAREZ SILVER,12,1000,9.00,13.50,1,12.75,1.00,0.26
INV-65792100068,2023-12-29T00:00:00.000,2551,HY-VEE FOOD STORE (1065) / CHARITON,2001 WEST COURT,CHARITON,50049,POINT (-93.323509979 41.015513987),,LUCAS,1091300,NEUTRAL GRAIN SPIRITS FLAVORED,346,OLE SMOKY DISTILLERY LLC,980374,SOOH OLE SMOKY MOUNTAIN JAVA CREAM MOONSHINE,6,750,13.00,19.50,6,117.00,4.50,1.18
INV-65792200001,2023-12-29T00:00:00.000,4720,CHARITON BP,107 EAST GRACE,CHARITON,50049,POINT (-93.293315011 41.005500001),,LUCAS,1012100,CANADIAN WHISKIES,259,HEAVEN HILL BRANDS,11771,BLACK VELVET MINI,8,50,8.87,13.31,8,106.48,0.40,0.10
INV-65792200002,2023-12-29T00:00:00.000,4720,CHARITON BP,107 EAST GRACE,CHARITON,50049,POINT (-93.293315011 41.005500001),,LUCAS,1012100,CANADIAN WHISKIES,259,HEAVEN HILL BRANDS,11776,BLACK VELVET,12,750,5.50,8.25,12,99.00,9.00,2.37
INV-65792200003,2023-12-29T00:00:00.000,4720,CHARITON BP,107 EAST GRACE,CHARITON,50049,POINT (-93.293315011 41.005500001),,LUCAS,1062400,SPICED RUM,260,DIAGEO AMERICAS,1799,CAPTAIN MORGAN ORIGINAL SPICED BARREL,6,1750,18.99,28.49,6,170.94,10.50,2.77
INV-65792200004,2023-12-29T00:00:00.000,4720,CHARITON BP,107 EAST GRACE,CHARITON,50049,POINT (-93.293315011 41.005500001),,LUCAS,1011200,STRAIGHT BOURBON WHISKIES,065,JIM BEAM BRANDS,19066,JIM BEAM,12,750,11.00,16.50,12,198.00,9.00,2.37
INV-65792200005,2023-12-29T00:00:00.000,4720,CHARITON BP,107 EAST GRACE,CHARITON,50049,POINT (-93.293315011 41.005500001),,LUCAS,1011200,STRAIGHT BOURBON WHISKIES,421,SAZERAC COMPANY  INC,21595,TEN HIGH PET,12,750,4.10,6.15,12,73.80,9.00,2.37
INV-65792200006,2023-12-29T00:00:00.000,4720,CHARITON BP,107 EAST GRACE,CHARITON,50049,POINT (-93.293315011 41.005500001),,LUCAS,1031100,AMERICAN VODKAS,434,LUXCO INC,36304,HAWKEYE VODKA,24,375,2.00,3.00,24,72.00,9.00,2.37
INV-65792200007,2023-12-29T00:00:00.000,4720,CHARITON BP,107 EAST GRACE,CHARITON,50049,POINT (-93.293315011 41.005500001),,LUCAS,1031100,AMERICAN VODKAS,434,LUXCO INC,36305,HAWKEYE VODKA PET,12,750,3.50,5.25,12,63.00,9.00,2.37
INV-65792200008,2023-12-29T00:00:00.000,4720,CHARITON BP,107 EAST GRACE,CHARITON,50049,POINT (-93.293315011 41.005500001),,LUCAS,1031100,AMERICAN VODKAS,434,LUXCO INC,36307,HAWKEYE VODKA,12,1000,4.35,6.53,12,78.36,12.00,3.17
INV-65792200009,2023-12-29T00:00:00.000,4720,CHARITON BP,107 EAST GRACE,CHARITON,50049,POINT (-93.293315011 41.005500001),,LUCAS,1031100,AMERICAN VODKAS,301,FIFTH GENERATION INC,38174,TITOS HANDMADE VODKA,12,375,5.42,8.13,12,97.56,4.50,1.18
INV-65792200010,2023-12-29T00:00:00.000,4720,CHARITON BP,107 EAST GRACE,CHARITON,50049,POINT (-93.293315011 41.005500001),,LUCAS,1031100,AMERICAN VODKAS,301,FIFTH GENERATION INC,38176,TITOS HANDMADE VODKA,12,750,10.00,15.00,12,180.00,9.00,2.37
INV-65792200011,2023-12-29T00:00:00.000,4720,CHARITON BP,107 EAST GRACE,CHARITON,50049,POINT (-93.293315011 41.005500001),,LUCAS,1062400,SPICED RUM,259,HEAVEN HILL BRANDS,43024,ADMIRAL NELSON SPICED,24,375,3.25,4.88,24,117.12,9.00,2.37
INV-65792200012,2023-12-29T00:00:00.000,4720,CHARITON BP,107 EAST GRACE,CHARITON,50049,POINT (-93.293315011 41.005500001),,LUCAS,1062400,SPICED RUM,259,HEAVEN HILL BRANDS,43028,ADMIRAL NELSON SPICED,6,1750,12.00,18.00,6,108.00,10.50,2.77
INV-65792200013,2023-12-29T00:00:00.000,4720,CHARITON BP,107 EAST GRACE,CHARITON,50049,POINT (-93.293315011 41.005500001),,LUCAS,1081600,WHISKEY LIQUEUR,421,SAZERAC COMPANY  INC,64864,FIREBALL CINNAMON WHISKEY,24,375,5.33,8.00,24,192.00,9.00,2.37
INV-65792200014,2023-12-29T00:00:00.000,4720,CHARITON BP,107 EAST GRACE,CHARITON,50049,POINT (-93.293315011 41.005500001),,LUCAS,1081600,WHISKEY LIQUEUR,421,SAZERAC COMPANY  INC,65013,FIREBALL CINNAMON WHISKEY MINI SLEEVE,12,50,4.30,6.45,12,77.40,0.60,0.15
INV-65792300001,2023-12-29T00:00:00.000,5059,CASEY'S GENERAL STORE #1125 / HUMEST,207 FRONT ST,HUMESTON,50123,POINT (-93.499805962 40.857469011),,WAYNE,1012100,CANADIAN WHISKIES,260,DIAGEO AMERICAS,10802,CROWN ROYAL PEACH,12,750,17.49,26.24,4,104.96,3.00,0.79
INV-65792300002,2023-12-29T00:00:00.000,5059,CASEY'S GENERAL STORE #1125 / HUMEST,207 FRONT ST,HUMESTON,50123,POINT (-93.499805962 40.857469011),,WAYNE,1012100,CANADIAN WHISKIES,260,DIAGEO AMERICAS,10807,CROWN ROYAL REGAL APPLE,12,750,17.49,26.24,2,52.48,1.50,0.39
INV-65792300003,2023-12-29T00:00:00.000,5059,CASEY'S GENERAL STORE #1125 / HUMEST,207 FRONT ST,HUMESTON,50123,POINT (-93.499805962 40.857469011),,WAYNE,1012100,CANADIAN WHISKIES,260,DIAGEO AMERICAS,11290,CROWN ROYAL MINI,10,50,9.95,14.93,3,44.79,0.15,0.03
INV-65792300004,2023-12-29T00:00:00.000,5059,CASEY'S GENERAL STORE #1125 / HUMEST,207 FRONT ST,HUMESTON,50123,POINT (-93.499805962 40.857469011),,WAYNE,1012100,CANADIAN WHISKIES,260,DIAGEO AMERICAS,11296,CROWN ROYAL,12,750,17.49,26.24,6,157.44,4.50,1.18
INV-65792300005,2023-12-29T00:00:00.000,5059,CASEY'S GENERAL STORE #1125 / HUMEST,207 FRONT ST,HUMESTON,50123,POINT (-93.499805962 40.857469011),,WAYNE,1012100,CANADIAN WHISKIES,259,HEAVEN HILL BRANDS,11774,BLACK VELVET,24,375,3.25,4.88,10,48.80,3.75,0.99
INV-65792300006,2023-12-29T00:00:00.000,5059,CASEY'S GENERAL STORE #1125 / HUMEST,207 FRONT ST,HUMESTON,50123,POINT (-93.499805962 40.857469011),,WAYNE,1012100,CANADIAN WHISKIES,259,HEAVEN HILL BRANDS,11788,BLACK VELVET,6,1750,11.00,16.50,6,99.00,10.50,2.77
INV-65792300007,2023-12-29T00:00:00.000,5059,CASEY'S GENERAL STORE #1125 / HUMEST,207 FRONT ST,HUMESTON,50123,POINT (-93.499805962 40.857469011),,WAYNE,1012400,IRISH WHISKIES,370,PERNOD RICARD USA,15626,JAMESON,12,750,17.49,26.24,4,104.96,3.00,0.79
INV-65792300008,2023-12-29T00:00:00.000,5059,CASEY'S GENERAL STORE #1125 / HUMEST,207 FRONT ST,HUMESTON,50123,POINT (-93.499805962 40.857469011),,WAYNE,1031100,AMERICAN VODKAS,434,LUXCO INC,36308,HAWKEYE VODKA,6,1750,7.50,11.25,6,67.50,10.50,2.77
INV-65792300009,2023-12-29T00:00:00.000,5059,CASEY'S GENERAL STORE #1125 / HUMEST,207 FRONT ST,HUMESTON,50123,POINT (-93.499805962 40.857469011),,WAYNE,1031100,AMERICAN VODKAS,300,MCCORMICK DISTILLING CO.,36886,MCCORMICK 80PRF VODKA,12,750,3.64,5.46,12,65.52,9.00,2.37
INV-65792300010,2023-12-29T00:00:00.000,5059,CASEY'S GENERAL STORE #1125 / HUMEST,207 FRONT ST,HUMESTON,50123,POINT (-93.499805962 40.857469011),,WAYNE,1031100,AMERICAN VODKAS,300,MCCORMICK DISTILLING CO.,36904,MCCORMICK 80PRF VODKA PET,24,375,1.84,2.76,12,33.12,4.50,1.18
INV-65792300011,2023-12-29T00:00:00.000,5059,CASEY'S GENERAL STORE #1125 / HUMEST,207 FRONT ST,HUMESTON,50123,POINT (-93.499805962 40.857469011),,WAYNE,1031100,AMERICAN VODKAS,300,MCCORMICK DISTILLING CO.,36908,MCCORMICK 80PRF VODKA PET,6,1750,8.24,12.36,6,74.16,10.50,2.77
INV-65792300012,2023-12-29T00:00:00.000,5059,CASEY'S GENERAL STORE #1125 / HUMEST,207 FRONT ST,HUMESTON,50123,POINT (-93.499805962 40.857469011),,WAYNE,1062400,SPICED RUM,260,DIAGEO AMERICAS,43331,CAPTAIN MORGAN ORIGINAL SPICED MINI,12,50,4.80,7.20,12,86.40,0.60,0.15
INV-65792300013,2023-12-29T00:00:00.000,5059,CASEY'S GENERAL STORE #1125 / HUMEST,207 FRONT ST,HUMESTON,50123,POINT (-93.499805962 40.857469011),,WAYNE,1052100,IMPORTED BRANDIES,420,MOET HENNESSY USA,48105,HENNESSY VS,12,375,11.49,17.24,2,34.48,0.75,0.19
INV-65792300014,2023-12-29T00:00:00.000,5059,CASEY'S GENERAL STORE #1125 / HUMEST,207 FRONT ST,HUMESTON,50123,POINT (-93.499805962 40.857469011),,WAYNE,1081600,WHISKEY LIQUEUR,421,SAZERAC COMPANY  INC,64858,FIREBALL CINNAMON WHISKEY MINI DISPENSER,1,50,25.80,38.70,1,38.70,0.05,0.01
INV-65792300015,2023-12-29T00:00:00.000,5059,CASEY'S GENERAL STORE #1125 / HUMEST,207 FRONT ST,HUMESTON,50123,POINT (-93.499805962 40.857469011),,WAYNE,1091300,NEUTRAL GRAIN SPIRITS FLAVORED,346,OLE SMOKY DISTILLERY LLC,76413,OLE SMOKY BUTTER PECAN MOONSHINE,6,750,13.00,19.50,3,58.50,2.25,0.59
INV-65792300016,2023-12-29T00:00:00.000,5059,CASEY'S GENERAL STORE #1125 / HUMEST,207 FRONT ST,HUMESTON,50123,POINT (-93.499805962 40.857469011),,WAYNE,1091300,NEUTRAL GRAIN SPIRITS FLAVORED,346,OLE SMOKY DISTILLERY LLC,80371,OLE SMOKY MOUNTAIN JAVA MOONSHINE MINI,8,50,8.75,13.13,2,26.26,0.10,0.02
INV-65792400001,2023-12-29T00:00:00.000,6021,CASEY'S GENERAL STORE #2315 / CORYDON,220 N WASHINGTON ST,CORYDON,50060,POINT (-93.318435994 40.759174014),,WAYNE,1081400,AMERICAN SCHNAPPS,421,SAZERAC COMPANY  INC,101180,99 FRUITS MINI,1,50,51.60,77.40,2,154.80,0.10,0.02
INV-65792400002,2023-12-29T00:00:00.000,6021,CASEY'S GENERAL STORE #2315 / CORYDON,220 N WASHINGTON ST,CORYDON,50060,POINT (-93.318435994 40.759174014),,WAYNE,1012100,CANADIAN WHISKIES,260,DIAGEO AMERICAS,10802,CROWN ROYAL PEACH,12,750,17.49,26.24,4,104.96,3.00,0.79
INV-65792400003,2023-12-29T00:00:00.000,6021,CASEY'S GENERAL STORE #2315 / CORYDON,220 N WASHINGTON ST,CORYDON,50060,POINT (-93.318435994 40.759174014),,WAYNE,1012100,CANADIAN WHISKIES,260,DIAGEO AMERICAS,10803,CROWN ROYAL REGAL APPLE MINI,10,50,9.95,14.93,2,29.86,0.10,0.02
INV-65792400004,2023-12-29T00:00:00.000,6021,CASEY'S GENERAL STORE #2315 / CORYDON,220 N WASHINGTON ST,CORYDON,50060,POINT (-93.318435994 40.759174014),,WAYNE,1012100,CANADIAN WHISKIES,260,DIAGEO AMERICAS,10807,CROWN ROYAL REGAL APPLE,12,750,17.49,26.24,3,78.72,2.25,0.59
INV-65792400005,2023-12-29T00:00:00.000,6021,CASEY'S GENERAL STORE #2315 / CORYDON,220 N WASHINGTON ST,CORYDON,50060,POINT (-93.318435994 40.759174014),,WAYNE,1012100,CANADIAN WHISKIES,260,DIAGEO AMERICAS,11294,CROWN ROYAL,24,375,8.49,12.74,3,38.22,1.12,0.29
INV-65792400006,2023-12-29T00:00:00.000,6021,CASEY'S GENERAL STORE #2315 / CORYDON,220 N WASHINGTON ST,CORYDON,50060,POINT (-93.318435994 40.759174014),,WAYNE,1012100,CANADIAN WHISKIES,259,HEAVEN HILL BRANDS,11774,BLACK VELVET,24,375,3.25,4.88,10,48.80,3.75,0.99
INV-65792400007,2023-12-29T00:00:00.000,6021,CASEY'S GENERAL STORE #2315 / CORYDON,220 N WASHINGTON ST,CORYDON,50060,POINT (-93.318435994 40.759174014),,WAYNE,1012100,CANADIAN WHISKIES,259,HEAVEN HILL BRANDS,11786,BLACK VELVET PET,12,750,5.50,8.25,12,99.00,9.00,2.37
INV-65792400008,2023-12-29T00:00:00.000,6021,CASEY'S GENERAL STORE #2315 / CORYDON,220 N WASHINGTON ST,CORYDON,50060,POINT (-93.318435994 40.759174014),,WAYNE,1011200,STRAIGHT BOURBON WHISKIES,065,JIM BEAM BRANDS,19061,JIM BEAM MINI,12,50,7.00,10.50,4,42.00,0.20,0.05
INV-65792400009,2023-12-29T00:00:00.000,6021,CASEY'S GENERAL STORE #2315 / CORYDON,220 N WASHINGTON ST,CORYDON,50060,POINT (-93.318435994 40.759174014),,WAYNE,1031100,AMERICAN VODKAS,434,LUXCO INC,36308,HAWKEYE VODKA,6,1750,7.50,11.25,2,22.50,3.50,0.92
INV-65792400010,2023-12-29T00:00:00.000,6021,CASEY'S GENERAL STORE #2315 / CORYDON,220 N WASHINGTON ST,CORYDON,50060,POINT (-93.318435994 40.759174014),,WAYNE,1031100,AMERICAN VODKAS,260,DIAGEO AMERICAS,37994,SMIRNOFF 80PRF,24,375,4.99,7.49,10,74.90,3.75,0.99
INV-65792400011,2023-12-29T00:00:00.000,6021,CASEY'S GENERAL STORE #2315 / CORYDON,220 N WASHINGTON ST,CORYDON,50060,POINT (-93.318435994 40.759174014),,WAYNE,1031100,AMERICAN VODKAS,260,DIAGEO AMERICAS,38006,SMIRNOFF 80PRF PET,12,750,8.25,12.38,12,148.56,9.00,2.37
INV-65792400012,2023-12-29T00:00:00.000,6021,CASEY'S GENERAL STORE #2315 / CORYDON,220 N WASHINGTON ST,CORYDON,50060,POINT (-93.318435994 40.759174014),,WAYNE,1062500,FLAVORED RUM,370,PERNOD RICARD USA,42716,MALIBU COCONUT,12,750,8.99,13.49,8,107.92,6.00,1.58
INV-65792400013,2023-12-29T00:00:00.000,6021,CASEY'S GENERAL STORE #2315 / CORYDON,220 N WASHINGTON ST,CORYDON,50060,POINT (-93.318435994 40.759174014),,WAYNE,1062400,SPICED RUM,260,DIAGEO AMERICAS,43331,CAPTAIN MORGAN ORIGINAL SPICED MINI,12,50,4.80,7.20,5,36.00,0.25,0.06
INV-65792400014,2023-12-29T00:00:00.000,6021,CASEY'S GENERAL STORE #2315 / CORYDON,220 N WASHINGTON ST,CORYDON,50060,POINT (-93.318435994 40.759174014),,WAYNE,1081600,WHISKEY LIQUEUR,421,SAZERAC COMPANY  INC,64870,FIREBALL CINNAMON WHISKEY,48,100,1.00,1.50,8,12.00,0.80,0.21
INV-65792400015,2023-12-29T00:00:00.000,6021,CASEY'S GENERAL STORE #2315 / CORYDON,220 N WASHINGTON ST,CORYDON,50060,POINT (-93.318435994 40.759174014),,WAYNE,1081600,WHISKEY LIQUEUR,421,SAZERAC COMPANY  INC,65013,FIREBALL CINNAMON WHISKEY MINI SLEEVE,12,50,4.30,6.45,36,232.20,1.80,0.47
INV-65792400016,2023-12-29T00:00:00.000,6021,CASEY'S GENERAL STORE #2315 / CORYDON,220 N WASHINGTON ST,CORYDON,50060,POINT (-93.318435994 40.759174014),,WAYNE,1031200,AMERICAN FLAVORED VODKA,205,E & J GALLO WINERY,65922,NEW AMSTERDAM PINK WHITNEY PET,12,750,8.00,12.00,4,48.00,3.00,0.79
INV-65792400017,2023-12-29T00:00:00.000,6021,CASEY'S GENERAL STORE #2315 / CORYDON,220 N WASHINGTON ST,CORYDON,50060,POINT (-93.318435994 40.759174014),,WAYNE,1082200,IMPORTED SCHNAPPS,421,SAZERAC COMPANY  INC,69636,DR MCGILLICUDDYS CHERRY,12,750,8.89,13.34,8,103.92,6.00,1.58
INV-65792400018,2023-12-29T00:00:00.000,6021,CASEY'S GENERAL STORE #2315 / CORYDON,220 N WASHINGTON ST,CORYDON,50060,POINT (-93.318435994 40.759174014),,WAYNE,1081200,CREAM LIQUEURS,205,E & J GALLO WINERY,73055,RUMCHATA,12,750,14.00,21.00,2,42.00,1.50,0.39
INV-65792400019,2023-12-29T00:00:00.000,6021,CASEY'S GENERAL STORE #2315 / CORYDON,220 N WASHINGTON ST,CORYDON,50060,POINT (-93.318435994 40.759174014),,WAYNE,1081300,AMERICAN CORDIALS & LIQUEURS,772,INTERCONTINENTAL PACKAGING COMPANY/PRESTIGE BEVERAGE GROUP,75212,KINKY BLUE MINI,6,50,4.84,7.26,1,7.26,0.05,0.01
INV-65792400020,2023-12-29T00:00:00.000,6021,CASEY'S GENERAL STORE #2315 / CORYDON,220 N WASHINGTON ST,CORYDON,50060,POINT (-93.318435994 40.759174014),,WAYNE,1081400,AMERICAN SCHNAPPS,421,SAZERAC COMPANY  INC,84171,99 BANANAS,48,100,1.00,1.50,8,12.00,0.80,0.21
INV-65792400021,2023-12-29T00:00:00.000,6021,CASEY'S GENERAL STORE #2315 / CORYDON,220 N WASHINGTON ST,CORYDON,50060,POINT (-93.318435994 40.759174014),,WAYNE,1081600,WHISKEY LIQUEUR,421,SAZERAC COMPANY  INC,86881,SOUTHERN COMFORT MINI,10,50,5.16,7.74,1,7.74,0.05,0.01
INV-65792500001,2023-12-29T00:00:00.000,2669,HY-VEE / CORYDON,"105, E JACKSON ST",CORYDON,50060,POINT (-93.31749303 40.758939991),,WAYNE,1701100,TEMPORARY & SPECIALTY PACKAGES,260,DIAGEO AMERICAS,100639,CROWN ROYAL W/NFL JERSEY BAG,12,750,17.49,26.24,12,314.88,9.00,2.37
INV-65792500002,2023-12-29T00:00:00.000,2669,HY-VEE / CORYDON,"105, E JACKSON ST",CORYDON,50060,POINT (-93.31749303 40.758939991),,WAYNE,1012100,CANADIAN WHISKIES,259,HEAVEN HILL BRANDS,11776,BLACK VELVET,12,750,5.50,8.25,12,99.00,9.00,2.37
INV-65792500003,2023-12-29T00:00:00.000,2669,HY-VEE / CORYDON,"105, E JACKSON ST",CORYDON,50060,POINT (-93.31749303 40.758939991),,WAYNE,1011200,STRAIGHT BOURBON WHISKIES,085,BROWN FORMAN CORP.,16396,OLD FORESTER SIGNATURE 100PRF BOURBON,12,750,13.00,19.50,12,234.00,9.00,2.37
INV-65792500004,2023-12-29T00:00:00.000,2669,HY-VEE / CORYDON,"105, E JACKSON ST",CORYDON,50060,POINT (-93.31749303 40.758939991),,WAYNE,1011100,BLENDED WHISKIES,492,WESTERN SPIRITS BEVERAGE,26362,BIRD DOG SALTED CARAMEL,6,750,11.50,17.25,6,103.50,4.50,1.18
INV-65792500005,2023-12-29T00:00:00.000,2669,HY-VEE / CORYDON,"105, E JACKSON ST",CORYDON,50060,POINT (-93.31749303 40.758939991),,WAYNE,1011100,BLENDED WHISKIES,492,WESTERN SPIRITS BEVERAGE,26432,BIRD DOG PEANUT BUTTER,6,750,11.50,17.25,6,103.50,4.50,1.18
INV-65792500006,2023-12-29T00:00:00.000,2669,HY-VEE / CORYDON,"105, E JACKSON ST",CORYDON,50060,POINT (-93.31749303 40.758939991),,WAYNE,1011600,STRAIGHT RYE WHISKIES,421,SAZERAC COMPANY  INC,27100,SAZERAC RYE,6,750,17.00,25.50,6,153.00,4.50,1.18
INV-65792500007,2023-12-29T00:00:00.000,2669,HY-VEE / CORYDON,"105, E JACKSON ST",CORYDON,50060,POINT (-93.31749303 40.758939991),,WAYNE,1011600,STRAIGHT RYE WHISKIES,085,BROWN FORMAN CORP.,27130,WOODFORD RESERVE RYE,6,750,23.50,35.25,1,35.25,0.75,0.19
INV-65792500008,2023-12-29T00:00:00.000,2669,HY-VEE / CORYDON,"105, E JACKSON ST",CORYDON,50060,POINT (-93.31749303 40.758939991),,WAYNE,1011100,BLENDED WHISKIES,492,WESTERN SPIRITS BEVERAGE,27920,BIRD DOG STRAWBERRY,6,750,11.50,17.25,6,103.50,4.50,1.18
INV-65792500009,2023-12-29T00:00:00.000,2669,HY-VEE / CORYDON,"105, E JACKSON ST",CORYDON,50060,POINT (-93.31749303 40.758939991),,WAYNE,1031100,AMERICAN VODKAS,434,LUXCO INC,36308,HAWKEYE VODKA,6,1750,7.50,11.25,6,67.50,10.50,2.77
INV-65792500010,2023-12-29T00:00:00.000,2669,HY-VEE / CORYDON,"105, E JACKSON ST",CORYDON,50060,POINT (-93.31749303 40.758939991),,WAYNE,1062400,SPICED RUM,259,HEAVEN HILL BRANDS,43028,ADMIRAL NELSON SPICED,6,1750,12.00,18.00,6,108.00,10.50,2.77
INV-65792500011,2023-12-29T00:00:00.000,2669,HY-VEE / CORYDON,"105, E JACKSON ST",CORYDON,50060,POINT (-93.31749303 40.758939991),,WAYNE,1071000,COCKTAILS/RTD,395,PROXIMO,58873,JOSE CUERVO AUTHENTIC WATERMELON MARGARITA,6,1750,8.74,13.11,6,78.66,10.50,2.77
INV-65792500012,2023-12-29T00:00:00.000,2669,HY-VEE / CORYDON,"105, E JACKSON ST",CORYDON,50060,POINT (-93.31749303 40.758939991),,WAYNE,1081600,WHISKEY LIQUEUR,421,SAZERAC COMPANY  INC,64865,FIREBALL CINNAMON WHISKEY PET,12,750,9.00,13.50,12,162.00,9.00,2.37
INV-65792500013,2023-12-29T00:00:00.000,2669,HY-VEE / CORYDON,"105, E JACKSON ST",CORYDON,50060,POINT (-93.31749303 40.758939991),,WAYNE,1081600,WHISKEY LIQUEUR,421,SAZERAC COMPANY  INC,65013,FIREBALL CINNAMON WHISKEY MINI SLEEVE,12,50,4.30,6.45,12,77.40,0.60,0.15
INV-65792500014,2023-12-29T00:00:00.000,2669,HY-VEE / CORYDON,"105, E JACKSON ST",CORYDON,50060,POINT (-93.31749303 40.758939991),,WAYNE,1082200,IMPORTED SCHNAPPS,421,SAZERAC COMPANY  INC,69638,DR MCGILLICUDDYS CHERRY,6,1750,15.00,22.50,6,131.94,10.50,2.77
INV-65792600001,2023-12-29T00:00:00.000,4027,WAL-MART 1621 / CENTERVILLE,23148 HWY 5,CENTERVILLE,52544,POINT (-92.866243968 40.709221014),,APPANOOSE,1012100,CANADIAN WHISKIES,260,DIAGEO AMERICAS,11298,CROWN ROYAL,6,1750,33.99,50.99,6,305.94,10.50,2.77
INV-65792600003,2023-12-29T00:00:00.000,4027,WAL-MART 1621 / CENTERVILLE,23148 HWY 5,CENTERVILLE,52544,POINT (-92.866243968 40.709221014),,APPANOOSE,1011200,STRAIGHT BOURBON WHISKIES,065,JIM BEAM BRANDS,28043,JIM BEAM VANILLA,12,750,11.00,16.50,12,198.00,9.00,2.37
INV-65792600004,2023-12-29T00:00:00.000,4027,WAL-MART 1621 / CENTERVILLE,23148 HWY 5,CENTERVILLE,52544,POINT (-92.866243968 40.709221014),,APPANOOSE,1031200,AMERICAN FLAVORED VODKA,115,CONSTELLATION BRANDS INC,33663,SVEDKA STRAWBERRY LEMONADE,12,750,8.00,12.00,12,144.00,9.00,2.37
INV-65792600005,2023-12-29T00:00:00.000,4027,WAL-MART 1621 / CENTERVILLE,23148 HWY 5,CENTERVILLE,52544,POINT (-92.866243968 40.709221014),,APPANOOSE,1031100,AMERICAN VODKAS,421,SAZERAC COMPANY  INC,36648,CALIBER VODKA,12,750,3.32,4.98,12,59.76,9.00,2.37
INV-65792600006,2023-12-29T00:00:00.000,4027,WAL-MART 1621 / CENTERVILLE,23148 HWY 5,CENTERVILLE,52544,POINT (-92.866243968 40.709221014),,APPANOOSE,1031100,AMERICAN VODKAS,255,INFINIUM SPIRITS,37886,SEAGRAMS EXTRA SMOOTH VODKA,12,750,5.38,8.07,12,96.84,9.00,2.37
INV-65792600007,2023-12-29T00:00:00.000,4027,WAL-MART 1621 / CENTERVILLE,23148 HWY 5,CENTERVILLE,52544,POINT (-92.866243968 40.709221014),,APPANOOSE,1031200,AMERICAN FLAVORED VODKA,380,PHILLIPS BEVERAGE,41693,UV BLUE RASPBERRY,12,750,7.50,11.25,12,135.00,9.00,2.37
INV-65792600008,2023-12-29T00:00:00.000,4027,WAL-MART 1621 / CENTERVILLE,23148 HWY 5,CENTERVILLE,52544,POINT (-92.866243968 40.709221014),,APPANOOSE,1062500,FLAVORED RUM,370,PERNOD RICARD USA,42716,MALIBU COCONUT,12,750,8.99,13.49,12,161.88,9.00,2.37
INV-65792600009,2023-12-29T00:00:00.000,4027,WAL-MART 1621 / CENTERVILLE,23148 HWY 5,CENTERVILLE,52544,POINT (-92.866243968 40.709221014),,APPANOOSE,1062100,GOLD RUM,035,BACARDI USA INC,43036,BACARDI GOLD,12,750,8.76,13.14,12,157.68,9.00,2.37
INV-65792600011,2023-12-29T00:00:00.000,4027,WAL-MART 1621 / CENTERVILLE,23148 HWY 5,CENTERVILLE,52544,POINT (-92.866243968 40.709221014),,APPANOOSE,1051100,AMERICAN BRANDIES,205,E & J GALLO WINERY,52596,E & J VS,12,750,6.50,9.75,12,117.00,9.00,2.37
INV-65792600012,2023-12-29T00:00:00.000,4027,WAL-MART 1621 / CENTERVILLE,23148 HWY 5,CENTERVILLE,52544,POINT (-92.866243968 40.709221014),,APPANOOSE,1081600,WHISKEY LIQUEUR,421,SAZERAC COMPANY  INC,64866,FIREBALL CINNAMON WHISKEY,12,750,9.00,13.50,12,162.00,9.00,2.37
INV-65792600013,2023-12-29T00:00:00.000,4027,WAL-MART 1621 / CENTERVILLE,23148 HWY 5,CENTERVILLE,52544,POINT (-92.866243968 40.709221014),,APPANOOSE,1081200,CREAM LIQUEURS,300,MCCORMICK DISTILLING CO.,65200,TEQUILA ROSE LIQUEUR,12,750,12.50,18.75,12,225.00,9.00,2.37
INV-65792600015,2023-12-29T00:00:00.000,4027,WAL-MART 1621 / CENTERVILLE,23148 HWY 5,CENTERVILLE,52544,POINT (-92.866243968 40.709221014),,APPANOOSE,1082200,IMPORTED SCHNAPPS,421,SAZERAC COMPANY  INC,69611,DR MCGILLICUDDYS APPLE PIE,12,750,8.89,13.34,12,155.88,9.00,2.37
INV-65792600017,2023-12-29T00:00:00.000,4027,WAL-MART 1621 / CENTERVILLE,23148 HWY 5,CENTERVILLE,52544,POINT (-92.866243968 40.709221014),,APPANOOSE,1081200,CREAM LIQUEURS,205,E & J GALLO WINERY,73055,RUMCHATA,12,750,14.00,21.00,12,252.00,9.00,2.37
INV-65792600018,2023-12-29T00:00:00.000,4027,WAL-MART 1621 / CENTERVILLE,23148 HWY 5,CENTERVILLE,52544,POINT (-92.866243968 40.709221014),,APPANOOSE,1081300,AMERICAN CORDIALS & LIQUEURS,421,SAZERAC COMPANY  INC,73986,DI AMORE AMARETTO,12,750,6.25,9.38,12,112.56,9.00,2.37
INV-65792600019,2023-12-29T00:00:00.000,4027,WAL-MART 1621 / CENTERVILLE,23148 HWY 5,CENTERVILLE,52544,POINT (-92.866243968 40.709221014),,APPANOOSE,1022100,MIXTO TEQUILA,395,PROXIMO,89197,JOSE CUERVO ESPECIAL REPOSADO,12,1000,15.00,22.50,12,261.00,12.00,3.17
INV-65792700001,2023-12-29T00:00:00.000,4271,FAREWAY STORES #827 / CENTERVILLE,305 S 18TH ST,CENTERVILLE,52544,POINT (-92.86694897 40.731146019),,APPANOOSE,1012100,CANADIAN WHISKIES,260,DIAGEO AMERICAS,11297,CROWN ROYAL,12,1000,20.49,30.74,12,368.88,12.00,3.17
INV-65792700002,2023-12-29T00:00:00.000,4271,FAREWAY STORES #827 / CENTERVILLE,305 S 18TH ST,CENTERVILLE,52544,POINT (-92.86694897 40.731146019),,APPANOOSE,1012400,IRISH WHISKIES,370,PERNOD RICARD USA,15626,JAMESON,12,750,17.49,26.24,3,78.72,2.25,0.59
INV-65792700003,2023-12-29T00:00:00.000,4271,FAREWAY STORES #827 / CENTERVILLE,305 S 18TH ST,CENTERVILLE,52544,POINT (-92.86694897 40.731146019),,APPANOOSE,1012400,IRISH WHISKIES,370,PERNOD RICARD USA,15628,JAMESON,6,1750,35.48,53.22,2,106.44,3.50,0.92
INV-65792700004,2023-12-29T00:00:00.000,4271,FAREWAY STORES #827 / CENTERVILLE,305 S 18TH ST,CENTERVILLE,52544,POINT (-92.86694897 40.731146019),,APPANOOSE,1011200,STRAIGHT BOURBON WHISKIES,259,HEAVEN HILL BRANDS,17958,EVAN WILLIAMS BLACK,6,1750,17.00,25.50,6,153.00,10.50,2.77
INV-65792700005,2023-12-29T00:00:00.000,4271,FAREWAY STORES #827 / CENTERVILLE,305 S 18TH ST,CENTERVILLE,52544,POINT (-92.86694897 40.731146019),,APPANOOSE,1011200,STRAIGHT BOURBON WHISKIES,065,JIM BEAM BRANDS,19066,JIM BEAM,12,750,11.00,16.50,5,82.50,3.75,0.99
INV-65792700006,2023-12-29T00:00:00.000,4271,FAREWAY STORES #827 / CENTERVILLE,305 S 18TH ST,CENTERVILLE,52544,POINT (-92.86694897 40.731146019),,APPANOOSE,1011100,BLENDED WHISKIES,300,MCCORMICK DISTILLING CO.,24728,MCCORMICK BLEND WHISKEY PET,6,1750,8.49,12.74,6,76.44,10.50,2.77
INV-65792700007,2023-12-29T00:00:00.000,4271,FAREWAY STORES #827 / CENTERVILLE,305 S 18TH ST,CENTERVILLE,52544,POINT (-92.86694897 40.731146019),,APPANOOSE,1011100,BLENDED WHISKIES,260,DIAGEO AMERICAS,25607,SEAGRAMS 7 CROWN,12,1000,8.49,12.74,2,25.48,2.00,0.52
INV-65792700008,2023-12-29T00:00:00.000,4271,FAREWAY STORES #827 / CENTERVILLE,305 S 18TH ST,CENTERVILLE,52544,POINT (-92.86694897 40.731146019),,APPANOOSE,1011100,BLENDED WHISKIES,492,WESTERN SPIRITS BEVERAGE,26765,BIRD DOG BLACK CHERRY,6,750,11.50,17.25,6,103.50,4.50,1.18
INV-65792700009,2023-12-29T00:00:00.000,4271,FAREWAY STORES #827 / CENTERVILLE,305 S 18TH ST,CENTERVILLE,52544,POINT (-92.86694897 40.731146019),,APPANOOSE,1011400,TENNESSEE WHISKIES,085,BROWN FORMAN CORP.,26827,JACK DANIELS OLD #7 BLACK LABEL,12,1000,20.27,30.41,3,91.23,3.00,0.79
INV-65792700010,2023-12-29T00:00:00.000,4271,FAREWAY STORES #827 / CENTERVILLE,305 S 18TH ST,CENTERVILLE,52544,POINT (-92.86694897 40.731146019),,APPANOOSE,1011100,BLENDED WHISKIES,395,PROXIMO,27605,TIN CUP,12,750,15.00,22.50,2,43.50,1.50,0.39
INV-65792700011,2023-12-29T00:00:00.000,4271,FAREWAY STORES #827 / CENTERVILLE,305 S 18TH ST,CENTERVILLE,52544,POINT (-92.86694897 40.731146019),,APPANOOSE,1011200,STRAIGHT BOURBON WHISKIES,065,JIM BEAM BRANDS,27783,JIM BEAM APPLE,12,750,11.00,16.50,3,49.50,2.25,0.59
INV-65792700012,2023-12-29T00:00:00.000,4271,FAREWAY STORES #827 / CENTERVILLE,305 S 18TH ST,CENTERVILLE,52544,POINT (-92.86694897 40.731146019),,APPANOOSE,1011200,STRAIGHT BOURBON WHISKIES,065,JIM BEAM BRANDS,28279,JIM BEAM PEACH,12,750,11.00,16.50,2,33.00,1.50,0.39
INV-65792700013,2023-12-29T00:00:00.000,4271,FAREWAY STORES #827 / CENTERVILLE,305 S 18TH ST,CENTERVILLE,52544,POINT (-92.86694897 40.731146019),,APPANOOSE,1032100,IMPORTED VODKAS,370,PERNOD RICARD USA,34006,ABSOLUT SWEDISH VODKA 80PRF,12,750,9.99,14.99,12,179.88,9.00,2.37
INV-65792700014,2023-12-29T00:00:00.000,4271,FAREWAY STORES #827 / CENTERVILLE,305 S 18TH ST,CENTERVILLE,52544,POINT (-92.86694897 40.731146019),,APPANOOSE,1032100,IMPORTED VODKAS,370,PERNOD RICARD USA,34007,ABSOLUT SWEDISH VODKA 80PRF,12,1000,14.99,22.49,2,44.98,2.00,0.52
INV-65792700015,2023-12-29T00:00:00.000,4271,FAREWAY STORES #827 / CENTERVILLE,305 S 18TH ST,CENTERVILLE,52544,POINT (-92.86694897 40.731146019),,APPANOOSE,1032100,IMPORTED VODKAS,260,DIAGEO AMERICAS,34456,KETEL ONE,12,750,11.33,17.00,2,34.00,1.50,0.39
INV-65792700016,2023-12-29T00:00:00.000,4271,FAREWAY STORES #827 / CENTERVILLE,305 S 18TH ST,CENTERVILLE,52544,POINT (-92.86694897 40.731146019),,APPANOOSE,1031100,AMERICAN VODKAS,115,CONSTELLATION BRANDS INC,34821,SVEDKA 80PRF,6,1750,13.40,20.10,2,40.20,3.50,0.92
INV-65792700017,2023-12-29T00:00:00.000,4271,FAREWAY STORES #827 / CENTERVILLE,305 S 18TH ST,CENTERVILLE,52544,POINT (-92.86694897 40.731146019),,APPANOOSE,1031100,AMERICAN VODKAS,297,LAIRD & COMPANY,35918,FIVE O'CLOCK VODKA,6,1750,7.72,11.58,6,69.48,10.50,2.77
INV-65792700018,2023-12-29T00:00:00.000,4271,FAREWAY STORES #827 / CENTERVILLE,305 S 18TH ST,CENTERVILLE,52544,POINT (-92.86694897 40.731146019),,APPANOOSE,1031100,AMERICAN VODKAS,434,LUXCO INC,36308,HAWKEYE VODKA,6,1750,7.50,11.25,12,135.00,21.00,5.54
INV-65792700019,2023-12-29T00:00:00.000,4271,FAREWAY STORES #827 / CENTERVILLE,305 S 18TH ST,CENTERVILLE,52544,POINT (-92.86694897 40.731146019),,APPANOOSE,1031100,AMERICAN VODKAS,300,MCCORMICK DISTILLING CO.,36908,MCCORMICK 80PRF VODKA PET,6,1750,8.24,12.36,12,148.32,21.00,5.54
INV-65792700020,2023-12-29T00:00:00.000,4271,FAREWAY STORES #827 / CENTERVILLE,305 S 18TH ST,CENTERVILLE,52544,POINT (-92.86694897 40.731146019),,APPANOOSE,1031100,AMERICAN VODKAS,368,PARK STREET IMPORTS,37712,MEILI VODKA,6,750,14.00,21.00,2,42.00,1.50,0.39
INV-65792700021,2023-12-29T00:00:00.000,4271,FAREWAY STORES #827 / CENTERVILLE,305 S 18TH ST,CENTERVILLE,52544,POINT (-92.86694897 40.731146019),,APPANOOSE,1062500,FLAVORED RUM,370,PERNOD RICARD USA,42716,MALIBU COCONUT,12,750,8.99,13.49,2,26.98,1.50,0.39
INV-65792700022,2023-12-29T00:00:00.000,4271,FAREWAY STORES #827 / CENTERVILLE,305 S 18TH ST,CENTERVILLE,52544,POINT (-92.86694897 40.731146019),,APPANOOSE,1062400,SPICED RUM,260,DIAGEO AMERICAS,43337,CAPTAIN MORGAN ORIGINAL SPICED,12,1000,12.99,19.49,4,77.96,4.00,1.05
INV-65792700023,2023-12-29T00:00:00.000,4271,FAREWAY STORES #827 / CENTERVILLE,305 S 18TH ST,CENTERVILLE,52544,POINT (-92.86694897 40.731146019),,APPANOOSE,1062100,GOLD RUM,434,LUXCO INC,45248,PARAMOUNT GOLD RUM,6,1750,8.00,12.00,6,72.00,10.50,2.77
INV-65792700024,2023-12-29T00:00:00.000,4271,FAREWAY STORES #827 / CENTERVILLE,305 S 18TH ST,CENTERVILLE,52544,POINT (-92.86694897 40.731146019),,APPANOOSE,1062200,WHITE RUM,434,LUXCO INC,45277,PARAMOUNT WHITE RUM,12,1000,4.75,7.13,3,21.39,3.00,0.79
INV-65792700025,2023-12-29T00:00:00.000,4271,FAREWAY STORES #827 / CENTERVILLE,305 S 18TH ST,CENTERVILLE,52544,POINT (-92.86694897 40.731146019),,APPANOOSE,1012300,SINGLE MALT SCOTCH,240,WILLIAM GRANT & SONS INC,5006,GLENFIDDICH 12YR SPECIAL RESERVE,12,750,30.00,45.00,3,135.00,2.25,0.59
INV-65792700026,2023-12-29T00:00:00.000,4271,FAREWAY STORES #827 / CENTERVILLE,305 S 18TH ST,CENTERVILLE,52544,POINT (-92.86694897 40.731146019),,APPANOOSE,1071000,COCKTAILS/RTD,395,PROXIMO,58872,JOSE CUERVO AUTHENTIC LIGHT LIME MARGARITA,6,1750,8.74,13.11,12,157.32,21.00,5.54
INV-65792700027,2023-12-29T00:00:00.000,4271,FAREWAY STORES #827 / CENTERVILLE,305 S 18TH ST,CENTERVILLE,52544,POINT (-92.86694897 40.731146019),,APPANOOSE,1081600,WHISKEY LIQUEUR,421,SAZERAC COMPANY  INC,64866,FIREBALL CINNAMON WHISKEY,12,750,9.00,13.50,12,162.00,9.00,2.37
INV-65792700028,2023-12-29T00:00:00.000,4271,FAREWAY STORES #827 / CENTERVILLE,305 S 18TH ST,CENTERVILLE,52544,POINT (-92.86694897 40.731146019),,APPANOOSE,1082100,IMPORTED CORDIALS & LIQUEURS,192,"MAST-JAGERMEISTER US, INC",65257,JAGERMEISTER LIQUEUR,12,1000,17.42,26.13,3,78.39,3.00,0.79
INV-65792700029,2023-12-29T00:00:00.000,4271,FAREWAY STORES #827 / CENTERVILLE,305 S 18TH ST,CENTERVILLE,52544,POINT (-92.86694897 40.731146019),,APPANOOSE,1012400,IRISH WHISKIES,370,PERNOD RICARD USA,65487,JAMESON ORANGE,6,750,14.99,22.49,2,44.98,1.50,0.39
INV-65792700030,2023-12-29T00:00:00.000,4271,FAREWAY STORES #827 / CENTERVILLE,305 S 18TH ST,CENTERVILLE,52544,POINT (-92.86694897 40.731146019),,APPANOOSE,1081100,COFFEE LIQUEURS,370,PERNOD RICARD USA,67526,KAHLUA COFFEE,12,750,14.99,22.49,5,112.45,3.75,0.99
INV-65792700031,2023-12-29T00:00:00.000,4271,FAREWAY STORES #827 / CENTERVILLE,305 S 18TH ST,CENTERVILLE,52544,POINT (-92.86694897 40.731146019),,APPANOOSE,1081100,COFFEE LIQUEURS,370,PERNOD RICARD USA,67527,KAHLUA COFFEE,12,1000,18.99,28.49,3,85.47,3.00,0.79
INV-65792700032,2023-12-29T00:00:00.000,4271,FAREWAY STORES #827 / CENTERVILLE,305 S 18TH ST,CENTERVILLE,52544,POINT (-92.86694897 40.731146019),,APPANOOSE,1082200,IMPORTED SCHNAPPS,421,SAZERAC COMPANY  INC,69657,DR MCGILLICUDDYS MENTHOLMINT,12,1000,11.00,16.88,3,49.50,3.00,0.79
INV-65792700033,2023-12-29T00:00:00.000,4271,FAREWAY STORES #827 / CENTERVILLE,305 S 18TH ST,CENTERVILLE,52544,POINT (-92.86694897 40.731146019),,APPANOOSE,1082200,IMPORTED SCHNAPPS,260,DIAGEO AMERICAS,69947,RUMPLE MINZE PEPPERMINT SCHNAPPS LIQUEUR,12,1000,16.99,25.49,3,76.47,3.00,0.79
INV-65792700034,2023-12-29T00:00:00.000,4271,FAREWAY STORES #827 / CENTERVILLE,305 S 18TH ST,CENTERVILLE,52544,POINT (-92.86694897 40.731146019),,APPANOOSE,1081200,CREAM LIQUEURS,205,E & J GALLO WINERY,73054,RUMCHATA,6,1750,25.00,37.50,3,112.50,5.25,1.38
INV-65792700035,2023-12-29T00:00:00.000,4271,FAREWAY STORES #827 / CENTERVILLE,305 S 18TH ST,CENTERVILLE,52544,POINT (-92.86694897 40.731146019),,APPANOOSE,1081400,AMERICAN SCHNAPPS,065,JIM BEAM BRANDS,73456,DEKUYPER LUSCIOUS RAZZMATAZZ,12,750,6.75,10.13,2,20.26,1.50,0.39
INV-65792700036,2023-12-29T00:00:00.000,4271,FAREWAY STORES #827 / CENTERVILLE,305 S 18TH ST,CENTERVILLE,52544,POINT (-92.86694897 40.731146019),,APPANOOSE,1081400,AMERICAN SCHNAPPS,434,LUXCO INC,81208,PARAMOUNT PEPPERMINT SCHNAPPS,6,1750,8.00,12.00,6,72.00,10.50,2.77
INV-65792700037,2023-12-29T00:00:00.000,4271,FAREWAY STORES #827 / CENTERVILLE,305 S 18TH ST,CENTERVILLE,52544,POINT (-92.86694897 40.731146019),,APPANOOSE,1081400,AMERICAN SCHNAPPS,065,JIM BEAM BRANDS,82637,DEKUYPER GRAPE PUCKER,12,1000,7.87,11.81,2,23.62,2.00,0.52
INV-65792700038,2023-12-29T00:00:00.000,4271,FAREWAY STORES #827 / CENTERVILLE,305 S 18TH ST,CENTERVILLE,52544,POINT (-92.86694897 40.731146019),,APPANOOSE,1081400,AMERICAN SCHNAPPS,065,JIM BEAM BRANDS,82866,DEKUYPER WATERMELON PUCKER,12,750,6.75,10.13,4,40.52,3.00,0.79
INV-65792700039,2023-12-29T00:00:00.000,4271,FAREWAY STORES #827 / CENTERVILLE,305 S 18TH ST,CENTERVILLE,52544,POINT (-92.86694897 40.731146019),,APPANOOSE,1081300,AMERICAN CORDIALS & LIQUEURS,065,JIM BEAM BRANDS,85526,DEKUYPER BLUE CURACAO,12,750,5.25,7.88,2,15.76,1.50,0.39
INV-65792700040,2023-12-29T00:00:00.000,4271,FAREWAY STORES #827 / CENTERVILLE,305 S 18TH ST,CENTERVILLE,52544,POINT (-92.86694897 40.731146019),,APPANOOSE,1091100,AMERICAN DISTILLED SPIRITS SPECIALTY,370,PERNOD RICARD USA,86439,SKREWBALL PEANUT BUTTER WHISKEY,12,750,14.99,22.49,12,269.88,9.00,2.37
INV-65792700041,2023-12-29T00:00:00.000,4271,FAREWAY STORES #827 / CENTERVILLE,305 S 18TH ST,CENTERVILLE,52544,POINT (-92.86694897 40.731146019),,APPANOOSE,1081600,WHISKEY LIQUEUR,421,SAZERAC COMPANY  INC,86888,SOUTHERN COMFORT PET,6,1750,20.26,30.39,2,60.78,3.50,0.92
INV-65792700042,2023-12-29T00:00:00.000,4271,FAREWAY STORES #827 / CENTERVILLE,305 S 18TH ST,CENTERVILLE,52544,POINT (-92.86694897 40.731146019),,APPANOOSE,1022200,100% AGAVE TEQUILA,035,BACARDI USA INC,88294,PATRON SILVER,12,375,15.00,22.50,3,67.50,1.12,0.29
INV-65792700043,2023-12-29T00:00:00.000,4271,FAREWAY STORES #827 / CENTERVILLE,305 S 18TH ST,CENTERVILLE,52544,POINT (-92.86694897 40.731146019),,APPANOOSE,1022100,MIXTO TEQUILA,395,PROXIMO,89198,JOSE CUERVO ESPECIAL REPOSADO,6,1750,23.00,34.50,6,207.00,10.50,2.77
INV-65792800001,2023-12-29T00:00:00.000,2523,HY-VEE FOOD STORE (1058) / CENTERVILLE,609 N 18TH,CENTERVILLE,52544,POINT (-92.866444966 40.737584997),,APPANOOSE,1012100,CANADIAN WHISKIES,259,HEAVEN HILL BRANDS,11788,BLACK VELVET,6,1750,11.00,16.50,6,99.00,10.50,2.77
INV-65792800002,2023-12-29T00:00:00.000,2523,HY-VEE FOOD STORE (1058) / CENTERVILLE,609 N 18TH,CENTERVILLE,52544,POINT (-92.866444966 40.737584997),,APPANOOSE,1011200,STRAIGHT BOURBON WHISKIES,065,JIM BEAM BRANDS,19070,JIM BEAM PET,6,1750,21.50,32.25,6,193.50,10.50,2.77
INV-65792800003,2023-12-29T00:00:00.000,2523,HY-VEE FOOD STORE (1058) / CENTERVILLE,609 N 18TH,CENTERVILLE,52544,POINT (-92.866444966 40.737584997),,APPANOOSE,1011100,BLENDED WHISKIES,492,WESTERN SPIRITS BEVERAGE,27433,BIRD DOG PEACH,6,750,11.50,17.25,6,103.50,4.50,1.18
INV-65792800004,2023-12-29T00:00:00.000,2523,HY-VEE FOOD STORE (1058) / CENTERVILLE,609 N 18TH,CENTERVILLE,52544,POINT (-92.866444966 40.737584997),,APPANOOSE,1031200,AMERICAN FLAVORED VODKA,380,PHILLIPS BEVERAGE,41693,UV BLUE RASPBERRY,12,750,7.50,11.25,12,135.00,9.00,2.37
INV-65792800005,2023-12-29T00:00:00.000,2523,HY-VEE FOOD STORE (1058) / CENTERVILLE,609 N 18TH,CENTERVILLE,52544,POINT (-92.866444966 40.737584997),,APPANOOSE,1062500,FLAVORED RUM,065,JIM BEAM BRANDS,44476,CRUZAN COCONUT,12,750,7.00,10.50,12,126.00,9.00,2.37
INV-65792800006,2023-12-29T00:00:00.000,2523,HY-VEE FOOD STORE (1058) / CENTERVILLE,609 N 18TH,CENTERVILLE,52544,POINT (-92.866444966 40.737584997),,APPANOOSE,1071000,COCKTAILS/RTD,380,PHILLIPS BEVERAGE,63959,UV BLUE RASPBERRY LEMONADE PET,6,1750,6.39,9.59,6,57.54,10.50,2.77
INV-65792800007,2023-12-29T00:00:00.000,2523,HY-VEE FOOD STORE (1058) / CENTERVILLE,609 N 18TH,CENTERVILLE,52544,POINT (-92.866444966 40.737584997),,APPANOOSE,1081600,WHISKEY LIQUEUR,421,SAZERAC COMPANY  INC,64904,FIREBALL CINNAMON WHISKEY PET,6,1750,16.00,24.00,6,144.00,10.50,2.77
INV-65792800008,2023-12-29T00:00:00.000,2523,HY-VEE FOOD STORE (1058) / CENTERVILLE,609 N 18TH,CENTERVILLE,52544,POINT (-92.866444966 40.737584997),,APPANOOSE,1081100,COFFEE LIQUEURS,370,PERNOD RICARD USA,67526,KAHLUA COFFEE,12,750,14.99,22.49,12,269.88,9.00,2.37
INV-65792800009,2023-12-29T00:00:00.000,2523,HY-VEE FOOD STORE (1058) / CENTERVILLE,609 N 18TH,CENTERVILLE,52544,POINT (-92.866444966 40.737584997),,APPANOOSE,1081100,COFFEE LIQUEURS,370,PERNOD RICARD USA,67528,KAHLUA COFFEE,6,1750,29.48,44.22,6,265.32,10.50,2.77
INV-65792800010,2023-12-29T00:00:00.000,2523,HY-VEE FOOD STORE (1058) / CENTERVILLE,609 N 18TH,CENTERVILLE,52544,POINT (-92.866444966 40.737584997),,APPANOOSE,1081100,COFFEE LIQUEURS,380,PHILLIPS BEVERAGE,67556,KAMORA COFFEE LIQUEUR,12,750,7.67,11.51,12,138.12,9.00,2.37
INV-65792800011,2023-12-29T00:00:00.000,2523,HY-VEE FOOD STORE (1058) / CENTERVILLE,609 N 18TH,CENTERVILLE,52544,POINT (-92.866444966 40.737584997),,APPANOOSE,1031200,AMERICAN FLAVORED VODKA,118,AMERICAN SPIRITS EXCHANGE,76843,THE ORIGINAL PICKLE SHOT SPICY PICKLE VODKA,12,750,8.34,12.51,12,150.12,9.00,2.37
INV-65792800012,2023-12-29T00:00:00.000,2523,HY-VEE FOOD STORE (1058) / CENTERVILLE,609 N 18TH,CENTERVILLE,52544,POINT (-92.866444966 40.737584997),,APPANOOSE,1081500,TRIPLE SEC,065,JIM BEAM BRANDS,86112,DEKUYPER TRIPLE SEC,12,1000,2.33,3.50,12,42.00,12.00,3.17
INV-65792800013,2023-12-29T00:00:00.000,2523,HY-VEE FOOD STORE (1058) / CENTERVILLE,609 N 18TH,CENTERVILLE,52544,POINT (-92.866444966 40.737584997),,APPANOOSE,1011400,TENNESSEE WHISKIES,085,BROWN FORMAN CORP.,86692,JACK DANIELS TENNESSEE FIRE,12,750,15.91,23.87,12,286.44,9.00,2.37
INV-65792800014,2023-12-29T00:00:00.000,2523,HY-VEE FOOD STORE (1058) / CENTERVILLE,609 N 18TH,CENTERVILLE,52544,POINT (-92.866444966 40.737584997),,APPANOOSE,1011400,TENNESSEE WHISKIES,346,OLE SMOKY DISTILLERY LLC,86841,OLE SMOKY ROOT BEER WHISKEY,6,750,11.00,16.50,6,99.00,4.50,1.18
INV-65792800015,2023-12-29T00:00:00.000,2523,HY-VEE FOOD STORE (1058) / CENTERVILLE,609 N 18TH,CENTERVILLE,52544,POINT (-92.866444966 40.737584997),,APPANOOSE,1022200,100% AGAVE TEQUILA,085,BROWN FORMAN CORP.,87849,HERRADURA SLIVER,6,750,27.50,41.25,6,247.50,4.50,1.18
INV-65792800016,2023-12-29T00:00:00.000,2523,HY-VEE FOOD STORE (1058) / CENTERVILLE,609 N 18TH,CENTERVILLE,52544,POINT (-92.866444966 40.737584997),,APPANOOSE,1022200,100% AGAVE TEQUILA,035,BACARDI USA INC,89121,CAZADORES REPOSADO,12,750,14.50,21.75,12,261.00,9.00,2.37
INV-65792800017,2023-12-29T00:00:00.000,2523,HY-VEE FOOD STORE (1058) / CENTERVILLE,609 N 18TH,CENTERVILLE,52544,POINT (-92.866444966 40.737584997),,APPANOOSE,1022100,MIXTO TEQUILA,395,PROXIMO,89198,JOSE CUERVO ESPECIAL REPOSADO,6,1750,23.00,34.50,6,207.00,10.50,2.77
INV-65792900001,2023-12-29T00:00:00.000,5868,BROTHERS MARKET / BLOOMFIELD,207 E LOCUST ST,BLOOMFIELD,52537,POINT (-92.412731039 40.753379981),,DAVIS,1012200,SCOTCH WHISKIES,421,SAZERAC COMPANY  INC,10008,SCORESBY RARE SCOTCH,6,1750,11.00,16.50,6,99.00,10.50,2.77
INV-65792900002,2023-12-29T00:00:00.000,5868,BROTHERS MARKET / BLOOMFIELD,207 E LOCUST ST,BLOOMFIELD,52537,POINT (-92.412731039 40.753379981),,DAVIS,1012100,CANADIAN WHISKIES,259,HEAVEN HILL BRANDS,11586,BLACK VELVET RESERVE,12,750,8.00,12.00,12,144.00,9.00,2.37
INV-65792900003,2023-12-29T00:00:00.000,5868,BROTHERS MARKET / BLOOMFIELD,207 E LOCUST ST,BLOOMFIELD,52537,POINT (-92.412731039 40.753379981),,DAVIS,1012100,CANADIAN WHISKIES,259,HEAVEN HILL BRANDS,11788,BLACK VELVET,6,1750,11.00,16.50,6,99.00,10.50,2.77
INV-65792900004,2023-12-29T00:00:00.000,5868,BROTHERS MARKET / BLOOMFIELD,207 E LOCUST ST,BLOOMFIELD,52537,POINT (-92.412731039 40.753379981),,DAVIS,1041100,AMERICAN DRY GINS,434,LUXCO INC,31658,PARAMOUNT GIN,6,1750,7.75,11.63,6,69.78,10.50,2.77
INV-65792900005,2023-12-29T00:00:00.000,5868,BROTHERS MARKET / BLOOMFIELD,207 E LOCUST ST,BLOOMFIELD,52537,POINT (-92.412731039 40.753379981),,DAVIS,1031100,AMERICAN VODKAS,300,MCCORMICK DISTILLING CO.,36886,MCCORMICK 80PRF VODKA,12,750,3.64,5.46,12,65.52,9.00,2.37
INV-65792900006,2023-12-29T00:00:00.000,5868,BROTHERS MARKET / BLOOMFIELD,207 E LOCUST ST,BLOOMFIELD,52537,POINT (-92.412731039 40.753379981),,DAVIS,1031100,AMERICAN VODKAS,421,SAZERAC COMPANY  INC,37418,POPOV 80PRF,6,1750,8.50,12.75,6,76.50,10.50,2.77
INV-65792900007,2023-12-29T00:00:00.000,5868,BROTHERS MARKET / BLOOMFIELD,207 E LOCUST ST,BLOOMFIELD,52537,POINT (-92.412731039 40.753379981),,DAVIS,1031100,AMERICAN VODKAS,301,FIFTH GENERATION INC,38176,TITOS HANDMADE VODKA,12,750,10.00,15.00,12,180.00,9.00,2.37
INV-65792900008,2023-12-29T00:00:00.000,5868,BROTHERS MARKET / BLOOMFIELD,207 E LOCUST ST,BLOOMFIELD,52537,POINT (-92.412731039 40.753379981),,DAVIS,1031100,AMERICAN VODKAS,301,FIFTH GENERATION INC,38178,TITOS HANDMADE VODKA,6,1750,19.00,28.50,6,171.00,10.50,2.77
INV-65792900009,2023-12-29T00:00:00.000,5868,BROTHERS MARKET / BLOOMFIELD,207 E LOCUST ST,BLOOMFIELD,52537,POINT (-92.412731039 40.753379981),,DAVIS,1062200,WHITE RUM,035,BACARDI USA INC,43126,BACARDI SUPERIOR,12,750,8.76,13.14,12,157.68,9.00,2.37
INV-65792900010,2023-12-29T00:00:00.000,5868,BROTHERS MARKET / BLOOMFIELD,207 E LOCUST ST,BLOOMFIELD,52537,POINT (-92.412731039 40.753379981),,DAVIS,1062200,WHITE RUM,035,BACARDI USA INC,43128,BACARDI SUPERIOR,6,1750,15.50,23.25,6,139.50,10.50,2.77
INV-65792900011,2023-12-29T00:00:00.000,5868,BROTHERS MARKET / BLOOMFIELD,207 E LOCUST ST,BLOOMFIELD,52537,POINT (-92.412731039 40.753379981),,DAVIS,1062200,WHITE RUM,434,LUXCO INC,45276,PARAMOUNT WHITE RUM,12,750,4.25,6.38,12,76.56,9.00,2.37
INV-65792900012,2023-12-29T00:00:00.000,5868,BROTHERS MARKET / BLOOMFIELD,207 E LOCUST ST,BLOOMFIELD,52537,POINT (-92.412731039 40.753379981),,DAVIS,1051100,AMERICAN BRANDIES,421,SAZERAC COMPANY  INC,55066,MR BOSTON BLACKBERRY BRANDY,12,750,5.00,7.50,12,90.00,9.00,2.37
INV-65792900013,2023-12-29T00:00:00.000,5868,BROTHERS MARKET / BLOOMFIELD,207 E LOCUST ST,BLOOMFIELD,52537,POINT (-92.412731039 40.753379981),,DAVIS,1071000,COCKTAILS/RTD,421,SAZERAC COMPANY  INC,57148,CHI-CHI'S MARGARITA,6,1750,6.50,9.75,6,58.50,10.50,2.77
INV-65792900014,2023-12-29T00:00:00.000,5868,BROTHERS MARKET / BLOOMFIELD,207 E LOCUST ST,BLOOMFIELD,52537,POINT (-92.412731039 40.753379981),,DAVIS,1082100,IMPORTED CORDIALS & LIQUEURS,368,PARK STREET IMPORTS,65426,LICOR 43,12,750,14.50,21.75,12,261.00,9.00,2.37
INV-65792900015,2023-12-29T00:00:00.000,5868,BROTHERS MARKET / BLOOMFIELD,207 E LOCUST ST,BLOOMFIELD,52537,POINT (-92.412731039 40.753379981),,DAVIS,1081200,CREAM LIQUEURS,260,DIAGEO AMERICAS,68036,BAILEYS ORIGINAL IRISH CREAM,12,750,16.49,24.74,12,296.88,9.00,2.37
INV-65792900016,2023-12-29T00:00:00.000,5868,BROTHERS MARKET / BLOOMFIELD,207 E LOCUST ST,BLOOMFIELD,52537,POINT (-92.412731039 40.753379981),,DAVIS,1081200,CREAM LIQUEURS,434,LUXCO INC,68846,ST BRENDANS IRISH CREAM,12,750,9.50,14.25,12,171.00,9.00,2.37
INV-65792900017,2023-12-29T00:00:00.000,5868,BROTHERS MARKET / BLOOMFIELD,207 E LOCUST ST,BLOOMFIELD,52537,POINT (-92.412731039 40.753379981),,DAVIS,1081300,AMERICAN CORDIALS & LIQUEURS,434,LUXCO INC,76486,PARAMOUNT AMARETTO,12,750,3.75,5.63,12,67.56,9.00,2.37
INV-65792900018,2023-12-29T00:00:00.000,5868,BROTHERS MARKET / BLOOMFIELD,207 E LOCUST ST,BLOOMFIELD,52537,POINT (-92.412731039 40.753379981),,DAVIS,1081200,CREAM LIQUEURS,421,SAZERAC COMPANY  INC,80456,RYANS CREAM LIQUEUR,12,750,6.70,10.05,12,120.60,9.00,2.37
INV-65792900019,2023-12-29T00:00:00.000,5868,BROTHERS MARKET / BLOOMFIELD,207 E LOCUST ST,BLOOMFIELD,52537,POINT (-92.412731039 40.753379981),,DAVIS,1081400,AMERICAN SCHNAPPS,434,LUXCO INC,82126,ARROW PEACH SCHNAPPS,12,750,5.00,7.50,12,90.00,9.00,2.37
INV-65793000001,2023-12-29T00:00:00.000,5257,MAD AVE QUIK SHOP,"405, MADISON AVE",OTTUMWA,52501,POINT (-92.410724998 40.998942),,WAPELLO,1012100,CANADIAN WHISKIES,260,DIAGEO AMERICAS,10777,CROWN ROYAL PEACH,12,1000,20.49,30.74,12,368.88,12.00,3.17
INV-65793000002,2023-12-29T00:00:00.000,5257,MAD AVE QUIK SHOP,"405, MADISON AVE",OTTUMWA,52501,POINT (-92.410724998 40.998942),,WAPELLO,1012100,CANADIAN WHISKIES,260,DIAGEO AMERICAS,10808,CROWN ROYAL REGAL APPLE,12,1000,20.49,30.74,24,737.76,24.00,6.34
INV-65793000003,2023-12-29T00:00:00.000,5257,MAD AVE QUIK SHOP,"405, MADISON AVE",OTTUMWA,52501,POINT (-92.410724998 40.998942),,WAPELLO,1012100,CANADIAN WHISKIES,260,DIAGEO AMERICAS,11296,CROWN ROYAL,12,750,17.49,26.24,12,314.88,9.00,2.37
INV-65793000004,2023-12-29T00:00:00.000,5257,MAD AVE QUIK SHOP,"405, MADISON AVE",OTTUMWA,52501,POINT (-92.410724998 40.998942),,WAPELLO,1012100,CANADIAN WHISKIES,260,DIAGEO AMERICAS,11297,CROWN ROYAL,12,1000,20.49,30.74,24,737.76,24.00,6.34
INV-65793000005,2023-12-29T00:00:00.000,5257,MAD AVE QUIK SHOP,"405, MADISON AVE",OTTUMWA,52501,POINT (-92.410724998 40.998942),,WAPELLO,1012100,CANADIAN WHISKIES,260,DIAGEO AMERICAS,11298,CROWN ROYAL,6,1750,33.99,50.99,6,305.94,10.50,2.77
INV-65793000006,2023-12-29T00:00:00.000,5257,MAD AVE QUIK SHOP,"405, MADISON AVE",OTTUMWA,52501,POINT (-92.410724998 40.998942),,WAPELLO,1012100,CANADIAN WHISKIES,259,HEAVEN HILL BRANDS,11777,BLACK VELVET,12,1000,7.00,10.50,12,126.00,12.00,3.17
INV-65793000007,2023-12-29T00:00:00.000,5257,MAD AVE QUIK SHOP,"405, MADISON AVE",OTTUMWA,52501,POINT (-92.410724998 40.998942),,WAPELLO,1012100,CANADIAN WHISKIES,259,HEAVEN HILL BRANDS,11788,BLACK VELVET,6,1750,11.00,16.50,6,99.00,10.50,2.77
INV-65793000008,2023-12-29T00:00:00.000,5257,MAD AVE QUIK SHOP,"405, MADISON AVE",OTTUMWA,52501,POINT (-92.410724998 40.998942),,WAPELLO,1012100,CANADIAN WHISKIES,421,SAZERAC COMPANY  INC,12408,CANADIAN LTD WHISKY,6,1750,10.00,15.00,6,90.00,10.50,2.77
INV-65793000009,2023-12-29T00:00:00.000,5257,MAD AVE QUIK SHOP,"405, MADISON AVE",OTTUMWA,52501,POINT (-92.410724998 40.998942),,WAPELLO,1012400,IRISH WHISKIES,370,PERNOD RICARD USA,15627,JAMESON,12,1000,20.98,31.47,12,377.64,12.00,3.17
INV-65793000010,2023-12-29T00:00:00.000,5257,MAD AVE QUIK SHOP,"405, MADISON AVE",OTTUMWA,52501,POINT (-92.410724998 40.998942),,WAPELLO,1012400,IRISH WHISKIES,370,PERNOD RICARD USA,15628,JAMESON,6,1750,35.48,53.22,6,319.32,10.50,2.77
INV-65793000011,2023-12-29T00:00:00.000,5257,MAD AVE QUIK SHOP,"405, MADISON AVE",OTTUMWA,52501,POINT (-92.410724998 40.998942),,WAPELLO,1012400,IRISH WHISKIES,370,PERNOD RICARD USA,15658,JAMESON CASKMATES STOUT,12,750,17.49,26.24,3,78.72,2.25,0.59
INV-65793000012,2023-12-29T00:00:00.000,5257,MAD AVE QUIK SHOP,"405, MADISON AVE",OTTUMWA,52501,POINT (-92.410724998 40.998942),,WAPELLO,1062400,SPICED RUM,260,DIAGEO AMERICAS,1799,CAPTAIN MORGAN ORIGINAL SPICED BARREL,6,1750,18.99,28.49,6,170.94,10.50,2.77
INV-65793000013,2023-12-29T00:00:00.000,5257,MAD AVE QUIK SHOP,"405, MADISON AVE",OTTUMWA,52501,POINT (-92.410724998 40.998942),,WAPELLO,1011200,STRAIGHT BOURBON WHISKIES,065,JIM BEAM BRANDS,19477,MAKERS MARK,12,1000,22.50,33.75,12,405.00,12.00,3.17
INV-65793000014,2023-12-29T00:00:00.000,5257,MAD AVE QUIK SHOP,"405, MADISON AVE",OTTUMWA,52501,POINT (-92.410724998 40.998942),,WAPELLO,1011100,BLENDED WHISKIES,260,DIAGEO AMERICAS,25607,SEAGRAMS 7 CROWN,12,1000,8.49,12.74,12,152.88,12.00,3.17
INV-65793000015,2023-12-29T00:00:00.000,5257,MAD AVE QUIK SHOP,"405, MADISON AVE",OTTUMWA,52501,POINT (-92.410724998 40.998942),,WAPELLO,1011400,TENNESSEE WHISKIES,085,BROWN FORMAN CORP.,26827,JACK DANIELS OLD #7 BLACK LABEL,12,1000,20.27,30.41,36,1094.76,36.00,9.51
INV-65793000016,2023-12-29T00:00:00.000,5257,MAD AVE QUIK SHOP,"405, MADISON AVE",OTTUMWA,52501,POINT (-92.410724998 40.998942),,WAPELLO,1011100,BLENDED WHISKIES,065,JIM BEAM BRANDS,27782,JIM BEAM APPLE,24,375,5.60,8.40,24,201.60,9.00,2.37
INV-65793000017,2023-12-29T00:00:00.000,5257,MAD AVE QUIK SHOP,"405, MADISON AVE",OTTUMWA,52501,POINT (-92.410724998 40.998942),,WAPELLO,1032100,IMPORTED VODKAS,370,PERNOD RICARD USA,34007,ABSOLUT SWEDISH VODKA 80PRF,12,1000,14.99,22.49,24,539.76,24.00,6.34
INV-65793000018,2023-12-29T00:00:00.000,5257,MAD AVE QUIK SHOP,"405, MADISON AVE",OTTUMWA,52501,POINT (-92.410724998 40.998942),,WAPELLO,1032100,IMPORTED VODKAS,035,BACARDI USA INC,34423,GREY GOOSE,12,375,8.50,12.75,3,38.25,1.12,0.29
INV-65793000019,2023-12-29T00:00:00.000,5257,MAD AVE QUIK SHOP,"405, MADISON AVE",OTTUMWA,52501,POINT (-92.410724998 40.998942),,WAPELLO,1031100,AMERICAN VODKAS,434,LUXCO INC,36308,HAWKEYE VODKA,6,1750,7.50,11.25,6,67.50,10.50,2.77
INV-65793000020,2023-12-29T00:00:00.000,5257,MAD AVE QUIK SHOP,"405, MADISON AVE",OTTUMWA,52501,POINT (-92.410724998 40.998942),,WAPELLO,1031100,AMERICAN VODKAS,421,SAZERAC COMPANY  INC,37418,POPOV 80PRF,6,1750,8.50,12.75,6,76.50,10.50,2.77
INV-65793000021,2023-12-29T00:00:00.000,5257,MAD AVE QUIK SHOP,"405, MADISON AVE",OTTUMWA,52501,POINT (-92.410724998 40.998942),,WAPELLO,1031100,AMERICAN VODKAS,260,DIAGEO AMERICAS,37997,SMIRNOFF 80PRF,12,1000,9.25,13.88,12,166.56,12.00,3.17
INV-65793000022,2023-12-29T00:00:00.000,5257,MAD AVE QUIK SHOP,"405, MADISON AVE",OTTUMWA,52501,POINT (-92.410724998 40.998942),,WAPELLO,1031100,AMERICAN VODKAS,301,FIFTH GENERATION INC,38176,TITOS HANDMADE VODKA,12,750,10.00,15.00,120,1800.00,90.00,23.77
INV-65793000023,2023-12-29T00:00:00.000,5257,MAD AVE QUIK SHOP,"405, MADISON AVE",OTTUMWA,52501,POINT (-92.410724998 40.998942),,WAPELLO,1031100,AMERICAN VODKAS,301,FIFTH GENERATION INC,38178,TITOS HANDMADE VODKA,6,1750,19.00,28.50,6,171.00,10.50,2.77
INV-65793000024,2023-12-29T00:00:00.000,5257,MAD AVE QUIK SHOP,"405, MADISON AVE",OTTUMWA,52501,POINT (-92.410724998 40.998942),,WAPELLO,1062500,FLAVORED RUM,370,PERNOD RICARD USA,42716,MALIBU COCONUT,12,750,8.99,13.49,12,161.88,9.00,2.37
INV-65793000025,2023-12-29T00:00:00.000,5257,MAD AVE QUIK SHOP,"405, MADISON AVE",OTTUMWA,52501,POINT (-92.410724998 40.998942),,WAPELLO,1062500,FLAVORED RUM,370,PERNOD RICARD USA,42717,MALIBU COCONUT,12,1000,11.99,17.99,12,215.88,12.00,3.17
INV-65793000026,2023-12-29T00:00:00.000,5257,MAD AVE QUIK SHOP,"405, MADISON AVE",OTTUMWA,52501,POINT (-92.410724998 40.998942),,WAPELLO,1062400,SPICED RUM,260,DIAGEO AMERICAS,43337,CAPTAIN MORGAN ORIGINAL SPICED,12,1000,12.99,19.49,36,701.64,36.00,9.51
INV-65793000027,2023-12-29T00:00:00.000,5257,MAD AVE QUIK SHOP,"405, MADISON AVE",OTTUMWA,52501,POINT (-92.410724998 40.998942),,WAPELLO,1062500,FLAVORED RUM,065,JIM BEAM BRANDS,44419,CRUZAN BLACK CHERRY,12,750,7.00,10.50,12,126.00,9.00,2.37
INV-65793000028,2023-12-29T00:00:00.000,5257,MAD AVE QUIK SHOP,"405, MADISON AVE",OTTUMWA,52501,POINT (-92.410724998 40.998942),,WAPELLO,1062500,FLAVORED RUM,065,JIM BEAM BRANDS,44428,CRUZAN BLUEBERRY LEMONADE,12,750,7.00,10.50,36,378.00,27.00,7.13
INV-65793000029,2023-12-29T00:00:00.000,5257,MAD AVE QUIK SHOP,"405, MADISON AVE",OTTUMWA,52501,POINT (-92.410724998 40.998942),,WAPELLO,1062300,AGED DARK RUM,065,JIM BEAM BRANDS,44551,CRUZAN HURRICANE PROOF,12,750,10.00,15.00,24,360.00,18.00,4.75
INV-65793000030,2023-12-29T00:00:00.000,5257,MAD AVE QUIK SHOP,"405, MADISON AVE",OTTUMWA,52501,POINT (-92.410724998 40.998942),,WAPELLO,1062100,GOLD RUM,434,LUXCO INC,45248,PARAMOUNT GOLD RUM,6,1750,8.00,12.00,6,72.00,10.50,2.77
INV-65793000031,2023-12-29T00:00:00.000,5257,MAD AVE QUIK SHOP,"405, MADISON AVE",OTTUMWA,52501,POINT (-92.410724998 40.998942),,WAPELLO,1062500,FLAVORED RUM,370,PERNOD RICARD USA,46550,MALIBU COCONUT MINI,12,50,9.90,14.85,12,178.20,0.60,0.15
INV-65793000032,2023-12-29T00:00:00.000,5257,MAD AVE QUIK SHOP,"405, MADISON AVE",OTTUMWA,52501,POINT (-92.410724998 40.998942),,WAPELLO,1081600,WHISKEY LIQUEUR,421,SAZERAC COMPANY  INC,64863,FIREBALL CINNAMON WHISKEY,48,200,2.50,3.75,48,180.00,9.60,2.53
INV-65793000033,2023-12-29T00:00:00.000,5257,MAD AVE QUIK SHOP,"405, MADISON AVE",OTTUMWA,52501,POINT (-92.410724998 40.998942),,WAPELLO,1081600,WHISKEY LIQUEUR,421,SAZERAC COMPANY  INC,64867,FIREBALL CINNAMON WHISKEY,12,1000,12.00,18.00,12,216.00,12.00,3.17
INV-65793000034,2023-12-29T00:00:00.000,5257,MAD AVE QUIK SHOP,"405, MADISON AVE",OTTUMWA,52501,POINT (-92.410724998 40.998942),,WAPELLO,1081600,WHISKEY LIQUEUR,421,SAZERAC COMPANY  INC,64870,FIREBALL CINNAMON WHISKEY,48,100,1.00,1.50,48,72.00,4.80,1.26
INV-65793000035,2023-12-29T00:00:00.000,5257,MAD AVE QUIK SHOP,"405, MADISON AVE",OTTUMWA,52501,POINT (-92.410724998 40.998942),,WAPELLO,1082100,IMPORTED CORDIALS & LIQUEURS,192,"MAST-JAGERMEISTER US, INC",65257,JAGERMEISTER LIQUEUR,12,1000,17.42,26.13,12,313.56,12.00,3.17
INV-65793000036,2023-12-29T00:00:00.000,5257,MAD AVE QUIK SHOP,"405, MADISON AVE",OTTUMWA,52501,POINT (-92.410724998 40.998942),,WAPELLO,1082100,IMPORTED CORDIALS & LIQUEURS,368,PARK STREET IMPORTS,65427,LICOR 43 ORIGINAL LIQUEUR,12,1000,18.00,27.00,12,324.00,12.00,3.17
INV-65793000037,2023-12-29T00:00:00.000,5257,MAD AVE QUIK SHOP,"405, MADISON AVE",OTTUMWA,52501,POINT (-92.410724998 40.998942),,WAPELLO,1081100,COFFEE LIQUEURS,370,PERNOD RICARD USA,67524,KAHLUA COFFEE,24,375,8.99,13.49,2,26.98,0.75,0.19
INV-65793000038,2023-12-29T00:00:00.000,5257,MAD AVE QUIK SHOP,"405, MADISON AVE",OTTUMWA,52501,POINT (-92.410724998 40.998942),,WAPELLO,1082200,IMPORTED SCHNAPPS,421,SAZERAC COMPANY  INC,69611,DR MCGILLICUDDYS APPLE PIE,12,750,8.89,13.34,12,155.88,9.00,2.37
INV-65793000039,2023-12-29T00:00:00.000,5257,MAD AVE QUIK SHOP,"405, MADISON AVE",OTTUMWA,52501,POINT (-92.410724998 40.998942),,WAPELLO,1082200,IMPORTED SCHNAPPS,421,SAZERAC COMPANY  INC,69637,DR MCGILLICUDDYS CHERRY,12,1000,11.25,16.88,12,198.00,12.00,3.17
INV-65793000040,2023-12-29T00:00:00.000,5257,MAD AVE QUIK SHOP,"405, MADISON AVE",OTTUMWA,52501,POINT (-92.410724998 40.998942),,WAPELLO,1082200,IMPORTED SCHNAPPS,260,DIAGEO AMERICAS,69947,RUMPLE MINZE PEPPERMINT SCHNAPPS LIQUEUR,12,1000,16.99,25.49,12,305.88,12.00,3.17
INV-65793000041,2023-12-29T00:00:00.000,5257,MAD AVE QUIK SHOP,"405, MADISON AVE",OTTUMWA,52501,POINT (-92.410724998 40.998942),,WAPELLO,1031200,AMERICAN FLAVORED VODKA,772,INTERCONTINENTAL PACKAGING COMPANY/PRESTIGE BEVERAGE GROUP,75210,KINKY PINK,6,750,10.00,15.00,6,90.00,4.50,1.18
INV-65793000042,2023-12-29T00:00:00.000,5257,MAD AVE QUIK SHOP,"405, MADISON AVE",OTTUMWA,52501,POINT (-92.410724998 40.998942),,WAPELLO,1081300,AMERICAN CORDIALS & LIQUEURS,259,HEAVEN HILL BRANDS,76478,PAMA POMEGRANATE LIQUEUR,6,750,12.00,18.00,6,108.00,4.50,1.18
INV-65793000043,2023-12-29T00:00:00.000,5257,MAD AVE QUIK SHOP,"405, MADISON AVE",OTTUMWA,52501,POINT (-92.410724998 40.998942),,WAPELLO,1081300,AMERICAN CORDIALS & LIQUEURS,434,LUXCO INC,76487,PARAMOUNT AMARETTO,12,1000,4.30,6.45,12,77.40,12.00,3.17
INV-65793000044,2023-12-29T00:00:00.000,5257,MAD AVE QUIK SHOP,"405, MADISON AVE",OTTUMWA,52501,POINT (-92.410724998 40.998942),,WAPELLO,1031200,AMERICAN FLAVORED VODKA,260,DIAGEO AMERICAS,77741,SMIRNOFF RASPBERRY,12,1000,9.25,13.88,12,166.56,12.00,3.17
INV-65793000045,2023-12-29T00:00:00.000,5257,MAD AVE QUIK SHOP,"405, MADISON AVE",OTTUMWA,52501,POINT (-92.410724998 40.998942),,WAPELLO,1091300,NEUTRAL GRAIN SPIRITS FLAVORED,346,OLE SMOKY DISTILLERY LLC,80363,OLE SMOKY BANANA PUDDING CREAM MOONSHINE,6,750,13.00,19.50,6,117.00,4.50,1.18
INV-65793000046,2023-12-29T00:00:00.000,5257,MAD AVE QUIK SHOP,"405, MADISON AVE",OTTUMWA,52501,POINT (-92.410724998 40.998942),,WAPELLO,1091300,NEUTRAL GRAIN SPIRITS FLAVORED,346,OLE SMOKY DISTILLERY LLC,80365,OLE SMOKY WHITE CHOCOLATE STRAWBERRY CREAM,6,750,13.00,19.50,6,117.00,4.50,1.18
INV-65793000047,2023-12-29T00:00:00.000,5257,MAD AVE QUIK SHOP,"405, MADISON AVE",OTTUMWA,52501,POINT (-92.410724998 40.998942),,WAPELLO,1081400,AMERICAN SCHNAPPS,434,LUXCO INC,81208,PARAMOUNT PEPPERMINT SCHNAPPS,6,1750,8.00,12.00,6,72.00,10.50,2.77
INV-65793000048,2023-12-29T00:00:00.000,5257,MAD AVE QUIK SHOP,"405, MADISON AVE",OTTUMWA,52501,POINT (-92.410724998 40.998942),,WAPELLO,1081400,AMERICAN SCHNAPPS,065,JIM BEAM BRANDS,82627,DEKUYPER CHERRY PUCKER,12,1000,7.87,11.81,12,141.72,12.00,3.17
INV-65793000049,2023-12-29T00:00:00.000,5257,MAD AVE QUIK SHOP,"405, MADISON AVE",OTTUMWA,52501,POINT (-92.410724998 40.998942),,WAPELLO,1081400,AMERICAN SCHNAPPS,065,JIM BEAM BRANDS,82637,DEKUYPER GRAPE PUCKER,12,1000,7.87,11.81,12,141.72,12.00,3.17
INV-65793000050,2023-12-29T00:00:00.000,5257,MAD AVE QUIK SHOP,"405, MADISON AVE",OTTUMWA,52501,POINT (-92.410724998 40.998942),,WAPELLO,1081500,TRIPLE SEC,434,LUXCO INC,86507,PARAMOUNT TRIPLE SEC,12,1000,4.09,6.14,12,73.68,12.00,3.17
INV-65793000051,2023-12-29T00:00:00.000,5257,MAD AVE QUIK SHOP,"405, MADISON AVE",OTTUMWA,52501,POINT (-92.410724998 40.998942),,WAPELLO,1011400,TENNESSEE WHISKIES,085,BROWN FORMAN CORP.,86691,JACK DANIELS TENNESSEE FIRE MINI,12,50,11.50,17.25,12,207.00,0.60,0.15
INV-65793000052,2023-12-29T00:00:00.000,5257,MAD AVE QUIK SHOP,"405, MADISON AVE",OTTUMWA,52501,POINT (-92.410724998 40.998942),,WAPELLO,1081600,WHISKEY LIQUEUR,421,SAZERAC COMPANY  INC,86887,SOUTHERN COMFORT,12,1000,12.97,19.46,12,233.52,12.00,3.17
INV-65793000053,2023-12-29T00:00:00.000,5257,MAD AVE QUIK SHOP,"405, MADISON AVE",OTTUMWA,52501,POINT (-92.410724998 40.998942),,WAPELLO,1011100,BLENDED WHISKIES,370,PERNOD RICARD USA,87050,SKREWBALL PEANUT BUTTER WHISKEY,6,1000,18.98,28.47,6,170.82,6.00,1.58
INV-65793000054,2023-12-29T00:00:00.000,5257,MAD AVE QUIK SHOP,"405, MADISON AVE",OTTUMWA,52501,POINT (-92.410724998 40.998942),,WAPELLO,1022200,100% AGAVE TEQUILA,395,PROXIMO,87511,1800 SILVER,6,1000,19.00,28.50,6,171.00,6.00,1.58
INV-65793000055,2023-12-29T00:00:00.000,5257,MAD AVE QUIK SHOP,"405, MADISON AVE",OTTUMWA,52501,POINT (-92.410724998 40.998942),,WAPELLO,1022200,100% AGAVE TEQUILA,259,HEAVEN HILL BRANDS,88018,LUNAZUL BLANCO,12,750,13.50,20.25,12,243.00,9.00,2.37
INV-65793000056,2023-12-29T00:00:00.000,5257,MAD AVE QUIK SHOP,"405, MADISON AVE",OTTUMWA,52501,POINT (-92.410724998 40.998942),,WAPELLO,1022200,100% AGAVE TEQUILA,035,BACARDI USA INC,89121,CAZADORES REPOSADO,12,750,14.50,21.75,12,261.00,9.00,2.37
INV-65793000057,2023-12-29T00:00:00.000,5257,MAD AVE QUIK SHOP,"405, MADISON AVE",OTTUMWA,52501,POINT (-92.410724998 40.998942),,WAPELLO,1022100,MIXTO TEQUILA,395,PROXIMO,89197,JOSE CUERVO ESPECIAL REPOSADO,12,1000,15.00,22.50,12,261.00,12.00,3.17
INV-65793000058,2023-12-29T00:00:00.000,5257,MAD AVE QUIK SHOP,"405, MADISON AVE",OTTUMWA,52501,POINT (-92.410724998 40.998942),,WAPELLO,1091300,NEUTRAL GRAIN SPIRITS FLAVORED,346,OLE SMOKY DISTILLERY LLC,980374,SOOH OLE SMOKY MOUNTAIN JAVA CREAM MOONSHINE,6,750,13.00,19.50,6,117.00,4.50,1.18
INV-65793100001,2023-12-29T00:00:00.000,3916,SMOKIN' JOE'S #5 TOBACCO AND LIQUOR OUTLET,1115 ALBIA RD,OTTUMWA,52501,POINT (-92.437173004 41.009573983),,WAPELLO,1012100,CANADIAN WHISKIES,260,DIAGEO AMERICAS,11294,CROWN ROYAL,24,375,8.49,12.74,4,50.96,1.50,0.39
INV-65793100002,2023-12-29T00:00:00.000,3916,SMOKIN' JOE'S #5 TOBACCO AND LIQUOR OUTLET,1115 ALBIA RD,OTTUMWA,52501,POINT (-92.437173004 41.009573983),,WAPELLO,1012100,CANADIAN WHISKIES,421,SAZERAC COMPANY  INC,12408,CANADIAN LTD WHISKY,6,1750,10.00,15.00,6,90.00,10.50,2.77
INV-65793100003,2023-12-29T00:00:00.000,3916,SMOKIN' JOE'S #5 TOBACCO AND LIQUOR OUTLET,1115 ALBIA RD,OTTUMWA,52501,POINT (-92.437173004 41.009573983),,WAPELLO,1011200,STRAIGHT BOURBON WHISKIES,065,JIM BEAM BRANDS,19061,JIM BEAM MINI,12,50,7.00,10.50,12,126.00,0.60,0.15
INV-65793100004,2023-12-29T00:00:00.000,3916,SMOKIN' JOE'S #5 TOBACCO AND LIQUOR OUTLET,1115 ALBIA RD,OTTUMWA,52501,POINT (-92.437173004 41.009573983),,WAPELLO,1011100,BLENDED WHISKIES,297,LAIRD & COMPANY,23824,FIVE STAR,24,375,2.09,3.14,24,75.36,9.00,2.37
INV-65793100005,2023-12-29T00:00:00.000,3916,SMOKIN' JOE'S #5 TOBACCO AND LIQUOR OUTLET,1115 ALBIA RD,OTTUMWA,52501,POINT (-92.437173004 41.009573983),,WAPELLO,1011100,BLENDED WHISKIES,297,LAIRD & COMPANY,23826,FIVE STAR,12,750,4.13,6.20,12,74.40,9.00,2.37
INV-65793100006,2023-12-29T00:00:00.000,3916,SMOKIN' JOE'S #5 TOBACCO AND LIQUOR OUTLET,1115 ALBIA RD,OTTUMWA,52501,POINT (-92.437173004 41.009573983),,WAPELLO,1011400,TENNESSEE WHISKIES,085,BROWN FORMAN CORP.,26826,JACK DANIELS OLD #7 BLACK LABEL,12,750,15.91,23.87,12,286.44,9.00,2.37
INV-65793100007,2023-12-29T00:00:00.000,3916,SMOKIN' JOE'S #5 TOBACCO AND LIQUOR OUTLET,1115 ALBIA RD,OTTUMWA,52501,POINT (-92.437173004 41.009573983),,WAPELLO,1031100,AMERICAN VODKAS,297,LAIRD & COMPANY,35926,FIVE O'CLOCK VODKA PET,12,750,3.52,5.28,12,63.36,9.00,2.37
INV-65793100008,2023-12-29T00:00:00.000,3916,SMOKIN' JOE'S #5 TOBACCO AND LIQUOR OUTLET,1115 ALBIA RD,OTTUMWA,52501,POINT (-92.437173004 41.009573983),,WAPELLO,1031100,AMERICAN VODKAS,434,LUXCO INC,36308,HAWKEYE VODKA,6,1750,7.50,11.25,6,67.50,10.50,2.77
INV-65793100009,2023-12-29T00:00:00.000,3916,SMOKIN' JOE'S #5 TOBACCO AND LIQUOR OUTLET,1115 ALBIA RD,OTTUMWA,52501,POINT (-92.437173004 41.009573983),,WAPELLO,1031100,AMERICAN VODKAS,300,MCCORMICK DISTILLING CO.,36903,MCCORMICK 80PRF VODKA,48,200,1.19,1.79,48,85.92,9.60,2.53
INV-65793100010,2023-12-29T00:00:00.000,3916,SMOKIN' JOE'S #5 TOBACCO AND LIQUOR OUTLET,1115 ALBIA RD,OTTUMWA,52501,POINT (-92.437173004 41.009573983),,WAPELLO,1031100,AMERICAN VODKAS,300,MCCORMICK DISTILLING CO.,36908,MCCORMICK 80PRF VODKA PET,6,1750,8.24,12.36,6,74.16,10.50,2.77
INV-65793100011,2023-12-29T00:00:00.000,3916,SMOKIN' JOE'S #5 TOBACCO AND LIQUOR OUTLET,1115 ALBIA RD,OTTUMWA,52501,POINT (-92.437173004 41.009573983),,WAPELLO,1062400,SPICED RUM,260,DIAGEO AMERICAS,43331,CAPTAIN MORGAN ORIGINAL SPICED MINI,12,50,4.80,7.20,3,21.60,0.15,0.03
INV-65793100012,2023-12-29T00:00:00.000,3916,SMOKIN' JOE'S #5 TOBACCO AND LIQUOR OUTLET,1115 ALBIA RD,OTTUMWA,52501,POINT (-92.437173004 41.009573983),,WAPELLO,1081600,WHISKEY LIQUEUR,421,SAZERAC COMPANY  INC,64858,FIREBALL CINNAMON WHISKEY MINI DISPENSER,1,50,25.80,38.70,1,38.70,0.05,0.01
INV-65793100013,2023-12-29T00:00:00.000,3916,SMOKIN' JOE'S #5 TOBACCO AND LIQUOR OUTLET,1115 ALBIA RD,OTTUMWA,52501,POINT (-92.437173004 41.009573983),,WAPELLO,1081600,WHISKEY LIQUEUR,421,SAZERAC COMPANY  INC,64870,FIREBALL CINNAMON WHISKEY,48,100,1.00,1.50,48,72.00,4.80,1.26
INV-65793100014,2023-12-29T00:00:00.000,3916,SMOKIN' JOE'S #5 TOBACCO AND LIQUOR OUTLET,1115 ALBIA RD,OTTUMWA,52501,POINT (-92.437173004 41.009573983),,WAPELLO,1082100,IMPORTED CORDIALS & LIQUEURS,192,"MAST-JAGERMEISTER US, INC",65254,JAGERMEISTER LIQUEUR,24,375,7.68,11.52,2,23.04,0.75,0.19
INV-65793100015,2023-12-29T00:00:00.000,3916,SMOKIN' JOE'S #5 TOBACCO AND LIQUOR OUTLET,1115 ALBIA RD,OTTUMWA,52501,POINT (-92.437173004 41.009573983),,WAPELLO,1081200,CREAM LIQUEURS,205,E & J GALLO WINERY,73051,RUMCHATA MINI,12,50,8.87,13.31,1,13.31,0.05,0.01
INV-65793100016,2023-12-29T00:00:00.000,3916,SMOKIN' JOE'S #5 TOBACCO AND LIQUOR OUTLET,1115 ALBIA RD,OTTUMWA,52501,POINT (-92.437173004 41.009573983),,WAPELLO,1081400,AMERICAN SCHNAPPS,421,SAZERAC COMPANY  INC,84172,99 BANANAS MINI,1,50,51.60,77.40,1,77.40,0.05,0.01
INV-65793100017,2023-12-29T00:00:00.000,3916,SMOKIN' JOE'S #5 TOBACCO AND LIQUOR OUTLET,1115 ALBIA RD,OTTUMWA,52501,POINT (-92.437173004 41.009573983),,WAPELLO,1081600,WHISKEY LIQUEUR,421,SAZERAC COMPANY  INC,86881,SOUTHERN COMFORT MINI,10,50,5.16,7.74,1,7.74,0.05,0.01
INV-65793200001,2023-12-29T00:00:00.000,4069,FAREWAY STORES #648 / OTTUMWA,1325 ALBIA RD,OTTUMWA,52501,POINT (-92.440305991 41.010385016),,WAPELLO,1012200,SCOTCH WHISKIES,065,JIM BEAM BRANDS,905433,HA LAPHROAIG QUARTER CASK,6,750,31.49,47.24,1,47.24,0.75,0.19
INV-65793300001,2023-12-29T00:00:00.000,4069,FAREWAY STORES #648 / OTTUMWA,1325 ALBIA RD,OTTUMWA,52501,POINT (-92.440305991 41.010385016),,WAPELLO,1701100,TEMPORARY & SPECIALTY PACKAGES,305,MHW LTD,102192,BLUE CHAIR BAY COCONUT RUM 2023 COMMEMORATIVE WRAP,12,750,10.49,15.74,12,188.88,9.00,2.37
INV-65793300002,2023-12-29T00:00:00.000,4069,FAREWAY STORES #648 / OTTUMWA,1325 ALBIA RD,OTTUMWA,52501,POINT (-92.440305991 41.010385016),,WAPELLO,1012100,CANADIAN WHISKIES,395,PROXIMO,14199,PENDLETON CANADIAN WHISKEY,6,1750,27.50,41.25,6,247.50,10.50,2.77
INV-65793300004,2023-12-29T00:00:00.000,4069,FAREWAY STORES #648 / OTTUMWA,1325 ALBIA RD,OTTUMWA,52501,POINT (-92.440305991 41.010385016),,WAPELLO,1011200,STRAIGHT BOURBON WHISKIES,260,DIAGEO AMERICAS,16832,BLADE & BOW,6,750,25.00,37.50,6,225.00,4.50,1.18
INV-65793300005,2023-12-29T00:00:00.000,4069,FAREWAY STORES #648 / OTTUMWA,1325 ALBIA RD,OTTUMWA,52501,POINT (-92.440305991 41.010385016),,WAPELLO,1011200,STRAIGHT BOURBON WHISKIES,125,CEDAR RIDGE VINEYARDS LL,17207,CEDAR RIDGE BARREL PROOF,6,750,23.00,34.50,6,207.00,4.50,1.18
INV-65793300006,2023-12-29T00:00:00.000,4069,FAREWAY STORES #648 / OTTUMWA,1325 ALBIA RD,OTTUMWA,52501,POINT (-92.440305991 41.010385016),,WAPELLO,1011200,STRAIGHT BOURBON WHISKIES,259,HEAVEN HILL BRANDS,17956,EVAN WILLIAMS BLACK,12,750,9.00,13.50,12,162.00,9.00,2.37
INV-65793300007,2023-12-29T00:00:00.000,4069,FAREWAY STORES #648 / OTTUMWA,1325 ALBIA RD,OTTUMWA,52501,POINT (-92.440305991 41.010385016),,WAPELLO,1011200,STRAIGHT BOURBON WHISKIES,259,HEAVEN HILL BRANDS,17958,EVAN WILLIAMS BLACK,6,1750,17.00,25.50,6,153.00,10.50,2.77
INV-65793300008,2023-12-29T00:00:00.000,4069,FAREWAY STORES #648 / OTTUMWA,1325 ALBIA RD,OTTUMWA,52501,POINT (-92.440305991 41.010385016),,WAPELLO,1701100,TEMPORARY & SPECIALTY PACKAGES,065,JIM BEAM BRANDS,19236,BP KNOB CREEK SINGLE BARREL,6,750,25.00,37.50,1,37.50,0.75,0.19
INV-65793300009,2023-12-29T00:00:00.000,4069,FAREWAY STORES #648 / OTTUMWA,1325 ALBIA RD,OTTUMWA,52501,POINT (-92.440305991 41.010385016),,WAPELLO,1011200,STRAIGHT BOURBON WHISKIES,065,JIM BEAM BRANDS,20247,OLD CROW,12,1000,5.00,7.50,12,90.00,12.00,3.17
INV-65793300010,2023-12-29T00:00:00.000,4069,FAREWAY STORES #648 / OTTUMWA,1325 ALBIA RD,OTTUMWA,52501,POINT (-92.440305991 41.010385016),,WAPELLO,1011200,STRAIGHT BOURBON WHISKIES,065,JIM BEAM BRANDS,20248,OLD CROW,6,1750,10.50,15.75,6,94.50,10.50,2.77
INV-65793300011,2023-12-29T00:00:00.000,4069,FAREWAY STORES #648 / OTTUMWA,1325 ALBIA RD,OTTUMWA,52501,POINT (-92.440305991 41.010385016),,WAPELLO,1011200,STRAIGHT BOURBON WHISKIES,085,BROWN FORMAN CORP.,20375,OLD FORESTER STATESMAN,6,750,29.00,43.50,6,261.00,4.50,1.18
INV-65793300012,2023-12-29T00:00:00.000,4069,FAREWAY STORES #648 / OTTUMWA,1325 ALBIA RD,OTTUMWA,52501,POINT (-92.440305991 41.010385016),,WAPELLO,1011200,STRAIGHT BOURBON WHISKIES,085,BROWN FORMAN CORP.,22228,WOODFORD RESERVE DOUBLE OAKED,6,750,32.50,48.75,6,292.50,4.50,1.18
INV-65793300013,2023-12-29T00:00:00.000,4069,FAREWAY STORES #648 / OTTUMWA,1325 ALBIA RD,OTTUMWA,52501,POINT (-92.440305991 41.010385016),,WAPELLO,1012300,SINGLE MALT SCOTCH,125,CEDAR RIDGE VINEYARDS LL,26474,CEDAR RIDGE QUINTESSENTIAL AMERICAN SINGLE MALT,6,750,29.84,44.76,6,268.56,4.50,1.18
INV-65793300014,2023-12-29T00:00:00.000,4069,FAREWAY STORES #648 / OTTUMWA,1325 ALBIA RD,OTTUMWA,52501,POINT (-92.440305991 41.010385016),,WAPELLO,1041100,AMERICAN DRY GINS,205,E & J GALLO WINERY,31473,NEW AMSTERDAM GIN,6,1750,16.00,24.00,6,144.00,10.50,2.77
INV-65793300015,2023-12-29T00:00:00.000,4069,FAREWAY STORES #648 / OTTUMWA,1325 ALBIA RD,OTTUMWA,52501,POINT (-92.440305991 41.010385016),,WAPELLO,1041100,AMERICAN DRY GINS,434,LUXCO INC,31658,PARAMOUNT GIN,6,1750,7.75,11.63,6,69.78,10.50,2.77
INV-65793300016,2023-12-29T00:00:00.000,4069,FAREWAY STORES #648 / OTTUMWA,1325 ALBIA RD,OTTUMWA,52501,POINT (-92.440305991 41.010385016),,WAPELLO,1031100,AMERICAN VODKAS,297,LAIRD & COMPANY,35918,FIVE O'CLOCK VODKA,6,1750,7.72,11.58,6,69.48,10.50,2.77
INV-65793300017,2023-12-29T00:00:00.000,4069,FAREWAY STORES #648 / OTTUMWA,1325 ALBIA RD,OTTUMWA,52501,POINT (-92.440305991 41.010385016),,WAPELLO,1031100,AMERICAN VODKAS,260,DIAGEO AMERICAS,38006,SMIRNOFF 80PRF PET,12,750,8.25,12.38,12,148.56,9.00,2.37
INV-65793300018,2023-12-29T00:00:00.000,4069,FAREWAY STORES #648 / OTTUMWA,1325 ALBIA RD,OTTUMWA,52501,POINT (-92.440305991 41.010385016),,WAPELLO,1081200,CREAM LIQUEURS,260,DIAGEO AMERICAS,68036,BAILEYS ORIGINAL IRISH CREAM,12,750,16.49,24.74,12,296.88,9.00,2.37
INV-65793300019,2023-12-29T00:00:00.000,4069,FAREWAY STORES #648 / OTTUMWA,1325 ALBIA RD,OTTUMWA,52501,POINT (-92.440305991 41.010385016),,WAPELLO,1031200,AMERICAN FLAVORED VODKA,260,DIAGEO AMERICAS,77858,SMIRNOFF WHIPPED CREAM,12,750,8.25,12.38,12,148.56,9.00,2.37
INV-65793300020,2023-12-29T00:00:00.000,4069,FAREWAY STORES #648 / OTTUMWA,1325 ALBIA RD,OTTUMWA,52501,POINT (-92.440305991 41.010385016),,WAPELLO,1081400,AMERICAN SCHNAPPS,434,LUXCO INC,81206,PARAMOUNT PEPPERMINT SCHNAPPS,12,750,4.25,6.38,3,19.14,2.25,0.59
INV-65793300021,2023-12-29T00:00:00.000,4069,FAREWAY STORES #648 / OTTUMWA,1325 ALBIA RD,OTTUMWA,52501,POINT (-92.440305991 41.010385016),,WAPELLO,1011200,STRAIGHT BOURBON WHISKIES,085,BROWN FORMAN CORP.,920374,SOOH OLD FORESTER 1910,6,750,29.00,43.50,6,261.00,4.50,1.18
INV-65793400001,2023-12-29T00:00:00.000,2543,HY-VEE FOOD STORE #1 (1504) / OTTUMWA,1025 NORTH QUINCY AVE,OTTUMWA,52501,POINT (-92.440066017 41.015284993),,WAPELLO,1012100,CANADIAN WHISKIES,260,DIAGEO AMERICAS,10776,CROWN ROYAL PEACH,24,375,8.49,12.74,10,127.40,3.75,0.99
INV-65793400002,2023-12-29T00:00:00.000,2543,HY-VEE FOOD STORE #1 (1504) / OTTUMWA,1025 NORTH QUINCY AVE,OTTUMWA,52501,POINT (-92.440066017 41.015284993),,WAPELLO,1012100,CANADIAN WHISKIES,260,DIAGEO AMERICAS,11299,CROWN ROYAL,44,200,5.00,7.50,44,330.00,8.80,2.32
INV-65793400003,2023-12-29T00:00:00.000,2543,HY-VEE FOOD STORE #1 (1504) / OTTUMWA,1025 NORTH QUINCY AVE,OTTUMWA,52501,POINT (-92.440066017 41.015284993),,WAPELLO,1011200,STRAIGHT BOURBON WHISKIES,065,JIM BEAM BRANDS,19062,JIM BEAM,48,100,1.40,2.10,48,100.80,4.80,1.26
INV-65793400004,2023-12-29T00:00:00.000,2543,HY-VEE FOOD STORE #1 (1504) / OTTUMWA,1025 NORTH QUINCY AVE,OTTUMWA,52501,POINT (-92.440066017 41.015284993),,WAPELLO,1011200,STRAIGHT BOURBON WHISKIES,065,JIM BEAM BRANDS,19063,JIM BEAM,48,200,3.63,5.45,5,27.25,1.00,0.26
INV-65793400005,2023-12-29T00:00:00.000,2543,HY-VEE FOOD STORE #1 (1504) / OTTUMWA,1025 NORTH QUINCY AVE,OTTUMWA,52501,POINT (-92.440066017 41.015284993),,WAPELLO,1011200,STRAIGHT BOURBON WHISKIES,065,JIM BEAM BRANDS,19475,MAKERS MARK REPLICA,12,375,9.33,14.00,2,28.00,0.75,0.19
INV-65793400006,2023-12-29T00:00:00.000,2543,HY-VEE FOOD STORE #1 (1504) / OTTUMWA,1025 NORTH QUINCY AVE,OTTUMWA,52501,POINT (-92.440066017 41.015284993),,WAPELLO,1011100,BLENDED WHISKIES,065,JIM BEAM BRANDS,24454,KESSLER BLEND WHISKEY,24,375,3.15,4.73,5,23.65,1.87,0.49
INV-65793400007,2023-12-29T00:00:00.000,2543,HY-VEE FOOD STORE #1 (1504) / OTTUMWA,1025 NORTH QUINCY AVE,OTTUMWA,52501,POINT (-92.440066017 41.015284993),,WAPELLO,1011100,BLENDED WHISKIES,492,WESTERN SPIRITS BEVERAGE,26160,BIRD DOG APPLE MINI,6,50,5.00,7.50,3,22.50,0.15,0.03
INV-65793400008,2023-12-29T00:00:00.000,2543,HY-VEE FOOD STORE #1 (1504) / OTTUMWA,1025 NORTH QUINCY AVE,OTTUMWA,52501,POINT (-92.440066017 41.015284993),,WAPELLO,1011100,BLENDED WHISKIES,492,WESTERN SPIRITS BEVERAGE,26162,BIRD DOG BLACKBERRY MINI,6,50,5.00,7.50,2,15.00,0.10,0.02
INV-65793400009,2023-12-29T00:00:00.000,2543,HY-VEE FOOD STORE #1 (1504) / OTTUMWA,1025 NORTH QUINCY AVE,OTTUMWA,52501,POINT (-92.440066017 41.015284993),,WAPELLO,1011100,BLENDED WHISKIES,492,WESTERN SPIRITS BEVERAGE,26172,BIRD DOG PEACH MINI,6,50,5.00,7.50,3,22.50,0.15,0.03
INV-65793400010,2023-12-29T00:00:00.000,2543,HY-VEE FOOD STORE #1 (1504) / OTTUMWA,1025 NORTH QUINCY AVE,OTTUMWA,52501,POINT (-92.440066017 41.015284993),,WAPELLO,1011100,BLENDED WHISKIES,492,WESTERN SPIRITS BEVERAGE,26360,BIRD DOG SALTED CARAMEL FLAVORED WHISKEY MINI,6,50,5.00,7.50,3,22.50,0.15,0.03
INV-65793400011,2023-12-29T00:00:00.000,2543,HY-VEE FOOD STORE #1 (1504) / OTTUMWA,1025 NORTH QUINCY AVE,OTTUMWA,52501,POINT (-92.440066017 41.015284993),,WAPELLO,1011400,TENNESSEE WHISKIES,085,BROWN FORMAN CORP.,26821,JACK DANIELS OLD #7 BLACK LABEL MINI,12,50,11.50,17.25,1,17.25,0.05,0.01
INV-65793400012,2023-12-29T00:00:00.000,2543,HY-VEE FOOD STORE #1 (1504) / OTTUMWA,1025 NORTH QUINCY AVE,OTTUMWA,52501,POINT (-92.440066017 41.015284993),,WAPELLO,1011400,TENNESSEE WHISKIES,085,BROWN FORMAN CORP.,26823,JACK DANIELS OLD #7 BLACK LABEL,48,200,4.23,6.35,48,304.80,9.60,2.53
INV-65793400013,2023-12-29T00:00:00.000,2543,HY-VEE FOOD STORE #1 (1504) / OTTUMWA,1025 NORTH QUINCY AVE,OTTUMWA,52501,POINT (-92.440066017 41.015284993),,WAPELLO,1011400,TENNESSEE WHISKIES,085,BROWN FORMAN CORP.,26824,JACK DANIELS OLD #7 BLACK LABEL SQUARE,24,375,8.25,12.38,5,61.90,1.87,0.49
INV-65793400014,2023-12-29T00:00:00.000,2543,HY-VEE FOOD STORE #1 (1504) / OTTUMWA,1025 NORTH QUINCY AVE,OTTUMWA,52501,POINT (-92.440066017 41.015284993),,WAPELLO,1011200,STRAIGHT BOURBON WHISKIES,065,JIM BEAM BRANDS,27408,JIM BEAM HONEY MINI,12,50,7.00,10.50,4,42.00,0.20,0.05
INV-65793400015,2023-12-29T00:00:00.000,2543,HY-VEE FOOD STORE #1 (1504) / OTTUMWA,1025 NORTH QUINCY AVE,OTTUMWA,52501,POINT (-92.440066017 41.015284993),,WAPELLO,1011200,STRAIGHT BOURBON WHISKIES,065,JIM BEAM BRANDS,27780,JIM BEAM APPLE MINI,12,50,7.00,10.50,3,31.50,0.15,0.03
INV-65793400016,2023-12-29T00:00:00.000,2543,HY-VEE FOOD STORE #1 (1504) / OTTUMWA,1025 NORTH QUINCY AVE,OTTUMWA,52501,POINT (-92.440066017 41.015284993),,WAPELLO,1011200,STRAIGHT BOURBON WHISKIES,065,JIM BEAM BRANDS,28275,JIM BEAM PEACH MINI,12,50,7.00,10.50,2,21.00,0.10,0.02
INV-65793400017,2023-12-29T00:00:00.000,2543,HY-VEE FOOD STORE #1 (1504) / OTTUMWA,1025 NORTH QUINCY AVE,OTTUMWA,52501,POINT (-92.440066017 41.015284993),,WAPELLO,1011200,STRAIGHT BOURBON WHISKIES,065,JIM BEAM BRANDS,28276,JIM BEAM PEACH,48,100,1.40,2.10,48,100.80,4.80,1.26
INV-65793400018,2023-12-29T00:00:00.000,2543,HY-VEE FOOD STORE #1 (1504) / OTTUMWA,1025 NORTH QUINCY AVE,OTTUMWA,52501,POINT (-92.440066017 41.015284993),,WAPELLO,1032100,IMPORTED VODKAS,035,BACARDI USA INC,34359,GREY GOOSE,12,200,4.50,6.75,12,81.00,2.40,0.63
INV-65793400019,2023-12-29T00:00:00.000,2543,HY-VEE FOOD STORE #1 (1504) / OTTUMWA,1025 NORTH QUINCY AVE,OTTUMWA,52501,POINT (-92.440066017 41.015284993),,WAPELLO,1031100,AMERICAN VODKAS,434,LUXCO INC,36301,HAWKEYE VODKA MINI,12,50,4.50,6.75,2,13.50,0.10,0.02
INV-65793400020,2023-12-29T00:00:00.000,2543,HY-VEE FOOD STORE #1 (1504) / OTTUMWA,1025 NORTH QUINCY AVE,OTTUMWA,52501,POINT (-92.440066017 41.015284993),,WAPELLO,1031100,AMERICAN VODKAS,300,MCCORMICK DISTILLING CO.,36904,MCCORMICK 80PRF VODKA PET,24,375,1.84,2.76,24,66.24,9.00,2.37
INV-65793400021,2023-12-29T00:00:00.000,2543,HY-VEE FOOD STORE #1 (1504) / OTTUMWA,1025 NORTH QUINCY AVE,OTTUMWA,52501,POINT (-92.440066017 41.015284993),,WAPELLO,1031100,AMERICAN VODKAS,301,FIFTH GENERATION INC,38194,TITOS HANDMADE VODKA MINI,5,50,12.80,19.20,5,96.00,0.25,0.06
INV-65793400022,2023-12-29T00:00:00.000,2543,HY-VEE FOOD STORE #1 (1504) / OTTUMWA,1025 NORTH QUINCY AVE,OTTUMWA,52501,POINT (-92.440066017 41.015284993),,WAPELLO,1031200,AMERICAN FLAVORED VODKA,259,HEAVEN HILL BRANDS,39320,DEEP EDDY LIME MINI,12,50,7.50,11.25,3,33.75,0.15,0.03
INV-65793400023,2023-12-29T00:00:00.000,2543,HY-VEE FOOD STORE #1 (1504) / OTTUMWA,1025 NORTH QUINCY AVE,OTTUMWA,52501,POINT (-92.440066017 41.015284993),,WAPELLO,1031200,AMERICAN FLAVORED VODKA,205,E & J GALLO WINERY,39422,NEW AMSTERDAM PINK WHITNEY MINI,12,50,4.61,6.92,24,166.08,1.20,0.31
INV-65793400024,2023-12-29T00:00:00.000,2543,HY-VEE FOOD STORE #1 (1504) / OTTUMWA,1025 NORTH QUINCY AVE,OTTUMWA,52501,POINT (-92.440066017 41.015284993),,WAPELLO,1062200,WHITE RUM,035,BACARDI USA INC,43124,BACARDI SUPERIOR,24,375,5.00,7.50,3,22.50,1.12,0.29
INV-65793400025,2023-12-29T00:00:00.000,2543,HY-VEE FOOD STORE #1 (1504) / OTTUMWA,1025 NORTH QUINCY AVE,OTTUMWA,52501,POINT (-92.440066017 41.015284993),,WAPELLO,1062400,SPICED RUM,260,DIAGEO AMERICAS,43331,CAPTAIN MORGAN ORIGINAL SPICED MINI,12,50,4.80,7.20,12,86.40,0.60,0.15
INV-65793400026,2023-12-29T00:00:00.000,2543,HY-VEE FOOD STORE #1 (1504) / OTTUMWA,1025 NORTH QUINCY AVE,OTTUMWA,52501,POINT (-92.440066017 41.015284993),,WAPELLO,1052100,IMPORTED BRANDIES,420,MOET HENNESSY USA,48105,HENNESSY VS,12,375,11.49,17.24,12,206.88,4.50,1.18
INV-65793400027,2023-12-29T00:00:00.000,2543,HY-VEE FOOD STORE #1 (1504) / OTTUMWA,1025 NORTH QUINCY AVE,OTTUMWA,52501,POINT (-92.440066017 41.015284993),,WAPELLO,1051100,AMERICAN BRANDIES,205,E & J GALLO WINERY,52591,E & J VS MINI,10,50,7.74,11.61,2,17.82,0.10,0.02
INV-65793400028,2023-12-29T00:00:00.000,2543,HY-VEE FOOD STORE #1 (1504) / OTTUMWA,1025 NORTH QUINCY AVE,OTTUMWA,52501,POINT (-92.440066017 41.015284993),,WAPELLO,1081600,WHISKEY LIQUEUR,421,SAZERAC COMPANY  INC,64864,FIREBALL CINNAMON WHISKEY,24,375,5.33,8.00,24,192.00,9.00,2.37
INV-65793400029,2023-12-29T00:00:00.000,2543,HY-VEE FOOD STORE #1 (1504) / OTTUMWA,1025 NORTH QUINCY AVE,OTTUMWA,52501,POINT (-92.440066017 41.015284993),,WAPELLO,1081600,WHISKEY LIQUEUR,421,SAZERAC COMPANY  INC,64870,FIREBALL CINNAMON WHISKEY,48,100,1.00,1.50,96,144.00,9.60,2.53
INV-65793400030,2023-12-29T00:00:00.000,2543,HY-VEE FOOD STORE #1 (1504) / OTTUMWA,1025 NORTH QUINCY AVE,OTTUMWA,52501,POINT (-92.440066017 41.015284993),,WAPELLO,1081200,CREAM LIQUEURS,300,MCCORMICK DISTILLING CO.,65204,TEQUILA ROSE LIQUEUR MINI,6,50,5.90,8.85,2,14.10,0.10,0.02
INV-65793400031,2023-12-29T00:00:00.000,2543,HY-VEE FOOD STORE #1 (1504) / OTTUMWA,1025 NORTH QUINCY AVE,OTTUMWA,52501,POINT (-92.440066017 41.015284993),,WAPELLO,1081100,COFFEE LIQUEURS,370,PERNOD RICARD USA,67524,KAHLUA COFFEE,24,375,8.99,13.49,2,26.98,0.75,0.19
INV-65793400032,2023-12-29T00:00:00.000,2543,HY-VEE FOOD STORE #1 (1504) / OTTUMWA,1025 NORTH QUINCY AVE,OTTUMWA,52501,POINT (-92.440066017 41.015284993),,WAPELLO,1701100,TEMPORARY & SPECIALTY PACKAGES,384,PIEDMONT DISTILLERS INC,68622,MIDNIGHT MOON CHOCOLATE BROWNIE MOONSHAKE MINI,4,50,17.16,25.74,4,102.96,0.20,0.05
INV-65793400033,2023-12-29T00:00:00.000,2543,HY-VEE FOOD STORE #1 (1504) / OTTUMWA,1025 NORTH QUINCY AVE,OTTUMWA,52501,POINT (-92.440066017 41.015284993),,WAPELLO,1701100,TEMPORARY & SPECIALTY PACKAGES,384,PIEDMONT DISTILLERS INC,68624,MIDNIGHT MOON COOKIES & CREAM MOONSHAKE MINI,4,50,17.16,25.74,4,102.96,0.20,0.05
INV-65793400034,2023-12-29T00:00:00.000,2543,HY-VEE FOOD STORE #1 (1504) / OTTUMWA,1025 NORTH QUINCY AVE,OTTUMWA,52501,POINT (-92.440066017 41.015284993),,WAPELLO,1082200,IMPORTED SCHNAPPS,421,SAZERAC COMPANY  INC,69609,DR MCGILLICUDDYS APPLE PIE MINI,12,50,5.00,7.50,3,22.50,0.15,0.03
INV-65793400035,2023-12-29T00:00:00.000,2543,HY-VEE FOOD STORE #1 (1504) / OTTUMWA,1025 NORTH QUINCY AVE,OTTUMWA,52501,POINT (-92.440066017 41.015284993),,WAPELLO,1082200,IMPORTED SCHNAPPS,421,SAZERAC COMPANY  INC,69631,DR MCGILLICUDDYS CHERRY MINI,12,50,5.00,7.50,2,15.00,0.10,0.02
INV-65793400036,2023-12-29T00:00:00.000,2543,HY-VEE FOOD STORE #1 (1504) / OTTUMWA,1025 NORTH QUINCY AVE,OTTUMWA,52501,POINT (-92.440066017 41.015284993),,WAPELLO,1082200,IMPORTED SCHNAPPS,421,SAZERAC COMPANY  INC,69713,DR MCGILLICUDDYS PEACH MINI,12,50,5.00,7.50,2,15.00,0.10,0.02
INV-65793400037,2023-12-29T00:00:00.000,2543,HY-VEE FOOD STORE #1 (1504) / OTTUMWA,1025 NORTH QUINCY AVE,OTTUMWA,52501,POINT (-92.440066017 41.015284993),,WAPELLO,1081200,CREAM LIQUEURS,205,E & J GALLO WINERY,73051,RUMCHATA MINI,12,50,8.87,13.31,3,39.93,0.15,0.03
INV-65793400038,2023-12-29T00:00:00.000,2543,HY-VEE FOOD STORE #1 (1504) / OTTUMWA,1025 NORTH QUINCY AVE,OTTUMWA,52501,POINT (-92.440066017 41.015284993),,WAPELLO,1011100,BLENDED WHISKIES,342,DV SPIRITS LLC,73559,DIRTY MONKEY MINI,12,50,9.30,13.95,1,13.95,0.05,0.01
INV-65793400039,2023-12-29T00:00:00.000,2543,HY-VEE FOOD STORE #1 (1504) / OTTUMWA,1025 NORTH QUINCY AVE,OTTUMWA,52501,POINT (-92.440066017 41.015284993),,WAPELLO,1011100,BLENDED WHISKIES,065,JIM BEAM BRANDS,78187,TWISTED TEA WHISKEY MINI,12,50,5.00,7.50,5,37.50,0.25,0.06
INV-65793400040,2023-12-29T00:00:00.000,2543,HY-VEE FOOD STORE #1 (1504) / OTTUMWA,1025 NORTH QUINCY AVE,OTTUMWA,52501,POINT (-92.440066017 41.015284993),,WAPELLO,1011100,BLENDED WHISKIES,370,PERNOD RICARD USA,78297,SKREWBALL PEANUT BUTTER WHISKEY CAN,48,100,1.49,2.24,48,107.52,4.80,1.26
INV-65793400041,2023-12-29T00:00:00.000,2543,HY-VEE FOOD STORE #1 (1504) / OTTUMWA,1025 NORTH QUINCY AVE,OTTUMWA,52501,POINT (-92.440066017 41.015284993),,WAPELLO,1091300,NEUTRAL GRAIN SPIRITS FLAVORED,346,OLE SMOKY DISTILLERY LLC,80358,OLE SMOKY ORANGE SHINESICLE MOONSHINE MINI,8,50,8.75,13.13,8,105.04,0.40,0.10
INV-65793400042,2023-12-29T00:00:00.000,2543,HY-VEE FOOD STORE #1 (1504) / OTTUMWA,1025 NORTH QUINCY AVE,OTTUMWA,52501,POINT (-92.440066017 41.015284993),,WAPELLO,1091300,NEUTRAL GRAIN SPIRITS FLAVORED,346,OLE SMOKY DISTILLERY LLC,80371,OLE SMOKY MOUNTAIN JAVA MOONSHINE MINI,8,50,8.75,13.13,3,39.39,0.15,0.03
INV-65793400043,2023-12-29T00:00:00.000,2543,HY-VEE FOOD STORE #1 (1504) / OTTUMWA,1025 NORTH QUINCY AVE,OTTUMWA,52501,POINT (-92.440066017 41.015284993),,WAPELLO,1081400,AMERICAN SCHNAPPS,421,SAZERAC COMPANY  INC,84171,99 BANANAS,48,100,1.00,1.50,10,15.00,1.00,0.26
INV-65793400044,2023-12-29T00:00:00.000,2543,HY-VEE FOOD STORE #1 (1504) / OTTUMWA,1025 NORTH QUINCY AVE,OTTUMWA,52501,POINT (-92.440066017 41.015284993),,WAPELLO,1081400,AMERICAN SCHNAPPS,421,SAZERAC COMPANY  INC,84192,99 BUTTERSCOTCH,48,100,1.00,1.50,10,15.00,1.00,0.26
INV-65793400045,2023-12-29T00:00:00.000,2543,HY-VEE FOOD STORE #1 (1504) / OTTUMWA,1025 NORTH QUINCY AVE,OTTUMWA,52501,POINT (-92.440066017 41.015284993),,WAPELLO,1081300,AMERICAN CORDIALS & LIQUEURS,421,SAZERAC COMPANY  INC,84208,99 ROOT BEER,48,100,1.00,1.50,48,72.00,4.80,1.26
INV-65793400046,2023-12-29T00:00:00.000,2543,HY-VEE FOOD STORE #1 (1504) / OTTUMWA,1025 NORTH QUINCY AVE,OTTUMWA,52501,POINT (-92.440066017 41.015284993),,WAPELLO,1022200,100% AGAVE TEQUILA,395,PROXIMO,87508,1800 SILVER MINI,6,50,22.10,33.15,1,33.15,0.05,0.01
INV-65793400047,2023-12-29T00:00:00.000,2543,HY-VEE FOOD STORE #1 (1504) / OTTUMWA,1025 NORTH QUINCY AVE,OTTUMWA,52501,POINT (-92.440066017 41.015284993),,WAPELLO,1022200,100% AGAVE TEQUILA,035,BACARDI USA INC,89644,PATRON ANEJO,12,375,17.00,25.50,12,306.00,4.50,1.18
INV-65793400048,2023-12-29T00:00:00.000,2543,HY-VEE FOOD STORE #1 (1504) / OTTUMWA,1025 NORTH QUINCY AVE,OTTUMWA,52501,POINT (-92.440066017 41.015284993),,WAPELLO,1022200,100% AGAVE TEQUILA,065,JIM BEAM BRANDS,89781,SAUZA GOLD MINI,12,50,5.40,8.10,3,24.30,0.15,0.03
INV-65793400049,2023-12-29T00:00:00.000,2543,HY-VEE FOOD STORE #1 (1504) / OTTUMWA,1025 NORTH QUINCY AVE,OTTUMWA,52501,POINT (-92.440066017 41.015284993),,WAPELLO,1091300,NEUTRAL GRAIN SPIRITS FLAVORED,346,OLE SMOKY DISTILLERY LLC,986730,SOOH OLE SMOKY BLACKBERRY MOONSHINE,6,750,13.00,19.50,6,117.00,4.50,1.18
INV-65793400050,2023-12-29T00:00:00.000,2543,HY-VEE FOOD STORE #1 (1504) / OTTUMWA,1025 NORTH QUINCY AVE,OTTUMWA,52501,POINT (-92.440066017 41.015284993),,WAPELLO,1091300,NEUTRAL GRAIN SPIRITS FLAVORED,346,OLE SMOKY DISTILLERY LLC,986751,SOOH OLE SMOKY HUNCH PUNCH MOONSHINE,6,750,13.00,19.50,6,117.00,4.50,1.18
INV-65793400051,2023-12-29T00:00:00.000,2543,HY-VEE FOOD STORE #1 (1504) / OTTUMWA,1025 NORTH QUINCY AVE,OTTUMWA,52501,POINT (-92.440066017 41.015284993),,WAPELLO,1091300,NEUTRAL GRAIN SPIRITS FLAVORED,346,OLE SMOKY DISTILLERY LLC,986845,SOOH OLE SMOKY BLACKBERRY MOONSHINE MINI,8,50,8.75,13.13,4,52.52,0.20,0.05
INV-65793500001,2023-12-29T00:00:00.000,2543,HY-VEE FOOD STORE #1 (1504) / OTTUMWA,1025 NORTH QUINCY AVE,OTTUMWA,52501,POINT (-92.440066017 41.015284993),,WAPELLO,1012100,CANADIAN WHISKIES,260,DIAGEO AMERICAS,10777,CROWN ROYAL PEACH,12,1000,20.49,30.74,12,368.88,12.00,3.17
INV-65793500002,2023-12-29T00:00:00.000,2543,HY-VEE FOOD STORE #1 (1504) / OTTUMWA,1025 NORTH QUINCY AVE,OTTUMWA,52501,POINT (-92.440066017 41.015284993),,WAPELLO,1012100,CANADIAN WHISKIES,260,DIAGEO AMERICAS,11297,CROWN ROYAL,12,1000,20.49,30.74,12,368.88,12.00,3.17
INV-65793500003,2023-12-29T00:00:00.000,2543,HY-VEE FOOD STORE #1 (1504) / OTTUMWA,1025 NORTH QUINCY AVE,OTTUMWA,52501,POINT (-92.440066017 41.015284993),,WAPELLO,1012100,CANADIAN WHISKIES,421,SAZERAC COMPANY  INC,11347,SEAGRAMS VO CANADIAN WHISKEY,12,1000,6.63,9.95,12,119.40,12.00,3.17
INV-65793500004,2023-12-29T00:00:00.000,2543,HY-VEE FOOD STORE #1 (1504) / OTTUMWA,1025 NORTH QUINCY AVE,OTTUMWA,52501,POINT (-92.440066017 41.015284993),,WAPELLO,1012100,CANADIAN WHISKIES,259,HEAVEN HILL BRANDS,11776,BLACK VELVET,12,750,5.50,8.25,12,99.00,9.00,2.37
INV-65793500005,2023-12-29T00:00:00.000,2543,HY-VEE FOOD STORE #1 (1504) / OTTUMWA,1025 NORTH QUINCY AVE,OTTUMWA,52501,POINT (-92.440066017 41.015284993),,WAPELLO,1012100,CANADIAN WHISKIES,259,HEAVEN HILL BRANDS,11777,BLACK VELVET,12,1000,7.00,10.50,24,252.00,24.00,6.34
INV-65793500006,2023-12-29T00:00:00.000,2543,HY-VEE FOOD STORE #1 (1504) / OTTUMWA,1025 NORTH QUINCY AVE,OTTUMWA,52501,POINT (-92.440066017 41.015284993),,WAPELLO,1012100,CANADIAN WHISKIES,259,HEAVEN HILL BRANDS,11788,BLACK VELVET,6,1750,11.00,16.50,18,297.00,31.50,8.32
INV-65793500007,2023-12-29T00:00:00.000,2543,HY-VEE FOOD STORE #1 (1504) / OTTUMWA,1025 NORTH QUINCY AVE,OTTUMWA,52501,POINT (-92.440066017 41.015284993),,WAPELLO,1012400,IRISH WHISKIES,370,PERNOD RICARD USA,15626,JAMESON,12,750,17.49,26.24,12,314.88,9.00,2.37
INV-65793500008,2023-12-29T00:00:00.000,2543,HY-VEE FOOD STORE #1 (1504) / OTTUMWA,1025 NORTH QUINCY AVE,OTTUMWA,52501,POINT (-92.440066017 41.015284993),,WAPELLO,1011500,BOTTLED IN BOND BOURBON,259,HEAVEN HILL BRANDS,16098,EVAN WILLIAMS WHITE,6,1750,18.50,27.75,6,166.50,10.50,2.77
INV-65793500009,2023-12-29T00:00:00.000,2543,HY-VEE FOOD STORE #1 (1504) / OTTUMWA,1025 NORTH QUINCY AVE,OTTUMWA,52501,POINT (-92.440066017 41.015284993),,WAPELLO,1011400,TENNESSEE WHISKIES,085,BROWN FORMAN CORP.,16222,JACK DANIELS BONDED 100PRF DOM,6,700,22.00,33.00,2,66.00,1.40,0.36
INV-65793500010,2023-12-29T00:00:00.000,2543,HY-VEE FOOD STORE #1 (1504) / OTTUMWA,1025 NORTH QUINCY AVE,OTTUMWA,52501,POINT (-92.440066017 41.015284993),,WAPELLO,1011400,TENNESSEE WHISKIES,085,BROWN FORMAN CORP.,16620,JACK DANIELS 1938 TRIPLE MASH 100PRF,6,700,24.00,36.00,6,216.00,4.20,1.10
INV-65793500012,2023-12-29T00:00:00.000,2543,HY-VEE FOOD STORE #1 (1504) / OTTUMWA,1025 NORTH QUINCY AVE,OTTUMWA,52501,POINT (-92.440066017 41.015284993),,WAPELLO,1011200,STRAIGHT BOURBON WHISKIES,259,HEAVEN HILL BRANDS,17956,EVAN WILLIAMS BLACK,12,750,9.00,13.50,12,162.00,9.00,2.37
INV-65793500013,2023-12-29T00:00:00.000,2543,HY-VEE FOOD STORE #1 (1504) / OTTUMWA,1025 NORTH QUINCY AVE,OTTUMWA,52501,POINT (-92.440066017 41.015284993),,WAPELLO,1011200,STRAIGHT BOURBON WHISKIES,065,JIM BEAM BRANDS,19066,JIM BEAM,12,750,11.00,16.50,12,198.00,9.00,2.37
INV-65793500015,2023-12-29T00:00:00.000,2543,HY-VEE FOOD STORE #1 (1504) / OTTUMWA,1025 NORTH QUINCY AVE,OTTUMWA,52501,POINT (-92.440066017 41.015284993),,WAPELLO,1011400,TENNESSEE WHISKIES,085,BROWN FORMAN CORP.,26586,GENTLEMAN JACK,12,750,20.01,30.02,12,360.24,9.00,2.37
INV-65793500016,2023-12-29T00:00:00.000,2543,HY-VEE FOOD STORE #1 (1504) / OTTUMWA,1025 NORTH QUINCY AVE,OTTUMWA,52501,POINT (-92.440066017 41.015284993),,WAPELLO,1011100,BLENDED WHISKIES,125,CEDAR RIDGE VINEYARDS LL,26710,SLIPKNOT IOWA WHISKEY NO. 9,6,750,21.33,32.00,6,192.00,4.50,1.18
INV-65793500017,2023-12-29T00:00:00.000,2543,HY-VEE FOOD STORE #1 (1504) / OTTUMWA,1025 NORTH QUINCY AVE,OTTUMWA,52501,POINT (-92.440066017 41.015284993),,WAPELLO,1011400,TENNESSEE WHISKIES,085,BROWN FORMAN CORP.,26826,JACK DANIELS OLD #7 BLACK LABEL,12,750,15.91,23.87,12,286.44,9.00,2.37
INV-65793500018,2023-12-29T00:00:00.000,2543,HY-VEE FOOD STORE #1 (1504) / OTTUMWA,1025 NORTH QUINCY AVE,OTTUMWA,52501,POINT (-92.440066017 41.015284993),,WAPELLO,1011400,TENNESSEE WHISKIES,085,BROWN FORMAN CORP.,26827,JACK DANIELS OLD #7 BLACK LABEL,12,1000,20.27,30.41,12,364.92,12.00,3.17
INV-65793500019,2023-12-29T00:00:00.000,2543,HY-VEE FOOD STORE #1 (1504) / OTTUMWA,1025 NORTH QUINCY AVE,OTTUMWA,52501,POINT (-92.440066017 41.015284993),,WAPELLO,1011600,STRAIGHT RYE WHISKIES,255,INFINIUM SPIRITS,27175,TEMPLETON RYE 4YR,6,1000,21.00,31.50,6,189.00,6.00,1.58
INV-65793500020,2023-12-29T00:00:00.000,2543,HY-VEE FOOD STORE #1 (1504) / OTTUMWA,1025 NORTH QUINCY AVE,OTTUMWA,52501,POINT (-92.440066017 41.015284993),,WAPELLO,1042100,IMPORTED DRY GINS,370,PERNOD RICARD USA,28087,BEEFEATER GIN,12,1000,14.99,22.49,5,112.45,5.00,1.32
INV-65793500021,2023-12-29T00:00:00.000,2543,HY-VEE FOOD STORE #1 (1504) / OTTUMWA,1025 NORTH QUINCY AVE,OTTUMWA,52501,POINT (-92.440066017 41.015284993),,WAPELLO,1032200,IMPORTED FLAVORED VODKA,370,PERNOD RICARD USA,33467,ABSOLUT LIME,12,750,9.99,14.99,12,179.88,9.00,2.37
INV-65793500022,2023-12-29T00:00:00.000,2543,HY-VEE FOOD STORE #1 (1504) / OTTUMWA,1025 NORTH QUINCY AVE,OTTUMWA,52501,POINT (-92.440066017 41.015284993),,WAPELLO,1032100,IMPORTED VODKAS,370,PERNOD RICARD USA,34006,ABSOLUT SWEDISH VODKA 80PRF,12,750,9.99,14.99,12,179.88,9.00,2.37
INV-65793500023,2023-12-29T00:00:00.000,2543,HY-VEE FOOD STORE #1 (1504) / OTTUMWA,1025 NORTH QUINCY AVE,OTTUMWA,52501,POINT (-92.440066017 41.015284993),,WAPELLO,1032100,IMPORTED VODKAS,370,PERNOD RICARD USA,34007,ABSOLUT SWEDISH VODKA 80PRF,12,1000,14.99,22.49,12,269.88,12.00,3.17
INV-65793500024,2023-12-29T00:00:00.000,2543,HY-VEE FOOD STORE #1 (1504) / OTTUMWA,1025 NORTH QUINCY AVE,OTTUMWA,52501,POINT (-92.440066017 41.015284993),,WAPELLO,1032100,IMPORTED VODKAS,035,BACARDI USA INC,34422,GREY GOOSE,6,1000,19.00,28.50,6,171.00,6.00,1.58
INV-65793500025,2023-12-29T00:00:00.000,2543,HY-VEE FOOD STORE #1 (1504) / OTTUMWA,1025 NORTH QUINCY AVE,OTTUMWA,52501,POINT (-92.440066017 41.015284993),,WAPELLO,1031100,AMERICAN VODKAS,115,CONSTELLATION BRANDS INC,34821,SVEDKA 80PRF,6,1750,13.40,20.10,6,120.60,10.50,2.77
INV-65793500026,2023-12-29T00:00:00.000,2543,HY-VEE FOOD STORE #1 (1504) / OTTUMWA,1025 NORTH QUINCY AVE,OTTUMWA,52501,POINT (-92.440066017 41.015284993),,WAPELLO,1031100,AMERICAN VODKAS,297,LAIRD & COMPANY,35917,FIVE O'CLOCK VODKA,12,1000,4.66,6.99,12,83.88,12.00,3.17
INV-65793500027,2023-12-29T00:00:00.000,2543,HY-VEE FOOD STORE #1 (1504) / OTTUMWA,1025 NORTH QUINCY AVE,OTTUMWA,52501,POINT (-92.440066017 41.015284993),,WAPELLO,1031100,AMERICAN VODKAS,434,LUXCO INC,36308,HAWKEYE VODKA,6,1750,7.50,11.25,6,67.50,10.50,2.77
INV-65793500028,2023-12-29T00:00:00.000,2543,HY-VEE FOOD STORE #1 (1504) / OTTUMWA,1025 NORTH QUINCY AVE,OTTUMWA,52501,POINT (-92.440066017 41.015284993),,WAPELLO,1031100,AMERICAN VODKAS,777,"BLUE OX SPIRITS, INC.",36875,BLUE OX VODKA,6,1750,7.63,11.45,6,68.70,10.50,2.77
INV-65793500029,2023-12-29T00:00:00.000,2543,HY-VEE FOOD STORE #1 (1504) / OTTUMWA,1025 NORTH QUINCY AVE,OTTUMWA,52501,POINT (-92.440066017 41.015284993),,WAPELLO,1031100,AMERICAN VODKAS,421,SAZERAC COMPANY  INC,36900,BARTON NATURALS VODKA,6,1750,7.06,10.59,12,127.08,21.00,5.54
INV-65793500030,2023-12-29T00:00:00.000,2543,HY-VEE FOOD STORE #1 (1504) / OTTUMWA,1025 NORTH QUINCY AVE,OTTUMWA,52501,POINT (-92.440066017 41.015284993),,WAPELLO,1031100,AMERICAN VODKAS,380,PHILLIPS BEVERAGE,37348,PHILLIPS VODKA,6,1750,7.60,11.40,6,68.40,10.50,2.77
INV-65793500031,2023-12-29T00:00:00.000,2543,HY-VEE FOOD STORE #1 (1504) / OTTUMWA,1025 NORTH QUINCY AVE,OTTUMWA,52501,POINT (-92.440066017 41.015284993),,WAPELLO,1031100,AMERICAN VODKAS,380,PHILLIPS BEVERAGE,37665,ROW VODKA,6,1750,12.22,18.33,6,109.98,10.50,2.77
INV-65793500032,2023-12-29T00:00:00.000,2543,HY-VEE FOOD STORE #1 (1504) / OTTUMWA,1025 NORTH QUINCY AVE,OTTUMWA,52501,POINT (-92.440066017 41.015284993),,WAPELLO,1031100,AMERICAN VODKAS,260,DIAGEO AMERICAS,37996,SMIRNOFF 80PRF,12,750,8.25,12.38,12,148.56,9.00,2.37
INV-65793500033,2023-12-29T00:00:00.000,2543,HY-VEE FOOD STORE #1 (1504) / OTTUMWA,1025 NORTH QUINCY AVE,OTTUMWA,52501,POINT (-92.440066017 41.015284993),,WAPELLO,1031100,AMERICAN VODKAS,301,FIFTH GENERATION INC,38177,TITOS HANDMADE VODKA,12,1000,13.17,19.76,36,711.36,36.00,9.51
INV-65793500034,2023-12-29T00:00:00.000,2543,HY-VEE FOOD STORE #1 (1504) / OTTUMWA,1025 NORTH QUINCY AVE,OTTUMWA,52501,POINT (-92.440066017 41.015284993),,WAPELLO,1031200,AMERICAN FLAVORED VODKA,259,HEAVEN HILL BRANDS,40053,DEEP EDDY LEMON,12,750,9.50,14.25,12,171.00,9.00,2.37
INV-65793500036,2023-12-29T00:00:00.000,2543,HY-VEE FOOD STORE #1 (1504) / OTTUMWA,1025 NORTH QUINCY AVE,OTTUMWA,52501,POINT (-92.440066017 41.015284993),,WAPELLO,1031200,AMERICAN FLAVORED VODKA,380,PHILLIPS BEVERAGE,41692,UV BLUE RASPBERRY,6,1750,11.50,17.25,6,103.50,10.50,2.77
INV-65793500037,2023-12-29T00:00:00.000,2543,HY-VEE FOOD STORE #1 (1504) / OTTUMWA,1025 NORTH QUINCY AVE,OTTUMWA,52501,POINT (-92.440066017 41.015284993),,WAPELLO,1062500,FLAVORED RUM,370,PERNOD RICARD USA,42716,MALIBU COCONUT,12,750,8.99,13.49,12,161.88,9.00,2.37
INV-65793500038,2023-12-29T00:00:00.000,2543,HY-VEE FOOD STORE #1 (1504) / OTTUMWA,1025 NORTH QUINCY AVE,OTTUMWA,52501,POINT (-92.440066017 41.015284993),,WAPELLO,1062200,WHITE RUM,035,BACARDI USA INC,43120,BACARDI SUPERIOR PET,6,1750,15.50,23.25,6,139.50,10.50,2.77
INV-65793500040,2023-12-29T00:00:00.000,2543,HY-VEE FOOD STORE #1 (1504) / OTTUMWA,1025 NORTH QUINCY AVE,OTTUMWA,52501,POINT (-92.440066017 41.015284993),,WAPELLO,1062400,SPICED RUM,260,DIAGEO AMERICAS,43336,CAPTAIN MORGAN ORIGINAL SPICED,12,750,9.49,14.24,12,170.88,9.00,2.37
INV-65793500041,2023-12-29T00:00:00.000,2543,HY-VEE FOOD STORE #1 (1504) / OTTUMWA,1025 NORTH QUINCY AVE,OTTUMWA,52501,POINT (-92.440066017 41.015284993),,WAPELLO,1062400,SPICED RUM,260,DIAGEO AMERICAS,43337,CAPTAIN MORGAN ORIGINAL SPICED,12,1000,12.99,19.49,24,467.76,24.00,6.34
INV-65793500042,2023-12-29T00:00:00.000,2543,HY-VEE FOOD STORE #1 (1504) / OTTUMWA,1025 NORTH QUINCY AVE,OTTUMWA,52501,POINT (-92.440066017 41.015284993),,WAPELLO,1062500,FLAVORED RUM,065,JIM BEAM BRANDS,44428,CRUZAN BLUEBERRY LEMONADE,12,750,7.00,10.50,6,63.00,4.50,1.18
INV-65793500043,2023-12-29T00:00:00.000,2543,HY-VEE FOOD STORE #1 (1504) / OTTUMWA,1025 NORTH QUINCY AVE,OTTUMWA,52501,POINT (-92.440066017 41.015284993),,WAPELLO,1062100,GOLD RUM,434,LUXCO INC,45248,PARAMOUNT GOLD RUM,6,1750,8.00,12.00,6,72.00,10.50,2.77
INV-65793500044,2023-12-29T00:00:00.000,2543,HY-VEE FOOD STORE #1 (1504) / OTTUMWA,1025 NORTH QUINCY AVE,OTTUMWA,52501,POINT (-92.440066017 41.015284993),,WAPELLO,1062200,WHITE RUM,434,LUXCO INC,45276,PARAMOUNT WHITE RUM,12,750,4.25,6.38,12,76.56,9.00,2.37
INV-65793500045,2023-12-29T00:00:00.000,2543,HY-VEE FOOD STORE #1 (1504) / OTTUMWA,1025 NORTH QUINCY AVE,OTTUMWA,52501,POINT (-92.440066017 41.015284993),,WAPELLO,1062200,WHITE RUM,434,LUXCO INC,45278,PARAMOUNT WHITE RUM,6,1750,8.00,12.00,6,72.00,10.50,2.77
INV-65793500046,2023-12-29T00:00:00.000,2543,HY-VEE FOOD STORE #1 (1504) / OTTUMWA,1025 NORTH QUINCY AVE,OTTUMWA,52501,POINT (-92.440066017 41.015284993),,WAPELLO,1062200,WHITE RUM,434,LUXCO INC,46350,HAWKEYE LIGHT RUM,6,1750,9.00,13.50,6,81.00,10.50,2.77
INV-65793500047,2023-12-29T00:00:00.000,2543,HY-VEE FOOD STORE #1 (1504) / OTTUMWA,1025 NORTH QUINCY AVE,OTTUMWA,52501,POINT (-92.440066017 41.015284993),,WAPELLO,1012200,SCOTCH WHISKIES,035,BACARDI USA INC,4876,DEWARS 12YR,12,750,15.50,23.25,12,279.00,9.00,2.37
INV-65793500048,2023-12-29T00:00:00.000,2543,HY-VEE FOOD STORE #1 (1504) / OTTUMWA,1025 NORTH QUINCY AVE,OTTUMWA,52501,POINT (-92.440066017 41.015284993),,WAPELLO,1012300,SINGLE MALT SCOTCH,240,WILLIAM GRANT & SONS INC,5006,GLENFIDDICH 12YR SPECIAL RESERVE,12,750,30.00,45.00,3,135.00,2.25,0.59
INV-65793500049,2023-12-29T00:00:00.000,2543,HY-VEE FOOD STORE #1 (1504) / OTTUMWA,1025 NORTH QUINCY AVE,OTTUMWA,52501,POINT (-92.440066017 41.015284993),,WAPELLO,1012300,SINGLE MALT SCOTCH,370,PERNOD RICARD USA,5036,GLENLIVET 12YR,12,750,27.98,41.97,2,83.94,1.50,0.39
INV-65793500050,2023-12-29T00:00:00.000,2543,HY-VEE FOOD STORE #1 (1504) / OTTUMWA,1025 NORTH QUINCY AVE,OTTUMWA,52501,POINT (-92.440066017 41.015284993),,WAPELLO,1051100,AMERICAN BRANDIES,205,E & J GALLO WINERY,52596,E & J VS,12,750,6.50,9.75,12,117.00,9.00,2.37
INV-65793500051,2023-12-29T00:00:00.000,2543,HY-VEE FOOD STORE #1 (1504) / OTTUMWA,1025 NORTH QUINCY AVE,OTTUMWA,52501,POINT (-92.440066017 41.015284993),,WAPELLO,1012200,SCOTCH WHISKIES,260,DIAGEO AMERICAS,5350,JOHNNIE WALKER GREEN,6,750,37.49,56.24,6,337.44,4.50,1.18
INV-65793500052,2023-12-29T00:00:00.000,2543,HY-VEE FOOD STORE #1 (1504) / OTTUMWA,1025 NORTH QUINCY AVE,OTTUMWA,52501,POINT (-92.440066017 41.015284993),,WAPELLO,1051100,AMERICAN BRANDIES,434,LUXCO INC,54057,ARROW APRICOT BRANDY,12,1000,6.75,10.13,12,121.56,12.00,3.17
INV-65793500053,2023-12-29T00:00:00.000,2543,HY-VEE FOOD STORE #1 (1504) / OTTUMWA,1025 NORTH QUINCY AVE,OTTUMWA,52501,POINT (-92.440066017 41.015284993),,WAPELLO,1051100,AMERICAN BRANDIES,434,LUXCO INC,54647,ARROW BLACKBERRY BRANDY,12,1000,6.75,10.13,12,121.56,12.00,3.17
INV-65793500054,2023-12-29T00:00:00.000,2543,HY-VEE FOOD STORE #1 (1504) / OTTUMWA,1025 NORTH QUINCY AVE,OTTUMWA,52501,POINT (-92.440066017 41.015284993),,WAPELLO,1051100,AMERICAN BRANDIES,259,HEAVEN HILL BRANDS,56006,CHRISTIAN BROS PEACH,12,750,6.50,9.75,12,108.00,9.00,2.37
INV-65793500055,2023-12-29T00:00:00.000,2543,HY-VEE FOOD STORE #1 (1504) / OTTUMWA,1025 NORTH QUINCY AVE,OTTUMWA,52501,POINT (-92.440066017 41.015284993),,WAPELLO,1082100,IMPORTED CORDIALS & LIQUEURS,619,CAMPARI AMERICA,64147,APEROL,6,750,15.00,22.50,6,135.00,4.50,1.18
INV-65793500056,2023-12-29T00:00:00.000,2543,HY-VEE FOOD STORE #1 (1504) / OTTUMWA,1025 NORTH QUINCY AVE,OTTUMWA,52501,POINT (-92.440066017 41.015284993),,WAPELLO,1082100,IMPORTED CORDIALS & LIQUEURS,035,BACARDI USA INC,64336,B&B DOM,12,750,20.00,30.00,6,180.00,4.50,1.18
INV-65793500058,2023-12-29T00:00:00.000,2543,HY-VEE FOOD STORE #1 (1504) / OTTUMWA,1025 NORTH QUINCY AVE,OTTUMWA,52501,POINT (-92.440066017 41.015284993),,WAPELLO,1082100,IMPORTED CORDIALS & LIQUEURS,619,CAMPARI AMERICA,64636,CAMPARI ITALIAN APERITIVO,12,750,17.50,26.25,6,157.50,4.50,1.18
INV-65793500059,2023-12-29T00:00:00.000,2543,HY-VEE FOOD STORE #1 (1504) / OTTUMWA,1025 NORTH QUINCY AVE,OTTUMWA,52501,POINT (-92.440066017 41.015284993),,WAPELLO,1081300,AMERICAN CORDIALS & LIQUEURS,305,MHW LTD,64854,DORDA DOUBLE CHOCOLATE LIQUEUR,6,750,11.00,16.50,6,99.00,4.50,1.18
INV-65793500060,2023-12-29T00:00:00.000,2543,HY-VEE FOOD STORE #1 (1504) / OTTUMWA,1025 NORTH QUINCY AVE,OTTUMWA,52501,POINT (-92.440066017 41.015284993),,WAPELLO,1081600,WHISKEY LIQUEUR,421,SAZERAC COMPANY  INC,64865,FIREBALL CINNAMON WHISKEY PET,12,750,9.00,13.50,12,162.00,9.00,2.37
INV-65793500061,2023-12-29T00:00:00.000,2543,HY-VEE FOOD STORE #1 (1504) / OTTUMWA,1025 NORTH QUINCY AVE,OTTUMWA,52501,POINT (-92.440066017 41.015284993),,WAPELLO,1081300,AMERICAN CORDIALS & LIQUEURS,305,MHW LTD,65047,DORDA SEA SALT CARAMEL LIQUEUR,6,750,11.00,16.50,6,99.00,4.50,1.18
INV-65793500062,2023-12-29T00:00:00.000,2543,HY-VEE FOOD STORE #1 (1504) / OTTUMWA,1025 NORTH QUINCY AVE,OTTUMWA,52501,POINT (-92.440066017 41.015284993),,WAPELLO,1012200,SCOTCH WHISKIES,260,DIAGEO AMERICAS,65533,BUCHANANS PINEAPPLE,12,750,20.99,31.49,12,377.88,9.00,2.37
INV-65793500063,2023-12-29T00:00:00.000,2543,HY-VEE FOOD STORE #1 (1504) / OTTUMWA,1025 NORTH QUINCY AVE,OTTUMWA,52501,POINT (-92.440066017 41.015284993),,WAPELLO,1022100,MIXTO TEQUILA,260,DIAGEO AMERICAS,66993,21SEEDS CUCUMBER JALAPENO TEQUILA,6,750,17.50,26.25,6,157.50,4.50,1.18
INV-65793500064,2023-12-29T00:00:00.000,2543,HY-VEE FOOD STORE #1 (1504) / OTTUMWA,1025 NORTH QUINCY AVE,OTTUMWA,52501,POINT (-92.440066017 41.015284993),,WAPELLO,1081100,COFFEE LIQUEURS,370,PERNOD RICARD USA,67526,KAHLUA COFFEE,12,750,14.99,22.49,12,269.88,9.00,2.37
INV-65793500065,2023-12-29T00:00:00.000,2543,HY-VEE FOOD STORE #1 (1504) / OTTUMWA,1025 NORTH QUINCY AVE,OTTUMWA,52501,POINT (-92.440066017 41.015284993),,WAPELLO,1081200,CREAM LIQUEURS,363,PATERNO IMPORTS LTD / TERLATO WINES INTERNATIONAL,67866,AMARULA CREAM LIQUEUR,12,750,16.00,24.00,6,144.00,4.50,1.18
INV-65793500068,2023-12-29T00:00:00.000,2543,HY-VEE FOOD STORE #1 (1504) / OTTUMWA,1025 NORTH QUINCY AVE,OTTUMWA,52501,POINT (-92.440066017 41.015284993),,WAPELLO,1081200,CREAM LIQUEURS,260,DIAGEO AMERICAS,68036,BAILEYS ORIGINAL IRISH CREAM,12,750,16.49,24.74,12,296.88,9.00,2.37
INV-65793500070,2023-12-29T00:00:00.000,2543,HY-VEE FOOD STORE #1 (1504) / OTTUMWA,1025 NORTH QUINCY AVE,OTTUMWA,52501,POINT (-92.440066017 41.015284993),,WAPELLO,1701100,TEMPORARY & SPECIALTY PACKAGES,384,PIEDMONT DISTILLERS INC,68623,MIDNIGHT MOON CHOCOLATE BROWNIE MOONSHAKE,6,750,11.50,17.25,6,103.50,4.50,1.18
INV-65793500071,2023-12-29T00:00:00.000,2543,HY-VEE FOOD STORE #1 (1504) / OTTUMWA,1025 NORTH QUINCY AVE,OTTUMWA,52501,POINT (-92.440066017 41.015284993),,WAPELLO,1701100,TEMPORARY & SPECIALTY PACKAGES,384,PIEDMONT DISTILLERS INC,68625,MIDNIGHT MOON COOKIES & CREAM MOONSHAKE,6,750,11.50,17.25,6,103.50,4.50,1.18
INV-65793500072,2023-12-29T00:00:00.000,2543,HY-VEE FOOD STORE #1 (1504) / OTTUMWA,1025 NORTH QUINCY AVE,OTTUMWA,52501,POINT (-92.440066017 41.015284993),,WAPELLO,1082200,IMPORTED SCHNAPPS,421,SAZERAC COMPANY  INC,69637,DR MCGILLICUDDYS CHERRY,12,1000,11.25,16.88,12,198.00,12.00,3.17
INV-65793500073,2023-12-29T00:00:00.000,2543,HY-VEE FOOD STORE #1 (1504) / OTTUMWA,1025 NORTH QUINCY AVE,OTTUMWA,52501,POINT (-92.440066017 41.015284993),,WAPELLO,1082200,IMPORTED SCHNAPPS,421,SAZERAC COMPANY  INC,69638,DR MCGILLICUDDYS CHERRY,6,1750,15.00,22.50,12,263.88,21.00,5.54
INV-65793500074,2023-12-29T00:00:00.000,2543,HY-VEE FOOD STORE #1 (1504) / OTTUMWA,1025 NORTH QUINCY AVE,OTTUMWA,52501,POINT (-92.440066017 41.015284993),,WAPELLO,1081300,AMERICAN CORDIALS & LIQUEURS,421,SAZERAC COMPANY  INC,71886,AMARETTO E DOLCE,12,750,3.34,5.01,12,60.12,9.00,2.37
INV-65793500075,2023-12-29T00:00:00.000,2543,HY-VEE FOOD STORE #1 (1504) / OTTUMWA,1025 NORTH QUINCY AVE,OTTUMWA,52501,POINT (-92.440066017 41.015284993),,WAPELLO,1081200,CREAM LIQUEURS,205,E & J GALLO WINERY,73053,RUMCHATA,6,1000,17.50,26.25,6,157.50,6.00,1.58
INV-65793500076,2023-12-29T00:00:00.000,2543,HY-VEE FOOD STORE #1 (1504) / OTTUMWA,1025 NORTH QUINCY AVE,OTTUMWA,52501,POINT (-92.440066017 41.015284993),,WAPELLO,1081200,CREAM LIQUEURS,205,E & J GALLO WINERY,73054,RUMCHATA,6,1750,25.00,37.50,6,225.00,10.50,2.77
INV-65793500077,2023-12-29T00:00:00.000,2543,HY-VEE FOOD STORE #1 (1504) / OTTUMWA,1025 NORTH QUINCY AVE,OTTUMWA,52501,POINT (-92.440066017 41.015284993),,WAPELLO,1081200,CREAM LIQUEURS,205,E & J GALLO WINERY,73055,RUMCHATA,12,750,14.00,21.00,12,252.00,9.00,2.37
INV-65793500078,2023-12-29T00:00:00.000,2543,HY-VEE FOOD STORE #1 (1504) / OTTUMWA,1025 NORTH QUINCY AVE,OTTUMWA,52501,POINT (-92.440066017 41.015284993),,WAPELLO,1091300,NEUTRAL GRAIN SPIRITS FLAVORED,346,OLE SMOKY DISTILLERY LLC,76413,OLE SMOKY BUTTER PECAN MOONSHINE,6,750,13.00,19.50,6,117.00,4.50,1.18
INV-65793500079,2023-12-29T00:00:00.000,2543,HY-VEE FOOD STORE #1 (1504) / OTTUMWA,1025 NORTH QUINCY AVE,OTTUMWA,52501,POINT (-92.440066017 41.015284993),,WAPELLO,1031200,AMERICAN FLAVORED VODKA,118,AMERICAN SPIRITS EXCHANGE,76501,THE ORIGINAL PICKLE SHOT DILL PICKLE VODKA,12,750,8.34,12.51,12,150.12,9.00,2.37
INV-65793500080,2023-12-29T00:00:00.000,2543,HY-VEE FOOD STORE #1 (1504) / OTTUMWA,1025 NORTH QUINCY AVE,OTTUMWA,52501,POINT (-92.440066017 41.015284993),,WAPELLO,1011400,TENNESSEE WHISKIES,346,OLE SMOKY DISTILLERY LLC,76502,OLE SMOKY COOKIE DOUGH WHISKEY,6,750,11.00,16.50,6,99.00,4.50,1.18
INV-65793500081,2023-12-29T00:00:00.000,2543,HY-VEE FOOD STORE #1 (1504) / OTTUMWA,1025 NORTH QUINCY AVE,OTTUMWA,52501,POINT (-92.440066017 41.015284993),,WAPELLO,1081200,CREAM LIQUEURS,306,MISSISSIPPI RIVER DISTILLING COMPANY LLC,80236,IOWISH CREAM LIQUEUR,6,750,12.50,18.75,6,112.50,4.50,1.18
INV-65793500082,2023-12-29T00:00:00.000,2543,HY-VEE FOOD STORE #1 (1504) / OTTUMWA,1025 NORTH QUINCY AVE,OTTUMWA,52501,POINT (-92.440066017 41.015284993),,WAPELLO,1081400,AMERICAN SCHNAPPS,065,JIM BEAM BRANDS,82786,DEKUYPER BUTTERSHOTS,12,750,6.75,10.13,12,121.56,9.00,2.37
INV-65793500083,2023-12-29T00:00:00.000,2543,HY-VEE FOOD STORE #1 (1504) / OTTUMWA,1025 NORTH QUINCY AVE,OTTUMWA,52501,POINT (-92.440066017 41.015284993),,WAPELLO,1081400,AMERICAN SCHNAPPS,065,JIM BEAM BRANDS,82826,DEKUYPER RAGIN' ROOT BEER,12,750,6.75,10.13,12,121.56,9.00,2.37
INV-65793500085,2023-12-29T00:00:00.000,2543,HY-VEE FOOD STORE #1 (1504) / OTTUMWA,1025 NORTH QUINCY AVE,OTTUMWA,52501,POINT (-92.440066017 41.015284993),,WAPELLO,1081400,AMERICAN SCHNAPPS,065,JIM BEAM BRANDS,82847,DEKUYPER LUSCIOUS PEACHTREE,12,1000,7.87,11.81,12,141.72,12.00,3.17
INV-65793500086,2023-12-29T00:00:00.000,2543,HY-VEE FOOD STORE #1 (1504) / OTTUMWA,1025 NORTH QUINCY AVE,OTTUMWA,52501,POINT (-92.440066017 41.015284993),,WAPELLO,1081400,AMERICAN SCHNAPPS,065,JIM BEAM BRANDS,82849,DEKUYPER LUSCIOUS PEACHTREE PET,6,1750,11.75,17.63,12,211.56,21.00,5.54
INV-65793500087,2023-12-29T00:00:00.000,2543,HY-VEE FOOD STORE #1 (1504) / OTTUMWA,1025 NORTH QUINCY AVE,OTTUMWA,52501,POINT (-92.440066017 41.015284993),,WAPELLO,1081400,AMERICAN SCHNAPPS,065,JIM BEAM BRANDS,82866,DEKUYPER WATERMELON PUCKER,12,750,6.75,10.13,12,121.56,9.00,2.37
INV-65793500088,2023-12-29T00:00:00.000,2543,HY-VEE FOOD STORE #1 (1504) / OTTUMWA,1025 NORTH QUINCY AVE,OTTUMWA,52501,POINT (-92.440066017 41.015284993),,WAPELLO,1081500,TRIPLE SEC,065,JIM BEAM BRANDS,86112,DEKUYPER TRIPLE SEC,12,1000,2.33,3.50,12,42.00,12.00,3.17
INV-65793500091,2023-12-29T00:00:00.000,2543,HY-VEE FOOD STORE #1 (1504) / OTTUMWA,1025 NORTH QUINCY AVE,OTTUMWA,52501,POINT (-92.440066017 41.015284993),,WAPELLO,1091300,NEUTRAL GRAIN SPIRITS FLAVORED,346,OLE SMOKY DISTILLERY LLC,86843,OLE SMOKY SALTY CARAMEL WHISKEY,6,750,11.00,16.50,6,99.00,4.50,1.18
INV-65793500092,2023-12-29T00:00:00.000,2543,HY-VEE FOOD STORE #1 (1504) / OTTUMWA,1025 NORTH QUINCY AVE,OTTUMWA,52501,POINT (-92.440066017 41.015284993),,WAPELLO,1081600,WHISKEY LIQUEUR,421,SAZERAC COMPANY  INC,86888,SOUTHERN COMFORT PET,6,1750,20.26,30.39,6,182.34,10.50,2.77
INV-65793500093,2023-12-29T00:00:00.000,2543,HY-VEE FOOD STORE #1 (1504) / OTTUMWA,1025 NORTH QUINCY AVE,OTTUMWA,52501,POINT (-92.440066017 41.015284993),,WAPELLO,1022200,100% AGAVE TEQUILA,421,SAZERAC COMPANY  INC,87380,CORAZON DE AGAVE BLANCO,6,750,11.75,17.63,6,105.78,4.50,1.18
INV-65793500094,2023-12-29T00:00:00.000,2543,HY-VEE FOOD STORE #1 (1504) / OTTUMWA,1025 NORTH QUINCY AVE,OTTUMWA,52501,POINT (-92.440066017 41.015284993),,WAPELLO,1022100,MIXTO TEQUILA,395,PROXIMO,87410,JOSE CUERVO ESPECIAL SILVER,6,1750,23.00,34.50,6,207.00,10.50,2.77
INV-65793500095,2023-12-29T00:00:00.000,2543,HY-VEE FOOD STORE #1 (1504) / OTTUMWA,1025 NORTH QUINCY AVE,OTTUMWA,52501,POINT (-92.440066017 41.015284993),,WAPELLO,1022200,100% AGAVE TEQUILA,434,LUXCO INC,87596,EL MAYOR BLANCO,6,750,16.00,24.00,6,144.00,4.50,1.18
INV-65793500096,2023-12-29T00:00:00.000,2543,HY-VEE FOOD STORE #1 (1504) / OTTUMWA,1025 NORTH QUINCY AVE,OTTUMWA,52501,POINT (-92.440066017 41.015284993),,WAPELLO,1022200,100% AGAVE TEQUILA,192,"MAST-JAGERMEISTER US, INC",88355,TEREMANA BLANCO TEQUILA,6,1000,18.46,27.69,6,166.14,6.00,1.58
INV-65793500097,2023-12-29T00:00:00.000,2543,HY-VEE FOOD STORE #1 (1504) / OTTUMWA,1025 NORTH QUINCY AVE,OTTUMWA,52501,POINT (-92.440066017 41.015284993),,WAPELLO,1022100,MIXTO TEQUILA,395,PROXIMO,89196,JOSE CUERVO ESPECIAL REPOSADO,12,750,12.00,18.00,12,216.00,9.00,2.37
INV-65793500098,2023-12-29T00:00:00.000,2543,HY-VEE FOOD STORE #1 (1504) / OTTUMWA,1025 NORTH QUINCY AVE,OTTUMWA,52501,POINT (-92.440066017 41.015284993),,WAPELLO,1022100,MIXTO TEQUILA,395,PROXIMO,89197,JOSE CUERVO ESPECIAL REPOSADO,12,1000,15.00,22.50,12,261.00,12.00,3.17
INV-65793600001,2023-12-29T00:00:00.000,2543,HY-VEE FOOD STORE #1 (1504) / OTTUMWA,1025 NORTH QUINCY AVE,OTTUMWA,52501,POINT (-92.440066017 41.015284993),,WAPELLO,1012100,CANADIAN WHISKIES,260,DIAGEO AMERICAS,10778,CROWN ROYAL PEACH,6,1750,33.99,50.99,48,2447.52,84.00,22.19
INV-65793600002,2023-12-29T00:00:00.000,2543,HY-VEE FOOD STORE #1 (1504) / OTTUMWA,1025 NORTH QUINCY AVE,OTTUMWA,52501,POINT (-92.440066017 41.015284993),,WAPELLO,1012100,CANADIAN WHISKIES,260,DIAGEO AMERICAS,10802,CROWN ROYAL PEACH,12,750,17.49,26.24,60,1574.40,45.00,11.88
INV-65793600003,2023-12-29T00:00:00.000,2543,HY-VEE FOOD STORE #1 (1504) / OTTUMWA,1025 NORTH QUINCY AVE,OTTUMWA,52501,POINT (-92.440066017 41.015284993),,WAPELLO,1012100,CANADIAN WHISKIES,260,DIAGEO AMERICAS,10807,CROWN ROYAL REGAL APPLE,12,750,17.49,26.24,48,1259.52,36.00,9.51
INV-65793600004,2023-12-29T00:00:00.000,2543,HY-VEE FOOD STORE #1 (1504) / OTTUMWA,1025 NORTH QUINCY AVE,OTTUMWA,52501,POINT (-92.440066017 41.015284993),,WAPELLO,1012100,CANADIAN WHISKIES,260,DIAGEO AMERICAS,10809,CROWN ROYAL REGAL APPLE,6,1750,33.99,50.99,30,1529.70,52.50,13.86
INV-65793600005,2023-12-29T00:00:00.000,2543,HY-VEE FOOD STORE #1 (1504) / OTTUMWA,1025 NORTH QUINCY AVE,OTTUMWA,52501,POINT (-92.440066017 41.015284993),,WAPELLO,1012100,CANADIAN WHISKIES,260,DIAGEO AMERICAS,11296,CROWN ROYAL,12,750,17.49,26.24,60,1574.40,45.00,11.88
INV-65793600006,2023-12-29T00:00:00.000,2543,HY-VEE FOOD STORE #1 (1504) / OTTUMWA,1025 NORTH QUINCY AVE,OTTUMWA,52501,POINT (-92.440066017 41.015284993),,WAPELLO,1012100,CANADIAN WHISKIES,260,DIAGEO AMERICAS,11298,CROWN ROYAL,6,1750,33.99,50.99,60,3059.40,105.00,27.73
INV-65793600007,2023-12-29T00:00:00.000,2543,HY-VEE FOOD STORE #1 (1504) / OTTUMWA,1025 NORTH QUINCY AVE,OTTUMWA,52501,POINT (-92.440066017 41.015284993),,WAPELLO,1012100,CANADIAN WHISKIES,259,HEAVEN HILL BRANDS,11788,BLACK VELVET,6,1750,11.00,16.50,90,1485.00,157.50,41.60
INV-65793600008,2023-12-29T00:00:00.000,2543,HY-VEE FOOD STORE #1 (1504) / OTTUMWA,1025 NORTH QUINCY AVE,OTTUMWA,52501,POINT (-92.440066017 41.015284993),,WAPELLO,1031100,AMERICAN VODKAS,301,FIFTH GENERATION INC,38176,TITOS HANDMADE VODKA,12,750,10.00,15.00,240,3600.00,180.00,47.55
INV-65793600009,2023-12-29T00:00:00.000,2543,HY-VEE FOOD STORE #1 (1504) / OTTUMWA,1025 NORTH QUINCY AVE,OTTUMWA,52501,POINT (-92.440066017 41.015284993),,WAPELLO,1012400,IRISH WHISKIES,370,PERNOD RICARD USA,65487,JAMESON ORANGE,6,750,14.99,22.49,6,134.94,4.50,1.18
INV-65793700001,2023-12-29T00:00:00.000,2710,HY-VEE GAS #1 / OTTUMWA,1027 N QUINCY AVE,OTTUMWA,52501,POINT (-92.439242998 41.01612398),,WAPELLO,1081600,WHISKEY LIQUEUR,421,SAZERAC COMPANY  INC,100423,FIREBALL CINNAMON WHISKEY 100ML CARRIER,8,100,6.00,9.00,8,72.00,0.80,0.21
INV-65793700002,2023-12-29T00:00:00.000,2710,HY-VEE GAS #1 / OTTUMWA,1027 N QUINCY AVE,OTTUMWA,52501,POINT (-92.439242998 41.01612398),,WAPELLO,1701100,TEMPORARY & SPECIALTY PACKAGES,421,SAZERAC COMPANY  INC,100938,FIREBALL VALENTINE PACK,1,50,51.60,77.40,1,77.40,0.05,0.01
INV-65793700003,2023-12-29T00:00:00.000,2710,HY-VEE GAS #1 / OTTUMWA,1027 N QUINCY AVE,OTTUMWA,52501,POINT (-92.439242998 41.01612398),,WAPELLO,1012100,CANADIAN WHISKIES,260,DIAGEO AMERICAS,10790,CROWN ROYAL VANILLA,24,375,8.49,12.74,3,38.22,1.12,0.29
INV-65793700004,2023-12-29T00:00:00.000,2710,HY-VEE GAS #1 / OTTUMWA,1027 N QUINCY AVE,OTTUMWA,52501,POINT (-92.439242998 41.01612398),,WAPELLO,1012100,CANADIAN WHISKIES,260,DIAGEO AMERICAS,10791,CROWN ROYAL VANILLA,12,750,17.49,26.24,3,78.72,2.25,0.59
INV-65793700005,2023-12-29T00:00:00.000,2710,HY-VEE GAS #1 / OTTUMWA,1027 N QUINCY AVE,OTTUMWA,52501,POINT (-92.439242998 41.01612398),,WAPELLO,1012100,CANADIAN WHISKIES,260,DIAGEO AMERICAS,10802,CROWN ROYAL PEACH,12,750,17.49,26.24,4,104.96,3.00,0.79
INV-65793700006,2023-12-29T00:00:00.000,2710,HY-VEE GAS #1 / OTTUMWA,1027 N QUINCY AVE,OTTUMWA,52501,POINT (-92.439242998 41.01612398),,WAPELLO,1012100,CANADIAN WHISKIES,260,DIAGEO AMERICAS,10803,CROWN ROYAL REGAL APPLE MINI,10,50,9.95,14.93,2,29.86,0.10,0.02
INV-65793700007,2023-12-29T00:00:00.000,2710,HY-VEE GAS #1 / OTTUMWA,1027 N QUINCY AVE,OTTUMWA,52501,POINT (-92.439242998 41.01612398),,WAPELLO,1012100,CANADIAN WHISKIES,260,DIAGEO AMERICAS,10805,CROWN ROYAL REGAL APPLE,24,375,8.49,12.74,6,76.44,2.25,0.59
INV-65793700008,2023-12-29T00:00:00.000,2710,HY-VEE GAS #1 / OTTUMWA,1027 N QUINCY AVE,OTTUMWA,52501,POINT (-92.439242998 41.01612398),,WAPELLO,1012100,CANADIAN WHISKIES,260,DIAGEO AMERICAS,10807,CROWN ROYAL REGAL APPLE,12,750,17.49,26.24,3,78.72,2.25,0.59
INV-65793700009,2023-12-29T00:00:00.000,2710,HY-VEE GAS #1 / OTTUMWA,1027 N QUINCY AVE,OTTUMWA,52501,POINT (-92.439242998 41.01612398),,WAPELLO,1012100,CANADIAN WHISKIES,260,DIAGEO AMERICAS,11296,CROWN ROYAL,12,750,17.49,26.24,3,78.72,2.25,0.59
INV-65793700010,2023-12-29T00:00:00.000,2710,HY-VEE GAS #1 / OTTUMWA,1027 N QUINCY AVE,OTTUMWA,52501,POINT (-92.439242998 41.01612398),,WAPELLO,1012100,CANADIAN WHISKIES,259,HEAVEN HILL BRANDS,11776,BLACK VELVET,12,750,5.50,8.25,3,24.75,2.25,0.59
INV-65793700011,2023-12-29T00:00:00.000,2710,HY-VEE GAS #1 / OTTUMWA,1027 N QUINCY AVE,OTTUMWA,52501,POINT (-92.439242998 41.01612398),,WAPELLO,1012100,CANADIAN WHISKIES,259,HEAVEN HILL BRANDS,11788,BLACK VELVET,6,1750,11.00,16.50,3,49.50,5.25,1.38
INV-65793700012,2023-12-29T00:00:00.000,2710,HY-VEE GAS #1 / OTTUMWA,1027 N QUINCY AVE,OTTUMWA,52501,POINT (-92.439242998 41.01612398),,WAPELLO,1012400,IRISH WHISKIES,370,PERNOD RICARD USA,15644,JAMESON,24,375,9.49,14.24,6,85.44,2.25,0.59
INV-65793700013,2023-12-29T00:00:00.000,2710,HY-VEE GAS #1 / OTTUMWA,1027 N QUINCY AVE,OTTUMWA,52501,POINT (-92.439242998 41.01612398),,WAPELLO,1011200,STRAIGHT BOURBON WHISKIES,065,JIM BEAM BRANDS,19021,JIM BEAM BLACK MINI,12,50,8.30,12.45,1,12.45,0.05,0.01
INV-65793700014,2023-12-29T00:00:00.000,2710,HY-VEE GAS #1 / OTTUMWA,1027 N QUINCY AVE,OTTUMWA,52501,POINT (-92.439242998 41.01612398),,WAPELLO,1011200,STRAIGHT BOURBON WHISKIES,065,JIM BEAM BRANDS,19061,JIM BEAM MINI,12,50,7.00,10.50,2,21.00,0.10,0.02
INV-65793700015,2023-12-29T00:00:00.000,2710,HY-VEE GAS #1 / OTTUMWA,1027 N QUINCY AVE,OTTUMWA,52501,POINT (-92.439242998 41.01612398),,WAPELLO,1011200,STRAIGHT BOURBON WHISKIES,065,JIM BEAM BRANDS,19062,JIM BEAM,48,100,1.40,2.10,6,12.60,0.60,0.15
INV-65793700016,2023-12-29T00:00:00.000,2710,HY-VEE GAS #1 / OTTUMWA,1027 N QUINCY AVE,OTTUMWA,52501,POINT (-92.439242998 41.01612398),,WAPELLO,1011200,STRAIGHT BOURBON WHISKIES,065,JIM BEAM BRANDS,19066,JIM BEAM,12,750,11.00,16.50,4,66.00,3.00,0.79
INV-65793700017,2023-12-29T00:00:00.000,2710,HY-VEE GAS #1 / OTTUMWA,1027 N QUINCY AVE,OTTUMWA,52501,POINT (-92.439242998 41.01612398),,WAPELLO,1011200,STRAIGHT BOURBON WHISKIES,065,JIM BEAM BRANDS,19471,MAKERS MARK MINI,10,50,16.80,25.20,2,50.40,0.10,0.02
INV-65793700018,2023-12-29T00:00:00.000,2710,HY-VEE GAS #1 / OTTUMWA,1027 N QUINCY AVE,OTTUMWA,52501,POINT (-92.439242998 41.01612398),,WAPELLO,1011200,STRAIGHT BOURBON WHISKIES,065,JIM BEAM BRANDS,26370,JIM BEAM ORANGE,12,750,11.00,16.50,4,66.00,3.00,0.79
INV-65793700019,2023-12-29T00:00:00.000,2710,HY-VEE GAS #1 / OTTUMWA,1027 N QUINCY AVE,OTTUMWA,52501,POINT (-92.439242998 41.01612398),,WAPELLO,1011400,TENNESSEE WHISKIES,085,BROWN FORMAN CORP.,26821,JACK DANIELS OLD #7 BLACK LABEL MINI,12,50,11.50,17.25,2,34.50,0.10,0.02
INV-65793700020,2023-12-29T00:00:00.000,2710,HY-VEE GAS #1 / OTTUMWA,1027 N QUINCY AVE,OTTUMWA,52501,POINT (-92.439242998 41.01612398),,WAPELLO,1011400,TENNESSEE WHISKIES,085,BROWN FORMAN CORP.,26824,JACK DANIELS OLD #7 BLACK LABEL SQUARE,24,375,8.25,12.38,4,49.52,1.50,0.39
INV-65793700021,2023-12-29T00:00:00.000,2710,HY-VEE GAS #1 / OTTUMWA,1027 N QUINCY AVE,OTTUMWA,52501,POINT (-92.439242998 41.01612398),,WAPELLO,1011200,STRAIGHT BOURBON WHISKIES,065,JIM BEAM BRANDS,27408,JIM BEAM HONEY MINI,12,50,7.00,10.50,1,10.50,0.05,0.01
INV-65793700022,2023-12-29T00:00:00.000,2710,HY-VEE GAS #1 / OTTUMWA,1027 N QUINCY AVE,OTTUMWA,52501,POINT (-92.439242998 41.01612398),,WAPELLO,1011200,STRAIGHT BOURBON WHISKIES,065,JIM BEAM BRANDS,27780,JIM BEAM APPLE MINI,12,50,7.00,10.50,1,10.50,0.05,0.01
INV-65793700023,2023-12-29T00:00:00.000,2710,HY-VEE GAS #1 / OTTUMWA,1027 N QUINCY AVE,OTTUMWA,52501,POINT (-92.439242998 41.01612398),,WAPELLO,1011200,STRAIGHT BOURBON WHISKIES,065,JIM BEAM BRANDS,27781,JIM BEAM APPLE,48,100,1.40,2.10,6,12.60,0.60,0.15
INV-65793700024,2023-12-29T00:00:00.000,2710,HY-VEE GAS #1 / OTTUMWA,1027 N QUINCY AVE,OTTUMWA,52501,POINT (-92.439242998 41.01612398),,WAPELLO,1011200,STRAIGHT BOURBON WHISKIES,065,JIM BEAM BRANDS,28039,JIM BEAM VANILLA MINI,12,50,7.00,10.50,2,21.00,0.10,0.02
INV-65793700025,2023-12-29T00:00:00.000,2710,HY-VEE GAS #1 / OTTUMWA,1027 N QUINCY AVE,OTTUMWA,52501,POINT (-92.439242998 41.01612398),,WAPELLO,1011200,STRAIGHT BOURBON WHISKIES,065,JIM BEAM BRANDS,28275,JIM BEAM PEACH MINI,12,50,7.00,10.50,1,10.50,0.05,0.01
INV-65793700026,2023-12-29T00:00:00.000,2710,HY-VEE GAS #1 / OTTUMWA,1027 N QUINCY AVE,OTTUMWA,52501,POINT (-92.439242998 41.01612398),,WAPELLO,1011200,STRAIGHT BOURBON WHISKIES,065,JIM BEAM BRANDS,28276,JIM BEAM PEACH,48,100,1.40,2.10,6,12.60,0.60,0.15
INV-65793700027,2023-12-29T00:00:00.000,2710,HY-VEE GAS #1 / OTTUMWA,1027 N QUINCY AVE,OTTUMWA,52501,POINT (-92.439242998 41.01612398),,WAPELLO,1031100,AMERICAN VODKAS,434,LUXCO INC,36301,HAWKEYE VODKA MINI,12,50,4.50,6.75,2,13.50,0.10,0.02
INV-65793700028,2023-12-29T00:00:00.000,2710,HY-VEE GAS #1 / OTTUMWA,1027 N QUINCY AVE,OTTUMWA,52501,POINT (-92.439242998 41.01612398),,WAPELLO,1031100,AMERICAN VODKAS,434,LUXCO INC,36302,HAWKEYE VODKA,48,200,1.24,1.86,6,11.16,1.20,0.31
INV-65793700029,2023-12-29T00:00:00.000,2710,HY-VEE GAS #1 / OTTUMWA,1027 N QUINCY AVE,OTTUMWA,52501,POINT (-92.439242998 41.01612398),,WAPELLO,1031100,AMERICAN VODKAS,434,LUXCO INC,36308,HAWKEYE VODKA,6,1750,7.50,11.25,2,22.50,3.50,0.92
INV-65793700030,2023-12-29T00:00:00.000,2710,HY-VEE GAS #1 / OTTUMWA,1027 N QUINCY AVE,OTTUMWA,52501,POINT (-92.439242998 41.01612398),,WAPELLO,1031100,AMERICAN VODKAS,777,"BLUE OX SPIRITS, INC.",36873,BLUE OX VODKA,12,750,3.90,5.85,4,23.40,3.00,0.79
INV-65793700031,2023-12-29T00:00:00.000,2710,HY-VEE GAS #1 / OTTUMWA,1027 N QUINCY AVE,OTTUMWA,52501,POINT (-92.439242998 41.01612398),,WAPELLO,1031100,AMERICAN VODKAS,301,FIFTH GENERATION INC,38176,TITOS HANDMADE VODKA,12,750,10.00,15.00,2,30.00,1.50,0.39
INV-65793700032,2023-12-29T00:00:00.000,2710,HY-VEE GAS #1 / OTTUMWA,1027 N QUINCY AVE,OTTUMWA,52501,POINT (-92.439242998 41.01612398),,WAPELLO,1031100,AMERICAN VODKAS,301,FIFTH GENERATION INC,38179,TITOS HANDMADE VODKA,24,200,3.49,5.24,6,31.44,1.20,0.31
INV-65793700033,2023-12-29T00:00:00.000,2710,HY-VEE GAS #1 / OTTUMWA,1027 N QUINCY AVE,OTTUMWA,52501,POINT (-92.439242998 41.01612398),,WAPELLO,1031100,AMERICAN VODKAS,301,FIFTH GENERATION INC,38194,TITOS HANDMADE VODKA MINI,5,50,12.80,19.20,2,38.40,0.10,0.02
INV-65793700034,2023-12-29T00:00:00.000,2710,HY-VEE GAS #1 / OTTUMWA,1027 N QUINCY AVE,OTTUMWA,52501,POINT (-92.439242998 41.01612398),,WAPELLO,1062500,FLAVORED RUM,370,PERNOD RICARD USA,42716,MALIBU COCONUT,12,750,8.99,13.49,2,26.98,1.50,0.39
INV-65793700035,2023-12-29T00:00:00.000,2710,HY-VEE GAS #1 / OTTUMWA,1027 N QUINCY AVE,OTTUMWA,52501,POINT (-92.439242998 41.01612398),,WAPELLO,1062400,SPICED RUM,260,DIAGEO AMERICAS,43331,CAPTAIN MORGAN ORIGINAL SPICED MINI,12,50,4.80,7.20,2,14.40,0.10,0.02
INV-65793700036,2023-12-29T00:00:00.000,2710,HY-VEE GAS #1 / OTTUMWA,1027 N QUINCY AVE,OTTUMWA,52501,POINT (-92.439242998 41.01612398),,WAPELLO,1062400,SPICED RUM,260,DIAGEO AMERICAS,43336,CAPTAIN MORGAN ORIGINAL SPICED,12,750,9.49,14.24,2,28.48,1.50,0.39
INV-65793700037,2023-12-29T00:00:00.000,2710,HY-VEE GAS #1 / OTTUMWA,1027 N QUINCY AVE,OTTUMWA,52501,POINT (-92.439242998 41.01612398),,WAPELLO,1062400,SPICED RUM,395,PROXIMO,46504,KRAKEN BLACK SPICED RUM,12,750,11.00,16.50,2,33.00,1.50,0.39
INV-65793700038,2023-12-29T00:00:00.000,2710,HY-VEE GAS #1 / OTTUMWA,1027 N QUINCY AVE,OTTUMWA,52501,POINT (-92.439242998 41.01612398),,WAPELLO,1062500,FLAVORED RUM,370,PERNOD RICARD USA,46550,MALIBU COCONUT MINI,12,50,9.90,14.85,2,29.70,0.10,0.02
INV-65793700039,2023-12-29T00:00:00.000,2710,HY-VEE GAS #1 / OTTUMWA,1027 N QUINCY AVE,OTTUMWA,52501,POINT (-92.439242998 41.01612398),,WAPELLO,1081600,WHISKEY LIQUEUR,421,SAZERAC COMPANY  INC,64858,FIREBALL CINNAMON WHISKEY MINI DISPENSER,1,50,25.80,38.70,1,38.70,0.05,0.01
INV-65793700040,2023-12-29T00:00:00.000,2710,HY-VEE GAS #1 / OTTUMWA,1027 N QUINCY AVE,OTTUMWA,52501,POINT (-92.439242998 41.01612398),,WAPELLO,1081600,WHISKEY LIQUEUR,421,SAZERAC COMPANY  INC,64863,FIREBALL CINNAMON WHISKEY,48,200,2.50,3.75,48,180.00,9.60,2.53
INV-65793700041,2023-12-29T00:00:00.000,2710,HY-VEE GAS #1 / OTTUMWA,1027 N QUINCY AVE,OTTUMWA,52501,POINT (-92.439242998 41.01612398),,WAPELLO,1081600,WHISKEY LIQUEUR,421,SAZERAC COMPANY  INC,64864,FIREBALL CINNAMON WHISKEY,24,375,5.33,8.00,24,192.00,9.00,2.37
INV-65793700042,2023-12-29T00:00:00.000,2710,HY-VEE GAS #1 / OTTUMWA,1027 N QUINCY AVE,OTTUMWA,52501,POINT (-92.439242998 41.01612398),,WAPELLO,1081600,WHISKEY LIQUEUR,421,SAZERAC COMPANY  INC,64866,FIREBALL CINNAMON WHISKEY,12,750,9.00,13.50,2,27.00,1.50,0.39
INV-65793700043,2023-12-29T00:00:00.000,2710,HY-VEE GAS #1 / OTTUMWA,1027 N QUINCY AVE,OTTUMWA,52501,POINT (-92.439242998 41.01612398),,WAPELLO,1081600,WHISKEY LIQUEUR,421,SAZERAC COMPANY  INC,64870,FIREBALL CINNAMON WHISKEY,48,100,1.00,1.50,48,72.00,4.80,1.26
INV-65793700044,2023-12-29T00:00:00.000,2710,HY-VEE GAS #1 / OTTUMWA,1027 N QUINCY AVE,OTTUMWA,52501,POINT (-92.439242998 41.01612398),,WAPELLO,1081600,WHISKEY LIQUEUR,421,SAZERAC COMPANY  INC,65013,FIREBALL CINNAMON WHISKEY MINI SLEEVE,12,50,4.30,6.45,12,77.40,0.60,0.15
INV-65793700045,2023-12-29T00:00:00.000,2710,HY-VEE GAS #1 / OTTUMWA,1027 N QUINCY AVE,OTTUMWA,52501,POINT (-92.439242998 41.01612398),,WAPELLO,1081200,CREAM LIQUEURS,300,MCCORMICK DISTILLING CO.,65204,TEQUILA ROSE LIQUEUR MINI,6,50,5.90,8.85,2,14.10,0.10,0.02
INV-65793700046,2023-12-29T00:00:00.000,2710,HY-VEE GAS #1 / OTTUMWA,1027 N QUINCY AVE,OTTUMWA,52501,POINT (-92.439242998 41.01612398),,WAPELLO,1082200,IMPORTED SCHNAPPS,421,SAZERAC COMPANY  INC,69631,DR MCGILLICUDDYS CHERRY MINI,12,50,5.00,7.50,6,45.00,0.30,0.07
INV-65793700048,2023-12-29T00:00:00.000,2710,HY-VEE GAS #1 / OTTUMWA,1027 N QUINCY AVE,OTTUMWA,52501,POINT (-92.439242998 41.01612398),,WAPELLO,1091100,AMERICAN DISTILLED SPIRITS SPECIALTY,384,PIEDMONT DISTILLERS INC,76023,MIDNIGHT MOON PEACH MINI,4,50,17.16,25.74,1,25.74,0.05,0.01
INV-65793700049,2023-12-29T00:00:00.000,2710,HY-VEE GAS #1 / OTTUMWA,1027 N QUINCY AVE,OTTUMWA,52501,POINT (-92.439242998 41.01612398),,WAPELLO,1701100,TEMPORARY & SPECIALTY PACKAGES,384,PIEDMONT DISTILLERS INC,76070,MIDNIGHT MOON PEPPERMINT MINIS,4,50,17.16,25.74,1,25.74,0.05,0.01
INV-65793700050,2023-12-29T00:00:00.000,2710,HY-VEE GAS #1 / OTTUMWA,1027 N QUINCY AVE,OTTUMWA,52501,POINT (-92.439242998 41.01612398),,WAPELLO,1081300,AMERICAN CORDIALS & LIQUEURS,772,INTERCONTINENTAL PACKAGING COMPANY/PRESTIGE BEVERAGE GROUP,76262,KINKY PEACH MANGO MINI,6,50,4.84,7.26,1,7.26,0.05,0.01
INV-65793700051,2023-12-29T00:00:00.000,2710,HY-VEE GAS #1 / OTTUMWA,1027 N QUINCY AVE,OTTUMWA,52501,POINT (-92.439242998 41.01612398),,WAPELLO,1091300,NEUTRAL GRAIN SPIRITS FLAVORED,346,OLE SMOKY DISTILLERY LLC,76412,OLE SMOKY BUTTER PECAN MOONSHINE MINI,8,50,8.75,13.13,1,13.13,0.05,0.01
INV-65793700052,2023-12-29T00:00:00.000,2710,HY-VEE GAS #1 / OTTUMWA,1027 N QUINCY AVE,OTTUMWA,52501,POINT (-92.439242998 41.01612398),,WAPELLO,1091300,NEUTRAL GRAIN SPIRITS FLAVORED,346,OLE SMOKY DISTILLERY LLC,76414,OLE SMOKY PICKLES MOONSHINE,6,750,13.00,19.50,2,39.00,1.50,0.39
INV-65793700053,2023-12-29T00:00:00.000,2710,HY-VEE GAS #1 / OTTUMWA,1027 N QUINCY AVE,OTTUMWA,52501,POINT (-92.439242998 41.01612398),,WAPELLO,1091300,NEUTRAL GRAIN SPIRITS FLAVORED,346,OLE SMOKY DISTILLERY LLC,80358,OLE SMOKY ORANGE SHINESICLE MOONSHINE MINI,8,50,8.75,13.13,1,13.13,0.05,0.01
INV-65793700054,2023-12-29T00:00:00.000,2710,HY-VEE GAS #1 / OTTUMWA,1027 N QUINCY AVE,OTTUMWA,52501,POINT (-92.439242998 41.01612398),,WAPELLO,1091300,NEUTRAL GRAIN SPIRITS FLAVORED,346,OLE SMOKY DISTILLERY LLC,80362,OLE SMOKY ORANGE SHINESICLE MOONSHINE,6,750,13.00,19.50,2,39.00,1.50,0.39
INV-65793700055,2023-12-29T00:00:00.000,2710,HY-VEE GAS #1 / OTTUMWA,1027 N QUINCY AVE,OTTUMWA,52501,POINT (-92.439242998 41.01612398),,WAPELLO,1091300,NEUTRAL GRAIN SPIRITS FLAVORED,346,OLE SMOKY DISTILLERY LLC,80363,OLE SMOKY BANANA PUDDING CREAM MOONSHINE,6,750,13.00,19.50,2,39.00,1.50,0.39
INV-65793700056,2023-12-29T00:00:00.000,2710,HY-VEE GAS #1 / OTTUMWA,1027 N QUINCY AVE,OTTUMWA,52501,POINT (-92.439242998 41.01612398),,WAPELLO,1091300,NEUTRAL GRAIN SPIRITS FLAVORED,346,OLE SMOKY DISTILLERY LLC,80365,OLE SMOKY WHITE CHOCOLATE STRAWBERRY CREAM,6,750,13.00,19.50,4,78.00,3.00,0.79
INV-65793700057,2023-12-29T00:00:00.000,2710,HY-VEE GAS #1 / OTTUMWA,1027 N QUINCY AVE,OTTUMWA,52501,POINT (-92.439242998 41.01612398),,WAPELLO,1091300,NEUTRAL GRAIN SPIRITS FLAVORED,346,OLE SMOKY DISTILLERY LLC,80371,OLE SMOKY MOUNTAIN JAVA MOONSHINE MINI,8,50,8.75,13.13,1,13.13,0.05,0.01
INV-65793700058,2023-12-29T00:00:00.000,2710,HY-VEE GAS #1 / OTTUMWA,1027 N QUINCY AVE,OTTUMWA,52501,POINT (-92.439242998 41.01612398),,WAPELLO,1091300,NEUTRAL GRAIN SPIRITS FLAVORED,346,OLE SMOKY DISTILLERY LLC,80398,OLE SMOKY WHITE CHOCOLATE STRAWBERRY MOONSHINE MINI,8,50,8.75,13.13,2,26.26,0.10,0.02
INV-65793700059,2023-12-29T00:00:00.000,2710,HY-VEE GAS #1 / OTTUMWA,1027 N QUINCY AVE,OTTUMWA,52501,POINT (-92.439242998 41.01612398),,WAPELLO,1701100,TEMPORARY & SPECIALTY PACKAGES,481,SUGARLANDS DISTILLING COMPANY LLC,80545,KELLOGGS EGGO NOG SIPPIN CREAM,6,750,12.80,19.20,2,38.40,1.50,0.39
INV-65793700060,2023-12-29T00:00:00.000,2710,HY-VEE GAS #1 / OTTUMWA,1027 N QUINCY AVE,OTTUMWA,52501,POINT (-92.439242998 41.01612398),,WAPELLO,1081400,AMERICAN SCHNAPPS,421,SAZERAC COMPANY  INC,84145,99 GRAPES PET MINI,1,50,51.60,77.40,1,77.40,0.05,0.01
INV-65793700061,2023-12-29T00:00:00.000,2710,HY-VEE GAS #1 / OTTUMWA,1027 N QUINCY AVE,OTTUMWA,52501,POINT (-92.439242998 41.01612398),,WAPELLO,1012100,CANADIAN WHISKIES,259,HEAVEN HILL BRANDS,86454,BLACK VELVET APPLE MINI,8,50,8.87,13.31,1,13.31,0.05,0.01
INV-65793700062,2023-12-29T00:00:00.000,2710,HY-VEE GAS #1 / OTTUMWA,1027 N QUINCY AVE,OTTUMWA,52501,POINT (-92.439242998 41.01612398),,WAPELLO,1011400,TENNESSEE WHISKIES,346,OLE SMOKY DISTILLERY LLC,86543,OLE SMOKY PEACH WHISKEY MINI,4,50,17.50,26.25,1,26.25,0.05,0.01
INV-65793700063,2023-12-29T00:00:00.000,2710,HY-VEE GAS #1 / OTTUMWA,1027 N QUINCY AVE,OTTUMWA,52501,POINT (-92.439242998 41.01612398),,WAPELLO,1011400,TENNESSEE WHISKIES,346,OLE SMOKY DISTILLERY LLC,86547,OLE SMOKY TENNESSEE SALTY WATERMELON WHISKEY MINI,4,50,17.50,26.25,1,26.25,0.05,0.01
INV-65793700064,2023-12-29T00:00:00.000,2710,HY-VEE GAS #1 / OTTUMWA,1027 N QUINCY AVE,OTTUMWA,52501,POINT (-92.439242998 41.01612398),,WAPELLO,1011400,TENNESSEE WHISKIES,085,BROWN FORMAN CORP.,86668,JACK DANIELS TENNESSEE HONEY MINI,12,50,11.50,17.25,2,34.50,0.10,0.02
INV-65793700065,2023-12-29T00:00:00.000,2710,HY-VEE GAS #1 / OTTUMWA,1027 N QUINCY AVE,OTTUMWA,52501,POINT (-92.439242998 41.01612398),,WAPELLO,1011400,TENNESSEE WHISKIES,085,BROWN FORMAN CORP.,86670,JACK DANIELS TENNESSEE HONEY,12,750,15.91,23.87,2,47.74,1.50,0.39
INV-65793700066,2023-12-29T00:00:00.000,2710,HY-VEE GAS #1 / OTTUMWA,1027 N QUINCY AVE,OTTUMWA,52501,POINT (-92.439242998 41.01612398),,WAPELLO,1091300,NEUTRAL GRAIN SPIRITS FLAVORED,346,OLE SMOKY DISTILLERY LLC,86739,OLE SMOKY APPLE PIE MOONSHINE 70PRF MINI,8,50,8.75,13.13,1,13.13,0.05,0.01
INV-65793700067,2023-12-29T00:00:00.000,2710,HY-VEE GAS #1 / OTTUMWA,1027 N QUINCY AVE,OTTUMWA,52501,POINT (-92.439242998 41.01612398),,WAPELLO,1091300,NEUTRAL GRAIN SPIRITS FLAVORED,346,OLE SMOKY DISTILLERY LLC,86785,OLE SMOKY APPLE PIE MOONSHINE 70PRF,6,750,13.00,19.50,3,58.50,2.25,0.59
INV-65793700068,2023-12-29T00:00:00.000,2710,HY-VEE GAS #1 / OTTUMWA,1027 N QUINCY AVE,OTTUMWA,52501,POINT (-92.439242998 41.01612398),,WAPELLO,1091300,NEUTRAL GRAIN SPIRITS FLAVORED,346,OLE SMOKY DISTILLERY LLC,86828,OLE SMOKY HUNCH PUNCH MOONSHINE MINI,8,50,8.75,13.13,1,13.13,0.05,0.01
INV-65793700069,2023-12-29T00:00:00.000,2710,HY-VEE GAS #1 / OTTUMWA,1027 N QUINCY AVE,OTTUMWA,52501,POINT (-92.439242998 41.01612398),,WAPELLO,1081600,WHISKEY LIQUEUR,421,SAZERAC COMPANY  INC,86881,SOUTHERN COMFORT MINI,10,50,5.16,7.74,1,7.74,0.05,0.01
INV-65793700070,2023-12-29T00:00:00.000,2710,HY-VEE GAS #1 / OTTUMWA,1027 N QUINCY AVE,OTTUMWA,52501,POINT (-92.439242998 41.01612398),,WAPELLO,1091200,NEUTRAL GRAIN SPIRITS,346,OLE SMOKY DISTILLERY LLC,86970,OLE SMOKY BLUE FLAME MOONSHINE MINI,8,50,8.75,13.13,1,13.13,0.05,0.01
INV-65793700071,2023-12-29T00:00:00.000,2710,HY-VEE GAS #1 / OTTUMWA,1027 N QUINCY AVE,OTTUMWA,52501,POINT (-92.439242998 41.01612398),,WAPELLO,1011400,TENNESSEE WHISKIES,346,OLE SMOKY DISTILLERY LLC,87018,OLE SMOKY PEACH WHISKEY,6,750,11.00,16.50,6,99.00,4.50,1.18
INV-65793700072,2023-12-29T00:00:00.000,2710,HY-VEE GAS #1 / OTTUMWA,1027 N QUINCY AVE,OTTUMWA,52501,POINT (-92.439242998 41.01612398),,WAPELLO,1022200,100% AGAVE TEQUILA,035,BACARDI USA INC,88285,PATRON SILVER 100ML,12,100,5.82,8.73,3,26.19,0.30,0.07
INV-65793700073,2023-12-29T00:00:00.000,2710,HY-VEE GAS #1 / OTTUMWA,1027 N QUINCY AVE,OTTUMWA,52501,POINT (-92.439242998 41.01612398),,WAPELLO,1022200,100% AGAVE TEQUILA,035,BACARDI USA INC,88296,PATRON SILVER,12,750,28.00,42.00,4,168.00,3.00,0.79
INV-65793700074,2023-12-29T00:00:00.000,2710,HY-VEE GAS #1 / OTTUMWA,1027 N QUINCY AVE,OTTUMWA,52501,POINT (-92.439242998 41.01612398),,WAPELLO,1022100,MIXTO TEQUILA,395,PROXIMO,89194,JOSE CUERVO ESPECIAL REPOSADO FLASK,24,375,6.53,9.80,6,58.80,2.25,0.59
INV-65793800001,2023-12-29T00:00:00.000,3726,WAL-MART 1285 / OTTUMWA,1940 VENTURE DR,OTTUMWA,52501,POINT (-92.455586033 41.01249998),,WAPELLO,1012100,CANADIAN WHISKIES,260,DIAGEO AMERICAS,10802,CROWN ROYAL PEACH,12,750,17.49,26.24,12,314.88,9.00,2.37
INV-65793800002,2023-12-29T00:00:00.000,3726,WAL-MART 1285 / OTTUMWA,1940 VENTURE DR,OTTUMWA,52501,POINT (-92.455586033 41.01249998),,WAPELLO,1012100,CANADIAN WHISKIES,259,HEAVEN HILL BRANDS,11788,BLACK VELVET,6,1750,11.00,16.50,54,891.00,94.50,24.96
INV-65793800003,2023-12-29T00:00:00.000,3726,WAL-MART 1285 / OTTUMWA,1940 VENTURE DR,OTTUMWA,52501,POINT (-92.455586033 41.01249998),,WAPELLO,1012100,CANADIAN WHISKIES,421,SAZERAC COMPANY  INC,12888,RICH & RARE,6,1750,8.98,13.47,6,80.82,10.50,2.77
INV-65793800005,2023-12-29T00:00:00.000,3726,WAL-MART 1285 / OTTUMWA,1940 VENTURE DR,OTTUMWA,52501,POINT (-92.455586033 41.01249998),,WAPELLO,1011100,BLENDED WHISKIES,297,LAIRD & COMPANY,23828,FIVE STAR,6,1750,8.39,12.59,6,75.54,10.50,2.77
INV-65793800006,2023-12-29T00:00:00.000,3726,WAL-MART 1285 / OTTUMWA,1940 VENTURE DR,OTTUMWA,52501,POINT (-92.455586033 41.01249998),,WAPELLO,1011100,BLENDED WHISKIES,260,DIAGEO AMERICAS,25608,SEAGRAMS 7 CROWN,6,1750,13.99,20.99,6,125.94,10.50,2.77
INV-65793800007,2023-12-29T00:00:00.000,3726,WAL-MART 1285 / OTTUMWA,1940 VENTURE DR,OTTUMWA,52501,POINT (-92.455586033 41.01249998),,WAPELLO,1032100,IMPORTED VODKAS,035,BACARDI USA INC,34433,GREY GOOSE,12,750,15.50,23.25,12,279.00,9.00,2.37
INV-65793800008,2023-12-29T00:00:00.000,3726,WAL-MART 1285 / OTTUMWA,1940 VENTURE DR,OTTUMWA,52501,POINT (-92.455586033 41.01249998),,WAPELLO,1031100,AMERICAN VODKAS,065,JIM BEAM BRANDS,34578,PINNACLE,6,1750,10.00,15.00,6,90.00,10.50,2.77
INV-65793800009,2023-12-29T00:00:00.000,3726,WAL-MART 1285 / OTTUMWA,1940 VENTURE DR,OTTUMWA,52501,POINT (-92.455586033 41.01249998),,WAPELLO,1031100,AMERICAN VODKAS,434,LUXCO INC,36308,HAWKEYE VODKA,6,1750,7.50,11.25,72,810.00,126.00,33.28
INV-65793800010,2023-12-29T00:00:00.000,3726,WAL-MART 1285 / OTTUMWA,1940 VENTURE DR,OTTUMWA,52501,POINT (-92.455586033 41.01249998),,WAPELLO,1031100,AMERICAN VODKAS,421,SAZERAC COMPANY  INC,36648,CALIBER VODKA,12,750,3.32,4.98,12,59.76,9.00,2.37
INV-65793800011,2023-12-29T00:00:00.000,3726,WAL-MART 1285 / OTTUMWA,1940 VENTURE DR,OTTUMWA,52501,POINT (-92.455586033 41.01249998),,WAPELLO,1031100,AMERICAN VODKAS,421,SAZERAC COMPANY  INC,36650,CALIBER VODKA,6,1750,6.92,10.38,6,62.28,10.50,2.77
INV-65793800012,2023-12-29T00:00:00.000,3726,WAL-MART 1285 / OTTUMWA,1940 VENTURE DR,OTTUMWA,52501,POINT (-92.455586033 41.01249998),,WAPELLO,1031100,AMERICAN VODKAS,777,"BLUE OX SPIRITS, INC.",36875,BLUE OX VODKA,6,1750,7.63,11.45,6,68.70,10.50,2.77
INV-65793800013,2023-12-29T00:00:00.000,3726,WAL-MART 1285 / OTTUMWA,1940 VENTURE DR,OTTUMWA,52501,POINT (-92.455586033 41.01249998),,WAPELLO,1031100,AMERICAN VODKAS,421,SAZERAC COMPANY  INC,38088,PLATINUM 7X VODKA,6,1750,9.44,14.16,6,84.96,10.50,2.77
INV-65793800014,2023-12-29T00:00:00.000,3726,WAL-MART 1285 / OTTUMWA,1940 VENTURE DR,OTTUMWA,52501,POINT (-92.455586033 41.01249998),,WAPELLO,1031100,AMERICAN VODKAS,301,FIFTH GENERATION INC,38176,TITOS HANDMADE VODKA,12,750,10.00,15.00,24,360.00,18.00,4.75
INV-65793800015,2023-12-29T00:00:00.000,3726,WAL-MART 1285 / OTTUMWA,1940 VENTURE DR,OTTUMWA,52501,POINT (-92.455586033 41.01249998),,WAPELLO,1031100,AMERICAN VODKAS,301,FIFTH GENERATION INC,38177,TITOS HANDMADE VODKA,12,1000,13.17,19.76,12,237.12,12.00,3.17
INV-65793800016,2023-12-29T00:00:00.000,3726,WAL-MART 1285 / OTTUMWA,1940 VENTURE DR,OTTUMWA,52501,POINT (-92.455586033 41.01249998),,WAPELLO,1031100,AMERICAN VODKAS,301,FIFTH GENERATION INC,38178,TITOS HANDMADE VODKA,6,1750,19.00,28.50,42,1197.00,73.50,19.41
INV-65793800017,2023-12-29T00:00:00.000,3726,WAL-MART 1285 / OTTUMWA,1940 VENTURE DR,OTTUMWA,52501,POINT (-92.455586033 41.01249998),,WAPELLO,1031200,AMERICAN FLAVORED VODKA,421,SAZERAC COMPANY  INC,39753,CALIBER CITRUS VODKA,6,1750,6.92,10.38,6,62.28,10.50,2.77
INV-65793800018,2023-12-29T00:00:00.000,3726,WAL-MART 1285 / OTTUMWA,1940 VENTURE DR,OTTUMWA,52501,POINT (-92.455586033 41.01249998),,WAPELLO,1062500,FLAVORED RUM,370,PERNOD RICARD USA,42717,MALIBU COCONUT,12,1000,11.99,17.99,12,215.88,12.00,3.17
INV-65793800019,2023-12-29T00:00:00.000,3726,WAL-MART 1285 / OTTUMWA,1940 VENTURE DR,OTTUMWA,52501,POINT (-92.455586033 41.01249998),,WAPELLO,1062400,SPICED RUM,259,HEAVEN HILL BRANDS,43028,ADMIRAL NELSON SPICED,6,1750,12.00,18.00,6,108.00,10.50,2.77
INV-65793800020,2023-12-29T00:00:00.000,3726,WAL-MART 1285 / OTTUMWA,1940 VENTURE DR,OTTUMWA,52501,POINT (-92.455586033 41.01249998),,WAPELLO,1062200,WHITE RUM,035,BACARDI USA INC,43128,BACARDI SUPERIOR,6,1750,15.50,23.25,6,139.50,10.50,2.77
INV-65793800022,2023-12-29T00:00:00.000,3726,WAL-MART 1285 / OTTUMWA,1940 VENTURE DR,OTTUMWA,52501,POINT (-92.455586033 41.01249998),,WAPELLO,1062400,SPICED RUM,260,DIAGEO AMERICAS,43337,CAPTAIN MORGAN ORIGINAL SPICED,12,1000,12.99,19.49,12,233.88,12.00,3.17
INV-65793800024,2023-12-29T00:00:00.000,3726,WAL-MART 1285 / OTTUMWA,1940 VENTURE DR,OTTUMWA,52501,POINT (-92.455586033 41.01249998),,WAPELLO,1062400,SPICED RUM,395,PROXIMO,46504,KRAKEN BLACK SPICED RUM,12,750,11.00,16.50,12,198.00,9.00,2.37
INV-65793800026,2023-12-29T00:00:00.000,3726,WAL-MART 1285 / OTTUMWA,1940 VENTURE DR,OTTUMWA,52501,POINT (-92.455586033 41.01249998),,WAPELLO,1051100,AMERICAN BRANDIES,205,E & J GALLO WINERY,52596,E & J VS,12,750,6.50,9.75,12,117.00,9.00,2.37
INV-65793800027,2023-12-29T00:00:00.000,3726,WAL-MART 1285 / OTTUMWA,1940 VENTURE DR,OTTUMWA,52501,POINT (-92.455586033 41.01249998),,WAPELLO,1012200,SCOTCH WHISKIES,260,DIAGEO AMERICAS,5325,JOHNNIE WALKER BLACK,24,375,11.99,17.99,24,431.76,9.00,2.37
INV-65793800028,2023-12-29T00:00:00.000,3726,WAL-MART 1285 / OTTUMWA,1940 VENTURE DR,OTTUMWA,52501,POINT (-92.455586033 41.01249998),,WAPELLO,1071000,COCKTAILS/RTD,395,PROXIMO,58838,JOSE CUERVO AUTHENTIC LIME MARGARITA,6,1750,8.74,13.11,6,78.66,10.50,2.77
INV-65793800029,2023-12-29T00:00:00.000,3726,WAL-MART 1285 / OTTUMWA,1940 VENTURE DR,OTTUMWA,52501,POINT (-92.455586033 41.01249998),,WAPELLO,1071000,COCKTAILS/RTD,395,PROXIMO,58860,JOSE CUERVO AUTHENTIC MANGO MARGARITA,6,1750,8.74,13.11,6,78.66,10.50,2.77
INV-65793800030,2023-12-29T00:00:00.000,3726,WAL-MART 1285 / OTTUMWA,1940 VENTURE DR,OTTUMWA,52501,POINT (-92.455586033 41.01249998),,WAPELLO,1071000,COCKTAILS/RTD,902,"ZING ZANG, LLC",63851,ZING ZANG BLOODY MARY RTS,6,1750,8.31,12.47,6,74.82,10.50,2.77
INV-65793800031,2023-12-29T00:00:00.000,3726,WAL-MART 1285 / OTTUMWA,1940 VENTURE DR,OTTUMWA,52501,POINT (-92.455586033 41.01249998),,WAPELLO,1081600,WHISKEY LIQUEUR,421,SAZERAC COMPANY  INC,64864,FIREBALL CINNAMON WHISKEY,24,375,5.33,8.00,24,192.00,9.00,2.37
INV-65793800032,2023-12-29T00:00:00.000,3726,WAL-MART 1285 / OTTUMWA,1940 VENTURE DR,OTTUMWA,52501,POINT (-92.455586033 41.01249998),,WAPELLO,1081600,WHISKEY LIQUEUR,421,SAZERAC COMPANY  INC,64865,FIREBALL CINNAMON WHISKEY PET,12,750,9.00,13.50,12,162.00,9.00,2.37
INV-65793800033,2023-12-29T00:00:00.000,3726,WAL-MART 1285 / OTTUMWA,1940 VENTURE DR,OTTUMWA,52501,POINT (-92.455586033 41.01249998),,WAPELLO,1082100,IMPORTED CORDIALS & LIQUEURS,192,"MAST-JAGERMEISTER US, INC",65258,JAGERMEISTER LIQUEUR,6,1750,26.05,39.08,6,234.48,10.50,2.77
INV-65793800035,2023-12-29T00:00:00.000,3726,WAL-MART 1285 / OTTUMWA,1940 VENTURE DR,OTTUMWA,52501,POINT (-92.455586033 41.01249998),,WAPELLO,1081200,CREAM LIQUEURS,260,DIAGEO AMERICAS,68036,BAILEYS ORIGINAL IRISH CREAM,12,750,16.49,24.74,12,296.88,9.00,2.37
INV-65793800036,2023-12-29T00:00:00.000,3726,WAL-MART 1285 / OTTUMWA,1940 VENTURE DR,OTTUMWA,52501,POINT (-92.455586033 41.01249998),,WAPELLO,1082200,IMPORTED SCHNAPPS,421,SAZERAC COMPANY  INC,69637,DR MCGILLICUDDYS CHERRY,12,1000,11.25,16.88,12,198.00,12.00,3.17
INV-65793800038,2023-12-29T00:00:00.000,3726,WAL-MART 1285 / OTTUMWA,1940 VENTURE DR,OTTUMWA,52501,POINT (-92.455586033 41.01249998),,WAPELLO,1031200,AMERICAN FLAVORED VODKA,260,DIAGEO AMERICAS,77847,SMIRNOFF VANILLA,12,750,8.25,12.38,12,148.56,9.00,2.37
INV-65793800039,2023-12-29T00:00:00.000,3726,WAL-MART 1285 / OTTUMWA,1940 VENTURE DR,OTTUMWA,52501,POINT (-92.455586033 41.01249998),,WAPELLO,1011100,BLENDED WHISKIES,065,JIM BEAM BRANDS,78186,TWISTED TEA WHISKEY,12,750,9.00,13.50,12,162.00,9.00,2.37
INV-65793900001,2023-12-29T00:00:00.000,4232,"ELLIOTT'S GENERAL STORE,",23828 HWY J18,MORAVIA,52571,POINT (-92.834261978 40.892884019),,APPANOOSE,1701100,TEMPORARY & SPECIALTY PACKAGES,421,SAZERAC COMPANY  INC,102096,FIREBALL WINTER BAG,8,50,6.45,9.68,8,77.44,0.40,0.10
INV-65793900002,2023-12-29T00:00:00.000,4232,"ELLIOTT'S GENERAL STORE,",23828 HWY J18,MORAVIA,52571,POINT (-92.834261978 40.892884019),,APPANOOSE,1012100,CANADIAN WHISKIES,259,HEAVEN HILL BRANDS,11786,BLACK VELVET PET,12,750,5.50,8.25,12,99.00,9.00,2.37
INV-65793900003,2023-12-29T00:00:00.000,4232,"ELLIOTT'S GENERAL STORE,",23828 HWY J18,MORAVIA,52571,POINT (-92.834261978 40.892884019),,APPANOOSE,1062400,SPICED RUM,260,DIAGEO AMERICAS,1799,CAPTAIN MORGAN ORIGINAL SPICED BARREL,6,1750,18.99,28.49,6,170.94,10.50,2.77
INV-65793900004,2023-12-29T00:00:00.000,4232,"ELLIOTT'S GENERAL STORE,",23828 HWY J18,MORAVIA,52571,POINT (-92.834261978 40.892884019),,APPANOOSE,1032100,IMPORTED VODKAS,035,BACARDI USA INC,34422,GREY GOOSE,6,1000,19.00,28.50,6,171.00,6.00,1.58
INV-65793900005,2023-12-29T00:00:00.000,4232,"ELLIOTT'S GENERAL STORE,",23828 HWY J18,MORAVIA,52571,POINT (-92.834261978 40.892884019),,APPANOOSE,1031100,AMERICAN VODKAS,434,LUXCO INC,36308,HAWKEYE VODKA,6,1750,7.50,11.25,6,67.50,10.50,2.77
INV-65793900006,2023-12-29T00:00:00.000,4232,"ELLIOTT'S GENERAL STORE,",23828 HWY J18,MORAVIA,52571,POINT (-92.834261978 40.892884019),,APPANOOSE,1031100,AMERICAN VODKAS,301,FIFTH GENERATION INC,38177,TITOS HANDMADE VODKA,12,1000,13.17,19.76,12,237.12,12.00,3.17
INV-65793900007,2023-12-29T00:00:00.000,4232,"ELLIOTT'S GENERAL STORE,",23828 HWY J18,MORAVIA,52571,POINT (-92.834261978 40.892884019),,APPANOOSE,1031100,AMERICAN VODKAS,301,FIFTH GENERATION INC,38178,TITOS HANDMADE VODKA,6,1750,19.00,28.50,6,171.00,10.50,2.77
INV-65793900008,2023-12-29T00:00:00.000,4232,"ELLIOTT'S GENERAL STORE,",23828 HWY J18,MORAVIA,52571,POINT (-92.834261978 40.892884019),,APPANOOSE,1031200,AMERICAN FLAVORED VODKA,260,DIAGEO AMERICAS,77843,SMIRNOFF STRAWBERRY,12,1000,9.25,13.88,4,55.52,4.00,1.05
INV-65794000001,2023-12-29T00:00:00.000,2559,HY-VEE FOOD STORE (1009) / ALBIA,301 HWY. 34 WEST,ALBIA,52531,POINT (-92.813021984 41.016764986),,MONROE,1012100,CANADIAN WHISKIES,260,DIAGEO AMERICAS,10807,CROWN ROYAL REGAL APPLE,12,750,17.49,26.24,12,314.88,9.00,2.37
INV-65794000002,2023-12-29T00:00:00.000,2559,HY-VEE FOOD STORE (1009) / ALBIA,301 HWY. 34 WEST,ALBIA,52531,POINT (-92.813021984 41.016764986),,MONROE,1012100,CANADIAN WHISKIES,260,DIAGEO AMERICAS,10836,CROWN ROYAL BLACK,12,750,18.99,28.49,12,341.88,9.00,2.37
INV-65794000003,2023-12-29T00:00:00.000,2559,HY-VEE FOOD STORE (1009) / ALBIA,301 HWY. 34 WEST,ALBIA,52531,POINT (-92.813021984 41.016764986),,MONROE,1011400,TENNESSEE WHISKIES,085,BROWN FORMAN CORP.,26826,JACK DANIELS OLD #7 BLACK LABEL,12,750,15.91,23.87,12,286.44,9.00,2.37
INV-65794000004,2023-12-29T00:00:00.000,2559,HY-VEE FOOD STORE (1009) / ALBIA,301 HWY. 34 WEST,ALBIA,52531,POINT (-92.813021984 41.016764986),,MONROE,1031100,AMERICAN VODKAS,421,SAZERAC COMPANY  INC,35948,FLEISCHMANNS 80PRF VODKA,6,1750,6.50,9.75,6,58.50,10.50,2.77
INV-65794000005,2023-12-29T00:00:00.000,2559,HY-VEE FOOD STORE (1009) / ALBIA,301 HWY. 34 WEST,ALBIA,52531,POINT (-92.813021984 41.016764986),,MONROE,1031100,AMERICAN VODKAS,421,SAZERAC COMPANY  INC,37418,POPOV 80PRF,6,1750,8.50,12.75,6,76.50,10.50,2.77
INV-65794000006,2023-12-29T00:00:00.000,2559,HY-VEE FOOD STORE (1009) / ALBIA,301 HWY. 34 WEST,ALBIA,52531,POINT (-92.813021984 41.016764986),,MONROE,1031100,AMERICAN VODKAS,380,PHILLIPS BEVERAGE,37663,ROW VODKA,12,750,6.30,9.45,12,113.40,9.00,2.37
INV-65794000007,2023-12-29T00:00:00.000,2559,HY-VEE FOOD STORE (1009) / ALBIA,301 HWY. 34 WEST,ALBIA,52531,POINT (-92.813021984 41.016764986),,MONROE,1031100,AMERICAN VODKAS,301,FIFTH GENERATION INC,38176,TITOS HANDMADE VODKA,12,750,10.00,15.00,12,180.00,9.00,2.37
INV-65794000008,2023-12-29T00:00:00.000,2559,HY-VEE FOOD STORE (1009) / ALBIA,301 HWY. 34 WEST,ALBIA,52531,POINT (-92.813021984 41.016764986),,MONROE,1031100,AMERICAN VODKAS,301,FIFTH GENERATION INC,38178,TITOS HANDMADE VODKA,6,1750,19.00,28.50,6,171.00,10.50,2.77
INV-65794000009,2023-12-29T00:00:00.000,2559,HY-VEE FOOD STORE (1009) / ALBIA,301 HWY. 34 WEST,ALBIA,52531,POINT (-92.813021984 41.016764986),,MONROE,1071000,COCKTAILS/RTD,421,SAZERAC COMPANY  INC,57148,CHI-CHI'S MARGARITA,6,1750,6.50,9.75,6,58.50,10.50,2.77
INV-65794000010,2023-12-29T00:00:00.000,2559,HY-VEE FOOD STORE (1009) / ALBIA,301 HWY. 34 WEST,ALBIA,52531,POINT (-92.813021984 41.016764986),,MONROE,1071000,COCKTAILS/RTD,395,PROXIMO,58838,JOSE CUERVO AUTHENTIC LIME MARGARITA,6,1750,8.74,13.11,6,78.66,10.50,2.77
INV-65794000011,2023-12-29T00:00:00.000,2559,HY-VEE FOOD STORE (1009) / ALBIA,301 HWY. 34 WEST,ALBIA,52531,POINT (-92.813021984 41.016764986),,MONROE,1071000,COCKTAILS/RTD,395,PROXIMO,58868,JOSE CUERVO AUTHENTIC STRAWBERRY LIME MARGARITA,6,1750,8.74,13.11,6,78.66,10.50,2.77
INV-65794000012,2023-12-29T00:00:00.000,2559,HY-VEE FOOD STORE (1009) / ALBIA,301 HWY. 34 WEST,ALBIA,52531,POINT (-92.813021984 41.016764986),,MONROE,1071000,COCKTAILS/RTD,395,PROXIMO,58872,JOSE CUERVO AUTHENTIC LIGHT LIME MARGARITA,6,1750,8.74,13.11,6,78.66,10.50,2.77
INV-65794000013,2023-12-29T00:00:00.000,2559,HY-VEE FOOD STORE (1009) / ALBIA,301 HWY. 34 WEST,ALBIA,52531,POINT (-92.813021984 41.016764986),,MONROE,1071000,COCKTAILS/RTD,395,PROXIMO,58875,JOSE CUERVO GOLDEN MARGARITA,6,1750,11.04,16.56,6,99.36,10.50,2.77
INV-65794000014,2023-12-29T00:00:00.000,2559,HY-VEE FOOD STORE (1009) / ALBIA,301 HWY. 34 WEST,ALBIA,52531,POINT (-92.813021984 41.016764986),,MONROE,1081600,WHISKEY LIQUEUR,421,SAZERAC COMPANY  INC,67266,YUKON JACK,12,750,9.25,13.88,12,166.56,9.00,2.37
INV-65794000015,2023-12-29T00:00:00.000,2559,HY-VEE FOOD STORE (1009) / ALBIA,301 HWY. 34 WEST,ALBIA,52531,POINT (-92.813021984 41.016764986),,MONROE,1082200,IMPORTED SCHNAPPS,421,SAZERAC COMPANY  INC,69638,DR MCGILLICUDDYS CHERRY,6,1750,15.00,22.50,6,131.94,10.50,2.77
INV-65794000016,2023-12-29T00:00:00.000,2559,HY-VEE FOOD STORE (1009) / ALBIA,301 HWY. 34 WEST,ALBIA,52531,POINT (-92.813021984 41.016764986),,MONROE,1031200,AMERICAN FLAVORED VODKA,260,DIAGEO AMERICAS,77683,SMIRNOFF KISSED CARAMEL,12,750,8.25,12.38,12,148.56,9.00,2.37
INV-65794000017,2023-12-29T00:00:00.000,2559,HY-VEE FOOD STORE (1009) / ALBIA,301 HWY. 34 WEST,ALBIA,52531,POINT (-92.813021984 41.016764986),,MONROE,1081200,CREAM LIQUEURS,306,MISSISSIPPI RIVER DISTILLING COMPANY LLC,80236,IOWISH CREAM LIQUEUR,6,750,12.50,18.75,6,112.50,4.50,1.18
INV-65794000018,2023-12-29T00:00:00.000,2559,HY-VEE FOOD STORE (1009) / ALBIA,301 HWY. 34 WEST,ALBIA,52531,POINT (-92.813021984 41.016764986),,MONROE,1081600,WHISKEY LIQUEUR,421,SAZERAC COMPANY  INC,86886,SOUTHERN COMFORT,12,750,10.33,15.50,12,186.00,9.00,2.37
INV-65794000019,2023-12-29T00:00:00.000,2559,HY-VEE FOOD STORE (1009) / ALBIA,301 HWY. 34 WEST,ALBIA,52531,POINT (-92.813021984 41.016764986),,MONROE,1022100,MIXTO TEQUILA,395,PROXIMO,87408,JOSE CUERVO ESPECIAL SILVER,12,750,12.00,18.00,12,216.00,9.00,2.37
INV-65794000020,2023-12-29T00:00:00.000,2559,HY-VEE FOOD STORE (1009) / ALBIA,301 HWY. 34 WEST,ALBIA,52531,POINT (-92.813021984 41.016764986),,MONROE,1022100,MIXTO TEQUILA,434,LUXCO INC,87936,JUAREZ SILVER,12,750,8.50,12.75,12,144.00,9.00,2.37
INV-65794100001,2023-12-29T00:00:00.000,5757,CASEY'S GENERAL STORE #1651 / ALBIA,1117 CLINTON ST,ALBIA,52531,POINT (-92.809669977 41.016643993),,MONROE,1012100,CANADIAN WHISKIES,259,HEAVEN HILL BRANDS,10550,BLACK VELVET TOASTED CARAMEL,12,750,5.74,8.61,3,25.83,2.25,0.59
INV-65794100002,2023-12-29T00:00:00.000,5757,CASEY'S GENERAL STORE #1651 / ALBIA,1117 CLINTON ST,ALBIA,52531,POINT (-92.809669977 41.016643993),,MONROE,1012100,CANADIAN WHISKIES,260,DIAGEO AMERICAS,10802,CROWN ROYAL PEACH,12,750,17.49,26.24,4,104.96,3.00,0.79
INV-65794100003,2023-12-29T00:00:00.000,5757,CASEY'S GENERAL STORE #1651 / ALBIA,1117 CLINTON ST,ALBIA,52531,POINT (-92.809669977 41.016643993),,MONROE,1012100,CANADIAN WHISKIES,260,DIAGEO AMERICAS,10803,CROWN ROYAL REGAL APPLE MINI,10,50,9.95,14.93,10,149.30,0.50,0.13
INV-65794100004,2023-12-29T00:00:00.000,5757,CASEY'S GENERAL STORE #1651 / ALBIA,1117 CLINTON ST,ALBIA,52531,POINT (-92.809669977 41.016643993),,MONROE,1012100,CANADIAN WHISKIES,260,DIAGEO AMERICAS,10805,CROWN ROYAL REGAL APPLE,24,375,8.49,12.74,12,152.88,4.50,1.18
INV-65794100005,2023-12-29T00:00:00.000,5757,CASEY'S GENERAL STORE #1651 / ALBIA,1117 CLINTON ST,ALBIA,52531,POINT (-92.809669977 41.016643993),,MONROE,1012100,CANADIAN WHISKIES,260,DIAGEO AMERICAS,11294,CROWN ROYAL,24,375,8.49,12.74,6,76.44,2.25,0.59
INV-65794100006,2023-12-29T00:00:00.000,5757,CASEY'S GENERAL STORE #1651 / ALBIA,1117 CLINTON ST,ALBIA,52531,POINT (-92.809669977 41.016643993),,MONROE,1012100,CANADIAN WHISKIES,259,HEAVEN HILL BRANDS,11774,BLACK VELVET,24,375,3.25,4.88,24,117.12,9.00,2.37
INV-65794100007,2023-12-29T00:00:00.000,5757,CASEY'S GENERAL STORE #1651 / ALBIA,1117 CLINTON ST,ALBIA,52531,POINT (-92.809669977 41.016643993),,MONROE,1011400,TENNESSEE WHISKIES,085,BROWN FORMAN CORP.,26826,JACK DANIELS OLD #7 BLACK LABEL,12,750,15.91,23.87,4,95.48,3.00,0.79
INV-65794100008,2023-12-29T00:00:00.000,5757,CASEY'S GENERAL STORE #1651 / ALBIA,1117 CLINTON ST,ALBIA,52531,POINT (-92.809669977 41.016643993),,MONROE,1031100,AMERICAN VODKAS,301,FIFTH GENERATION INC,38174,TITOS HANDMADE VODKA,12,375,5.42,8.13,12,97.56,4.50,1.18
INV-65794100009,2023-12-29T00:00:00.000,5757,CASEY'S GENERAL STORE #1651 / ALBIA,1117 CLINTON ST,ALBIA,52531,POINT (-92.809669977 41.016643993),,MONROE,1031100,AMERICAN VODKAS,301,FIFTH GENERATION INC,38176,TITOS HANDMADE VODKA,12,750,10.00,15.00,12,180.00,9.00,2.37
INV-65794100010,2023-12-29T00:00:00.000,5757,CASEY'S GENERAL STORE #1651 / ALBIA,1117 CLINTON ST,ALBIA,52531,POINT (-92.809669977 41.016643993),,MONROE,1062400,SPICED RUM,260,DIAGEO AMERICAS,43334,CAPTAIN MORGAN ORIGINAL SPICED,24,375,5.24,7.86,12,94.32,4.50,1.18
INV-65794100011,2023-12-29T00:00:00.000,5757,CASEY'S GENERAL STORE #1651 / ALBIA,1117 CLINTON ST,ALBIA,52531,POINT (-92.809669977 41.016643993),,MONROE,1081400,AMERICAN SCHNAPPS,421,SAZERAC COMPANY  INC,81124,99 PEPPERMINT MINI,1,50,51.60,77.40,2,154.80,0.10,0.02
INV-65794100012,2023-12-29T00:00:00.000,5757,CASEY'S GENERAL STORE #1651 / ALBIA,1117 CLINTON ST,ALBIA,52531,POINT (-92.809669977 41.016643993),,MONROE,1081400,AMERICAN SCHNAPPS,421,SAZERAC COMPANY  INC,84172,99 BANANAS MINI,1,50,51.60,77.40,1,77.40,0.05,0.01
INV-65794100013,2023-12-29T00:00:00.000,5757,CASEY'S GENERAL STORE #1651 / ALBIA,1117 CLINTON ST,ALBIA,52531,POINT (-92.809669977 41.016643993),,MONROE,1081400,AMERICAN SCHNAPPS,421,SAZERAC COMPANY  INC,84226,99 STRAWBERRIES MINI,1,50,51.60,77.40,1,77.40,0.05,0.01
INV-65794100014,2023-12-29T00:00:00.000,5757,CASEY'S GENERAL STORE #1651 / ALBIA,1117 CLINTON ST,ALBIA,52531,POINT (-92.809669977 41.016643993),,MONROE,1081300,AMERICAN CORDIALS & LIQUEURS,421,SAZERAC COMPANY  INC,84393,99 WATERMELON PET MINI,1,50,51.60,77.40,1,77.40,0.05,0.01
INV-65794200001,2023-12-29T00:00:00.000,4011,JIM AND CHARLIES AFFILIATED,121 NORTH CLINTON,ALBIA,52531,POINT (-92.808752997 41.028661002),,MONROE,1012100,CANADIAN WHISKIES,065,JIM BEAM BRANDS,10628,CANADIAN CLUB WHISKY,6,1750,14.50,21.75,6,130.50,10.50,2.77
INV-65794200002,2023-12-29T00:00:00.000,4011,JIM AND CHARLIES AFFILIATED,121 NORTH CLINTON,ALBIA,52531,POINT (-92.808752997 41.028661002),,MONROE,1012100,CANADIAN WHISKIES,260,DIAGEO AMERICAS,10802,CROWN ROYAL PEACH,12,750,17.49,26.24,12,314.88,9.00,2.37
INV-65794200003,2023-12-29T00:00:00.000,4011,JIM AND CHARLIES AFFILIATED,121 NORTH CLINTON,ALBIA,52531,POINT (-92.808752997 41.028661002),,MONROE,1012100,CANADIAN WHISKIES,260,DIAGEO AMERICAS,10805,CROWN ROYAL REGAL APPLE,24,375,8.49,12.74,4,50.96,1.50,0.39
INV-65794200004,2023-12-29T00:00:00.000,4011,JIM AND CHARLIES AFFILIATED,121 NORTH CLINTON,ALBIA,52531,POINT (-92.808752997 41.028661002),,MONROE,1012100,CANADIAN WHISKIES,260,DIAGEO AMERICAS,11298,CROWN ROYAL,6,1750,33.99,50.99,6,305.94,10.50,2.77
INV-65794200005,2023-12-29T00:00:00.000,4011,JIM AND CHARLIES AFFILIATED,121 NORTH CLINTON,ALBIA,52531,POINT (-92.808752997 41.028661002),,MONROE,1012100,CANADIAN WHISKIES,259,HEAVEN HILL BRANDS,11774,BLACK VELVET,24,375,3.25,4.88,24,117.12,9.00,2.37
INV-65794200006,2023-12-29T00:00:00.000,4011,JIM AND CHARLIES AFFILIATED,121 NORTH CLINTON,ALBIA,52531,POINT (-92.808752997 41.028661002),,MONROE,1012100,CANADIAN WHISKIES,421,SAZERAC COMPANY  INC,12408,CANADIAN LTD WHISKY,6,1750,10.00,15.00,6,90.00,10.50,2.77
INV-65794200007,2023-12-29T00:00:00.000,4011,JIM AND CHARLIES AFFILIATED,121 NORTH CLINTON,ALBIA,52531,POINT (-92.808752997 41.028661002),,MONROE,1012100,CANADIAN WHISKIES,421,SAZERAC COMPANY  INC,12860,RICH & RARE RESERVE,12,750,6.50,9.75,3,29.25,2.25,0.59
INV-65794200008,2023-12-29T00:00:00.000,4011,JIM AND CHARLIES AFFILIATED,121 NORTH CLINTON,ALBIA,52531,POINT (-92.808752997 41.028661002),,MONROE,1012100,CANADIAN WHISKIES,434,LUXCO INC,13638,LORD CALVERT,6,1750,10.50,15.75,6,94.50,10.50,2.77
INV-65794200009,2023-12-29T00:00:00.000,4011,JIM AND CHARLIES AFFILIATED,121 NORTH CLINTON,ALBIA,52531,POINT (-92.808752997 41.028661002),,MONROE,1012100,CANADIAN WHISKIES,259,HEAVEN HILL BRANDS,13928,MCMASTERS CANADIAN WHISKEY,6,1750,10.00,15.00,6,81.00,10.50,2.77
INV-65794200010,2023-12-29T00:00:00.000,4011,JIM AND CHARLIES AFFILIATED,121 NORTH CLINTON,ALBIA,52531,POINT (-92.808752997 41.028661002),,MONROE,1012100,CANADIAN WHISKIES,395,PROXIMO,14210,PENDLETON MIDNIGHT,12,750,19.80,29.70,3,89.10,2.25,0.59
INV-65794200011,2023-12-29T00:00:00.000,4011,JIM AND CHARLIES AFFILIATED,121 NORTH CLINTON,ALBIA,52531,POINT (-92.808752997 41.028661002),,MONROE,1012100,CANADIAN WHISKIES,772,INTERCONTINENTAL PACKAGING COMPANY/PRESTIGE BEVERAGE GROUP,15247,WINDSOR CANADIAN,12,1000,6.64,9.96,6,59.76,6.00,1.58
INV-65794200012,2023-12-29T00:00:00.000,4011,JIM AND CHARLIES AFFILIATED,121 NORTH CLINTON,ALBIA,52531,POINT (-92.808752997 41.028661002),,MONROE,1011200,STRAIGHT BOURBON WHISKIES,065,JIM BEAM BRANDS,19476,MAKERS MARK,12,750,18.00,27.00,12,324.00,9.00,2.37
INV-65794200013,2023-12-29T00:00:00.000,4011,JIM AND CHARLIES AFFILIATED,121 NORTH CLINTON,ALBIA,52531,POINT (-92.808752997 41.028661002),,MONROE,1011200,STRAIGHT BOURBON WHISKIES,619,CAMPARI AMERICA,22158,WILD TURKEY 101,6,1750,27.50,41.25,6,247.50,10.50,2.77
INV-65794200014,2023-12-29T00:00:00.000,4011,JIM AND CHARLIES AFFILIATED,121 NORTH CLINTON,ALBIA,52531,POINT (-92.808752997 41.028661002),,MONROE,1011100,BLENDED WHISKIES,492,WESTERN SPIRITS BEVERAGE,27433,BIRD DOG PEACH,6,750,11.50,17.25,6,103.50,4.50,1.18
INV-65794200015,2023-12-29T00:00:00.000,4011,JIM AND CHARLIES AFFILIATED,121 NORTH CLINTON,ALBIA,52531,POINT (-92.808752997 41.028661002),,MONROE,1041100,AMERICAN DRY GINS,065,JIM BEAM BRANDS,30238,GILBEYS GIN,6,1750,10.49,15.74,6,94.44,10.50,2.77
INV-65794200016,2023-12-29T00:00:00.000,4011,JIM AND CHARLIES AFFILIATED,121 NORTH CLINTON,ALBIA,52531,POINT (-92.808752997 41.028661002),,MONROE,1031100,AMERICAN VODKAS,421,SAZERAC COMPANY  INC,35948,FLEISCHMANNS 80PRF VODKA,6,1750,6.50,9.75,12,117.00,21.00,5.54
INV-65794200017,2023-12-29T00:00:00.000,4011,JIM AND CHARLIES AFFILIATED,121 NORTH CLINTON,ALBIA,52531,POINT (-92.808752997 41.028661002),,MONROE,1031100,AMERICAN VODKAS,434,LUXCO INC,36308,HAWKEYE VODKA,6,1750,7.50,11.25,6,67.50,10.50,2.77
INV-65794200018,2023-12-29T00:00:00.000,4011,JIM AND CHARLIES AFFILIATED,121 NORTH CLINTON,ALBIA,52531,POINT (-92.808752997 41.028661002),,MONROE,1031100,AMERICAN VODKAS,777,"BLUE OX SPIRITS, INC.",36875,BLUE OX VODKA,6,1750,7.63,11.45,12,137.40,21.00,5.54
INV-65794200019,2023-12-29T00:00:00.000,4011,JIM AND CHARLIES AFFILIATED,121 NORTH CLINTON,ALBIA,52531,POINT (-92.808752997 41.028661002),,MONROE,1031200,AMERICAN FLAVORED VODKA,259,HEAVEN HILL BRANDS,41670,BURNETTS BLUE RASPBERRY,12,750,4.50,6.75,3,20.25,2.25,0.59
INV-65794200020,2023-12-29T00:00:00.000,4011,JIM AND CHARLIES AFFILIATED,121 NORTH CLINTON,ALBIA,52531,POINT (-92.808752997 41.028661002),,MONROE,1062500,FLAVORED RUM,370,PERNOD RICARD USA,42716,MALIBU COCONUT,12,750,8.99,13.49,3,40.47,2.25,0.59
INV-65794200021,2023-12-29T00:00:00.000,4011,JIM AND CHARLIES AFFILIATED,121 NORTH CLINTON,ALBIA,52531,POINT (-92.808752997 41.028661002),,MONROE,1062500,FLAVORED RUM,370,PERNOD RICARD USA,42717,MALIBU COCONUT,12,1000,11.99,17.99,12,215.88,12.00,3.17
INV-65794200022,2023-12-29T00:00:00.000,4011,JIM AND CHARLIES AFFILIATED,121 NORTH CLINTON,ALBIA,52531,POINT (-92.808752997 41.028661002),,MONROE,1062400,SPICED RUM,260,DIAGEO AMERICAS,43333,CAPTAIN MORGAN ORIGINAL SPICED PET,48,200,3.24,4.86,12,58.32,2.40,0.63
INV-65794200023,2023-12-29T00:00:00.000,4011,JIM AND CHARLIES AFFILIATED,121 NORTH CLINTON,ALBIA,52531,POINT (-92.808752997 41.028661002),,MONROE,1062400,SPICED RUM,240,WILLIAM GRANT & SONS INC,45886,SAILOR JERRY SPICED NAVY RUM,12,750,10.00,15.00,12,180.00,9.00,2.37
INV-65794200024,2023-12-29T00:00:00.000,4011,JIM AND CHARLIES AFFILIATED,121 NORTH CLINTON,ALBIA,52531,POINT (-92.808752997 41.028661002),,MONROE,1082100,IMPORTED CORDIALS & LIQUEURS,389,REMY COINTREAU USA INC,64776,COINTREAU LIQUEUR,12,750,22.98,34.47,3,103.41,2.25,0.59
INV-65794200025,2023-12-29T00:00:00.000,4011,JIM AND CHARLIES AFFILIATED,121 NORTH CLINTON,ALBIA,52531,POINT (-92.808752997 41.028661002),,MONROE,1081200,CREAM LIQUEURS,260,DIAGEO AMERICAS,68036,BAILEYS ORIGINAL IRISH CREAM,12,750,16.49,24.74,6,148.44,4.50,1.18
INV-65794200026,2023-12-29T00:00:00.000,4011,JIM AND CHARLIES AFFILIATED,121 NORTH CLINTON,ALBIA,52531,POINT (-92.808752997 41.028661002),,MONROE,1081300,AMERICAN CORDIALS & LIQUEURS,259,HEAVEN HILL BRANDS,73715,EVAN WILLIAMS CHERRY RESERVE,12,750,9.00,13.50,12,162.00,9.00,2.37
INV-65794200027,2023-12-29T00:00:00.000,4011,JIM AND CHARLIES AFFILIATED,121 NORTH CLINTON,ALBIA,52531,POINT (-92.808752997 41.028661002),,MONROE,1081300,AMERICAN CORDIALS & LIQUEURS,434,LUXCO INC,78866,PARAMOUNT CREME DE CACAO WHITE,12,750,5.25,7.88,3,23.64,2.25,0.59
INV-65794200028,2023-12-29T00:00:00.000,4011,JIM AND CHARLIES AFFILIATED,121 NORTH CLINTON,ALBIA,52531,POINT (-92.808752997 41.028661002),,MONROE,1081300,AMERICAN CORDIALS & LIQUEURS,434,LUXCO INC,79336,PARAMOUNT CREME DE MENTHE GREEN,12,750,5.25,7.88,3,23.64,2.25,0.59
INV-65794200029,2023-12-29T00:00:00.000,4011,JIM AND CHARLIES AFFILIATED,121 NORTH CLINTON,ALBIA,52531,POINT (-92.808752997 41.028661002),,MONROE,1081400,AMERICAN SCHNAPPS,065,JIM BEAM BRANDS,82605,DEKUYPER SOUR APPLE PUCKER PET,12,750,6.75,10.13,12,121.56,9.00,2.37
INV-65794200030,2023-12-29T00:00:00.000,4011,JIM AND CHARLIES AFFILIATED,121 NORTH CLINTON,ALBIA,52531,POINT (-92.808752997 41.028661002),,MONROE,1081400,AMERICAN SCHNAPPS,065,JIM BEAM BRANDS,82636,DEKUYPER GRAPE PUCKER,12,750,6.75,10.13,6,60.78,4.50,1.18
INV-65794200031,2023-12-29T00:00:00.000,4011,JIM AND CHARLIES AFFILIATED,121 NORTH CLINTON,ALBIA,52531,POINT (-92.808752997 41.028661002),,MONROE,1081400,AMERICAN SCHNAPPS,065,JIM BEAM BRANDS,82847,DEKUYPER LUSCIOUS PEACHTREE,12,1000,7.87,11.81,6,70.86,6.00,1.58
INV-65794200032,2023-12-29T00:00:00.000,4011,JIM AND CHARLIES AFFILIATED,121 NORTH CLINTON,ALBIA,52531,POINT (-92.808752997 41.028661002),,MONROE,1081400,AMERICAN SCHNAPPS,065,JIM BEAM BRANDS,82849,DEKUYPER LUSCIOUS PEACHTREE PET,6,1750,11.75,17.63,6,105.78,10.50,2.77
INV-65794200033,2023-12-29T00:00:00.000,4011,JIM AND CHARLIES AFFILIATED,121 NORTH CLINTON,ALBIA,52531,POINT (-92.808752997 41.028661002),,MONROE,1081400,AMERICAN SCHNAPPS,065,JIM BEAM BRANDS,82866,DEKUYPER WATERMELON PUCKER,12,750,6.75,10.13,3,30.39,2.25,0.59
INV-65794200034,2023-12-29T00:00:00.000,4011,JIM AND CHARLIES AFFILIATED,121 NORTH CLINTON,ALBIA,52531,POINT (-92.808752997 41.028661002),,MONROE,1091300,NEUTRAL GRAIN SPIRITS FLAVORED,346,OLE SMOKY DISTILLERY LLC,86843,OLE SMOKY SALTY CARAMEL WHISKEY,6,750,11.00,16.50,6,99.00,4.50,1.18
INV-65794200035,2023-12-29T00:00:00.000,4011,JIM AND CHARLIES AFFILIATED,121 NORTH CLINTON,ALBIA,52531,POINT (-92.808752997 41.028661002),,MONROE,1022100,MIXTO TEQUILA,395,PROXIMO,89198,JOSE CUERVO ESPECIAL REPOSADO,6,1750,23.00,34.50,6,207.00,10.50,2.77
INV-65794200036,2023-12-29T00:00:00.000,4011,JIM AND CHARLIES AFFILIATED,121 NORTH CLINTON,ALBIA,52531,POINT (-92.808752997 41.028661002),,MONROE,1022300,MEZCAL,421,SAZERAC COMPANY  INC,89566,MONTE ALBAN MEZCAL,12,750,13.26,19.89,3,59.67,2.25,0.59
INV-65794300001,2023-12-29T00:00:00.000,5756,CASEY'S GENERAL STORE #1577 / ALBIA,122 N MAIN ST,ALBIA,52531,POINT (-92.806728013 41.028766991),,MONROE,1081600,WHISKEY LIQUEUR,421,SAZERAC COMPANY  INC,100423,FIREBALL CINNAMON WHISKEY 100ML CARRIER,8,100,6.00,9.00,8,72.00,0.80,0.21
INV-65794300002,2023-12-29T00:00:00.000,5756,CASEY'S GENERAL STORE #1577 / ALBIA,122 N MAIN ST,ALBIA,52531,POINT (-92.806728013 41.028766991),,MONROE,1081400,AMERICAN SCHNAPPS,421,SAZERAC COMPANY  INC,101180,99 FRUITS MINI,1,50,51.60,77.40,1,77.40,0.05,0.01
INV-65794300003,2023-12-29T00:00:00.000,5756,CASEY'S GENERAL STORE #1577 / ALBIA,122 N MAIN ST,ALBIA,52531,POINT (-92.806728013 41.028766991),,MONROE,1012100,CANADIAN WHISKIES,260,DIAGEO AMERICAS,10802,CROWN ROYAL PEACH,12,750,17.49,26.24,3,78.72,2.25,0.59
INV-65794300004,2023-12-29T00:00:00.000,5756,CASEY'S GENERAL STORE #1577 / ALBIA,122 N MAIN ST,ALBIA,52531,POINT (-92.806728013 41.028766991),,MONROE,1012100,CANADIAN WHISKIES,260,DIAGEO AMERICAS,10807,CROWN ROYAL REGAL APPLE,12,750,17.49,26.24,2,52.48,1.50,0.39
INV-65794300005,2023-12-29T00:00:00.000,5756,CASEY'S GENERAL STORE #1577 / ALBIA,122 N MAIN ST,ALBIA,52531,POINT (-92.806728013 41.028766991),,MONROE,1012100,CANADIAN WHISKIES,260,DIAGEO AMERICAS,11290,CROWN ROYAL MINI,10,50,9.95,14.93,3,44.79,0.15,0.03
INV-65794300006,2023-12-29T00:00:00.000,5756,CASEY'S GENERAL STORE #1577 / ALBIA,122 N MAIN ST,ALBIA,52531,POINT (-92.806728013 41.028766991),,MONROE,1012100,CANADIAN WHISKIES,260,DIAGEO AMERICAS,11294,CROWN ROYAL,24,375,8.49,12.74,1,12.74,0.37,0.09
INV-65794300007,2023-12-29T00:00:00.000,5756,CASEY'S GENERAL STORE #1577 / ALBIA,122 N MAIN ST,ALBIA,52531,POINT (-92.806728013 41.028766991),,MONROE,1012100,CANADIAN WHISKIES,260,DIAGEO AMERICAS,11296,CROWN ROYAL,12,750,17.49,26.24,2,52.48,1.50,0.39
INV-65794300008,2023-12-29T00:00:00.000,5756,CASEY'S GENERAL STORE #1577 / ALBIA,122 N MAIN ST,ALBIA,52531,POINT (-92.806728013 41.028766991),,MONROE,1012100,CANADIAN WHISKIES,259,HEAVEN HILL BRANDS,11774,BLACK VELVET,24,375,3.25,4.88,24,117.12,9.00,2.37
INV-65794300009,2023-12-29T00:00:00.000,5756,CASEY'S GENERAL STORE #1577 / ALBIA,122 N MAIN ST,ALBIA,52531,POINT (-92.806728013 41.028766991),,MONROE,1012100,CANADIAN WHISKIES,259,HEAVEN HILL BRANDS,11788,BLACK VELVET,6,1750,11.00,16.50,1,16.50,1.75,0.46
INV-65794300010,2023-12-29T00:00:00.000,5756,CASEY'S GENERAL STORE #1577 / ALBIA,122 N MAIN ST,ALBIA,52531,POINT (-92.806728013 41.028766991),,MONROE,1062400,SPICED RUM,260,DIAGEO AMERICAS,1799,CAPTAIN MORGAN ORIGINAL SPICED BARREL,6,1750,18.99,28.49,1,28.49,1.75,0.46
INV-65794300011,2023-12-29T00:00:00.000,5756,CASEY'S GENERAL STORE #1577 / ALBIA,122 N MAIN ST,ALBIA,52531,POINT (-92.806728013 41.028766991),,MONROE,1031100,AMERICAN VODKAS,434,LUXCO INC,36304,HAWKEYE VODKA,24,375,2.00,3.00,24,72.00,9.00,2.37
INV-65794300012,2023-12-29T00:00:00.000,5756,CASEY'S GENERAL STORE #1577 / ALBIA,122 N MAIN ST,ALBIA,52531,POINT (-92.806728013 41.028766991),,MONROE,1031100,AMERICAN VODKAS,300,MCCORMICK DISTILLING CO.,36904,MCCORMICK 80PRF VODKA PET,24,375,1.84,2.76,24,66.24,9.00,2.37
INV-65794300013,2023-12-29T00:00:00.000,5756,CASEY'S GENERAL STORE #1577 / ALBIA,122 N MAIN ST,ALBIA,52531,POINT (-92.806728013 41.028766991),,MONROE,1031100,AMERICAN VODKAS,260,DIAGEO AMERICAS,37994,SMIRNOFF 80PRF,24,375,4.99,7.49,24,179.76,9.00,2.37
INV-65794300014,2023-12-29T00:00:00.000,5756,CASEY'S GENERAL STORE #1577 / ALBIA,122 N MAIN ST,ALBIA,52531,POINT (-92.806728013 41.028766991),,MONROE,1031100,AMERICAN VODKAS,301,FIFTH GENERATION INC,38194,TITOS HANDMADE VODKA MINI,5,50,12.80,19.20,2,38.40,0.10,0.02
INV-65794300015,2023-12-29T00:00:00.000,5756,CASEY'S GENERAL STORE #1577 / ALBIA,122 N MAIN ST,ALBIA,52531,POINT (-92.806728013 41.028766991),,MONROE,1062500,FLAVORED RUM,370,PERNOD RICARD USA,42716,MALIBU COCONUT,12,750,8.99,13.49,2,26.98,1.50,0.39
INV-65794300016,2023-12-29T00:00:00.000,5756,CASEY'S GENERAL STORE #1577 / ALBIA,122 N MAIN ST,ALBIA,52531,POINT (-92.806728013 41.028766991),,MONROE,1081600,WHISKEY LIQUEUR,421,SAZERAC COMPANY  INC,64858,FIREBALL CINNAMON WHISKEY MINI DISPENSER,1,50,25.80,38.70,1,38.70,0.05,0.01
INV-65794300017,2023-12-29T00:00:00.000,5756,CASEY'S GENERAL STORE #1577 / ALBIA,122 N MAIN ST,ALBIA,52531,POINT (-92.806728013 41.028766991),,MONROE,1081600,WHISKEY LIQUEUR,421,SAZERAC COMPANY  INC,64870,FIREBALL CINNAMON WHISKEY,48,100,1.00,1.50,48,72.00,4.80,1.26
INV-65794300018,2023-12-29T00:00:00.000,5756,CASEY'S GENERAL STORE #1577 / ALBIA,122 N MAIN ST,ALBIA,52531,POINT (-92.806728013 41.028766991),,MONROE,1081600,WHISKEY LIQUEUR,421,SAZERAC COMPANY  INC,65013,FIREBALL CINNAMON WHISKEY MINI SLEEVE,12,50,4.30,6.45,36,232.20,1.80,0.47
INV-65794300019,2023-12-29T00:00:00.000,5756,CASEY'S GENERAL STORE #1577 / ALBIA,122 N MAIN ST,ALBIA,52531,POINT (-92.806728013 41.028766991),,MONROE,1081300,AMERICAN CORDIALS & LIQUEURS,772,INTERCONTINENTAL PACKAGING COMPANY/PRESTIGE BEVERAGE GROUP,75208,KINKY PINK MINI,6,50,4.84,7.26,1,7.26,0.05,0.01
INV-65794300020,2023-12-29T00:00:00.000,5756,CASEY'S GENERAL STORE #1577 / ALBIA,122 N MAIN ST,ALBIA,52531,POINT (-92.806728013 41.028766991),,MONROE,1081300,AMERICAN CORDIALS & LIQUEURS,772,INTERCONTINENTAL PACKAGING COMPANY/PRESTIGE BEVERAGE GROUP,75212,KINKY BLUE MINI,6,50,4.84,7.26,1,7.26,0.05,0.01
INV-65794300021,2023-12-29T00:00:00.000,5756,CASEY'S GENERAL STORE #1577 / ALBIA,122 N MAIN ST,ALBIA,52531,POINT (-92.806728013 41.028766991),,MONROE,1091300,NEUTRAL GRAIN SPIRITS FLAVORED,346,OLE SMOKY DISTILLERY LLC,80371,OLE SMOKY MOUNTAIN JAVA MOONSHINE MINI,8,50,8.75,13.13,3,39.39,0.15,0.03
INV-65794300022,2023-12-29T00:00:00.000,5756,CASEY'S GENERAL STORE #1577 / ALBIA,122 N MAIN ST,ALBIA,52531,POINT (-92.806728013 41.028766991),,MONROE,1091300,NEUTRAL GRAIN SPIRITS FLAVORED,346,OLE SMOKY DISTILLERY LLC,80398,OLE SMOKY WHITE CHOCOLATE STRAWBERRY MOONSHINE MINI,8,50,8.75,13.13,3,39.39,0.15,0.03
INV-65794300023,2023-12-29T00:00:00.000,5756,CASEY'S GENERAL STORE #1577 / ALBIA,122 N MAIN ST,ALBIA,52531,POINT (-92.806728013 41.028766991),,MONROE,1081400,AMERICAN SCHNAPPS,421,SAZERAC COMPANY  INC,84171,99 BANANAS,48,100,1.00,1.50,48,72.00,4.80,1.26
INV-65794300024,2023-12-29T00:00:00.000,5756,CASEY'S GENERAL STORE #1577 / ALBIA,122 N MAIN ST,ALBIA,52531,POINT (-92.806728013 41.028766991),,MONROE,1091300,NEUTRAL GRAIN SPIRITS FLAVORED,346,OLE SMOKY DISTILLERY LLC,86785,OLE SMOKY APPLE PIE MOONSHINE 70PRF,6,750,13.00,19.50,1,19.50,0.75,0.19
INV-65794300025,2023-12-29T00:00:00.000,5756,CASEY'S GENERAL STORE #1577 / ALBIA,122 N MAIN ST,ALBIA,52531,POINT (-92.806728013 41.028766991),,MONROE,1081600,WHISKEY LIQUEUR,421,SAZERAC COMPANY  INC,86884,SOUTHERN COMFORT,24,375,4.78,7.17,24,172.08,9.00,2.37
INV-65794300026,2023-12-29T00:00:00.000,5756,CASEY'S GENERAL STORE #1577 / ALBIA,122 N MAIN ST,ALBIA,52531,POINT (-92.806728013 41.028766991),,MONROE,1011100,BLENDED WHISKIES,370,PERNOD RICARD USA,87035,SKREWBALL PEANUT BUTTER WHISKEY MINI,12,50,14.00,21.00,3,63.00,0.15,0.03
INV-65794300027,2023-12-29T00:00:00.000,5756,CASEY'S GENERAL STORE #1577 / ALBIA,122 N MAIN ST,ALBIA,52531,POINT (-92.806728013 41.028766991),,MONROE,1022200,100% AGAVE TEQUILA,192,"MAST-JAGERMEISTER US, INC",88371,TEREMANA BLANCO TEQUILA,6,750,15.91,23.87,1,23.87,0.75,0.19
INV-65794400001,2023-12-29T00:00:00.000,3660,WAL-MART 2935 / KNOXVILLE,814 W BELL AVE,KNOXVILLE,50138,POINT (-93.10606497 41.304905019),,MARION,1012100,CANADIAN WHISKIES,260,DIAGEO AMERICAS,11298,CROWN ROYAL,6,1750,33.99,50.99,6,305.94,10.50,2.77
INV-65794400002,2023-12-29T00:00:00.000,3660,WAL-MART 2935 / KNOXVILLE,814 W BELL AVE,KNOXVILLE,50138,POINT (-93.10606497 41.304905019),,MARION,1012100,CANADIAN WHISKIES,259,HEAVEN HILL BRANDS,11776,BLACK VELVET,12,750,5.50,8.25,12,99.00,9.00,2.37
INV-65794400003,2023-12-29T00:00:00.000,3660,WAL-MART 2935 / KNOXVILLE,814 W BELL AVE,KNOXVILLE,50138,POINT (-93.10606497 41.304905019),,MARION,1012100,CANADIAN WHISKIES,421,SAZERAC COMPANY  INC,12478,CANADIAN MIST WHISKY PET,6,1750,11.50,17.25,6,103.50,10.50,2.77
INV-65794400005,2023-12-29T00:00:00.000,3660,WAL-MART 2935 / KNOXVILLE,814 W BELL AVE,KNOXVILLE,50138,POINT (-93.10606497 41.304905019),,MARION,1012400,IRISH WHISKIES,370,PERNOD RICARD USA,15626,JAMESON,12,750,17.49,26.24,12,314.88,9.00,2.37
INV-65794400007,2023-12-29T00:00:00.000,3660,WAL-MART 2935 / KNOXVILLE,814 W BELL AVE,KNOXVILLE,50138,POINT (-93.10606497 41.304905019),,MARION,1011200,STRAIGHT BOURBON WHISKIES,085,BROWN FORMAN CORP.,22215,WOODFORD RESERVE,12,750,23.50,35.25,12,423.00,9.00,2.37
INV-65794400008,2023-12-29T00:00:00.000,3660,WAL-MART 2935 / KNOXVILLE,814 W BELL AVE,KNOXVILLE,50138,POINT (-93.10606497 41.304905019),,MARION,1011100,BLENDED WHISKIES,297,LAIRD & COMPANY,23828,FIVE STAR,6,1750,8.39,12.59,6,75.54,10.50,2.77
INV-65794400009,2023-12-29T00:00:00.000,3660,WAL-MART 2935 / KNOXVILLE,814 W BELL AVE,KNOXVILLE,50138,POINT (-93.10606497 41.304905019),,MARION,1011100,BLENDED WHISKIES,065,JIM BEAM BRANDS,27544,RED STAG BLACK CHERRY,12,750,11.00,16.50,12,198.00,9.00,2.37
INV-65794400010,2023-12-29T00:00:00.000,3660,WAL-MART 2935 / KNOXVILLE,814 W BELL AVE,KNOXVILLE,50138,POINT (-93.10606497 41.304905019),,MARION,1041100,AMERICAN DRY GINS,205,E & J GALLO WINERY,31475,NEW AMSTERDAM GIN,12,750,9.00,13.50,12,162.00,9.00,2.37
INV-65794400011,2023-12-29T00:00:00.000,3660,WAL-MART 2935 / KNOXVILLE,814 W BELL AVE,KNOXVILLE,50138,POINT (-93.10606497 41.304905019),,MARION,1032100,IMPORTED VODKAS,370,PERNOD RICARD USA,34006,ABSOLUT SWEDISH VODKA 80PRF,12,750,9.99,14.99,12,179.88,9.00,2.37
INV-65794400012,2023-12-29T00:00:00.000,3660,WAL-MART 2935 / KNOXVILLE,814 W BELL AVE,KNOXVILLE,50138,POINT (-93.10606497 41.304905019),,MARION,1032100,IMPORTED VODKAS,035,BACARDI USA INC,34433,GREY GOOSE,12,750,15.50,23.25,12,279.00,9.00,2.37
INV-65794400013,2023-12-29T00:00:00.000,3660,WAL-MART 2935 / KNOXVILLE,814 W BELL AVE,KNOXVILLE,50138,POINT (-93.10606497 41.304905019),,MARION,1031100,AMERICAN VODKAS,421,SAZERAC COMPANY  INC,36648,CALIBER VODKA,12,750,3.32,4.98,12,59.76,9.00,2.37
INV-65794400014,2023-12-29T00:00:00.000,3660,WAL-MART 2935 / KNOXVILLE,814 W BELL AVE,KNOXVILLE,50138,POINT (-93.10606497 41.304905019),,MARION,1031100,AMERICAN VODKAS,421,SAZERAC COMPANY  INC,36650,CALIBER VODKA,6,1750,6.92,10.38,6,62.28,10.50,2.77
INV-65794400015,2023-12-29T00:00:00.000,3660,WAL-MART 2935 / KNOXVILLE,814 W BELL AVE,KNOXVILLE,50138,POINT (-93.10606497 41.304905019),,MARION,1031100,AMERICAN VODKAS,255,INFINIUM SPIRITS,37888,SEAGRAMS EXTRA SMOOTH VODKA,6,1750,10.00,15.00,6,90.00,10.50,2.77
INV-65794400016,2023-12-29T00:00:00.000,3660,WAL-MART 2935 / KNOXVILLE,814 W BELL AVE,KNOXVILLE,50138,POINT (-93.10606497 41.304905019),,MARION,1031100,AMERICAN VODKAS,260,DIAGEO AMERICAS,37996,SMIRNOFF 80PRF,12,750,8.25,12.38,12,148.56,9.00,2.37
INV-65794400017,2023-12-29T00:00:00.000,3660,WAL-MART 2935 / KNOXVILLE,814 W BELL AVE,KNOXVILLE,50138,POINT (-93.10606497 41.304905019),,MARION,1031100,AMERICAN VODKAS,260,DIAGEO AMERICAS,37997,SMIRNOFF 80PRF,12,1000,9.25,13.88,12,166.56,12.00,3.17
INV-65794400018,2023-12-29T00:00:00.000,3660,WAL-MART 2935 / KNOXVILLE,814 W BELL AVE,KNOXVILLE,50138,POINT (-93.10606497 41.304905019),,MARION,1031100,AMERICAN VODKAS,301,FIFTH GENERATION INC,38178,TITOS HANDMADE VODKA,6,1750,19.00,28.50,6,171.00,10.50,2.77
INV-65794400019,2023-12-29T00:00:00.000,3660,WAL-MART 2935 / KNOXVILLE,814 W BELL AVE,KNOXVILLE,50138,POINT (-93.10606497 41.304905019),,MARION,1091200,NEUTRAL GRAIN SPIRITS,434,LUXCO INC,41846,EVERCLEAR 151,12,750,9.00,13.50,12,162.00,9.00,2.37
INV-65794400020,2023-12-29T00:00:00.000,3660,WAL-MART 2935 / KNOXVILLE,814 W BELL AVE,KNOXVILLE,50138,POINT (-93.10606497 41.304905019),,MARION,1062400,SPICED RUM,260,DIAGEO AMERICAS,43337,CAPTAIN MORGAN ORIGINAL SPICED,12,1000,12.99,19.49,12,233.88,12.00,3.17
INV-65794400021,2023-12-29T00:00:00.000,3660,WAL-MART 2935 / KNOXVILLE,814 W BELL AVE,KNOXVILLE,50138,POINT (-93.10606497 41.304905019),,MARION,1071000,COCKTAILS/RTD,395,PROXIMO,58855,JOSE CUERVO AUTHENTIC TROPICAL PARADISE,6,1750,8.74,13.11,6,78.66,10.50,2.77
INV-65794400022,2023-12-29T00:00:00.000,3660,WAL-MART 2935 / KNOXVILLE,814 W BELL AVE,KNOXVILLE,50138,POINT (-93.10606497 41.304905019),,MARION,1081600,WHISKEY LIQUEUR,421,SAZERAC COMPANY  INC,64866,FIREBALL CINNAMON WHISKEY,12,750,9.00,13.50,12,162.00,9.00,2.37
INV-65794400024,2023-12-29T00:00:00.000,3660,WAL-MART 2935 / KNOXVILLE,814 W BELL AVE,KNOXVILLE,50138,POINT (-93.10606497 41.304905019),,MARION,1091100,AMERICAN DISTILLED SPIRITS SPECIALTY,370,PERNOD RICARD USA,86439,SKREWBALL PEANUT BUTTER WHISKEY,12,750,14.99,22.49,12,269.88,9.00,2.37
INV-65794500001,2023-12-29T00:00:00.000,4275,FAREWAY STORES #980 / KNOXVILLE,1308 S LINCOLN ST,KNOXVILLE,50138,POINT (-93.110557 41.308237999),,MARION,1011200,STRAIGHT BOURBON WHISKIES,434,LUXCO INC,22244,YELLOWSTONE SELECT,6,750,20.00,30.00,6,180.00,4.50,1.18
INV-65794500002,2023-12-29T00:00:00.000,4275,FAREWAY STORES #980 / KNOXVILLE,1308 S LINCOLN ST,KNOXVILLE,50138,POINT (-93.110557 41.308237999),,MARION,1011100,BLENDED WHISKIES,260,DIAGEO AMERICAS,25608,SEAGRAMS 7 CROWN,6,1750,13.99,20.99,6,125.94,10.50,2.77
INV-65794500003,2023-12-29T00:00:00.000,4275,FAREWAY STORES #980 / KNOXVILLE,1308 S LINCOLN ST,KNOXVILLE,50138,POINT (-93.110557 41.308237999),,MARION,1031100,AMERICAN VODKAS,297,LAIRD & COMPANY,35918,FIVE O'CLOCK VODKA,6,1750,7.72,11.58,6,69.48,10.50,2.77
INV-65794500004,2023-12-29T00:00:00.000,4275,FAREWAY STORES #980 / KNOXVILLE,1308 S LINCOLN ST,KNOXVILLE,50138,POINT (-93.110557 41.308237999),,MARION,1031100,AMERICAN VODKAS,421,SAZERAC COMPANY  INC,37418,POPOV 80PRF,6,1750,8.50,12.75,6,76.50,10.50,2.77
INV-65794500005,2023-12-29T00:00:00.000,4275,FAREWAY STORES #980 / KNOXVILLE,1308 S LINCOLN ST,KNOXVILLE,50138,POINT (-93.110557 41.308237999),,MARION,1062100,GOLD RUM,434,LUXCO INC,45248,PARAMOUNT GOLD RUM,6,1750,8.00,12.00,12,144.00,21.00,5.54
INV-65794500006,2023-12-29T00:00:00.000,4275,FAREWAY STORES #980 / KNOXVILLE,1308 S LINCOLN ST,KNOXVILLE,50138,POINT (-93.110557 41.308237999),,MARION,1062200,WHITE RUM,434,LUXCO INC,45278,PARAMOUNT WHITE RUM,6,1750,8.00,12.00,6,72.00,10.50,2.77
INV-65794500007,2023-12-29T00:00:00.000,4275,FAREWAY STORES #980 / KNOXVILLE,1308 S LINCOLN ST,KNOXVILLE,50138,POINT (-93.110557 41.308237999),,MARION,1051100,AMERICAN BRANDIES,421,SAZERAC COMPANY  INC,53216,PAUL MASSON GRANDE AMBER BRANDY VS,12,750,6.41,9.62,2,19.24,1.50,0.39
INV-65794500008,2023-12-29T00:00:00.000,4275,FAREWAY STORES #980 / KNOXVILLE,1308 S LINCOLN ST,KNOXVILLE,50138,POINT (-93.110557 41.308237999),,MARION,1081300,AMERICAN CORDIALS & LIQUEURS,434,LUXCO INC,76486,PARAMOUNT AMARETTO,12,750,3.75,5.63,12,67.56,9.00,2.37
INV-65794500009,2023-12-29T00:00:00.000,4275,FAREWAY STORES #980 / KNOXVILLE,1308 S LINCOLN ST,KNOXVILLE,50138,POINT (-93.110557 41.308237999),,MARION,1081200,CREAM LIQUEURS,306,MISSISSIPPI RIVER DISTILLING COMPANY LLC,80239,IOWISH CREAM SALTED CARAMEL,6,750,12.50,18.75,6,112.50,4.50,1.18
INV-65794500010,2023-12-29T00:00:00.000,4275,FAREWAY STORES #980 / KNOXVILLE,1308 S LINCOLN ST,KNOXVILLE,50138,POINT (-93.110557 41.308237999),,MARION,1081200,CREAM LIQUEURS,654,REVELTON DISTILLING COMPANY,86420,REVELTON WHISKEY AND CREAM LIQUEUR,6,750,15.00,22.50,6,135.00,4.50,1.18
INV-65794600001,2023-12-29T00:00:00.000,010307,SUPER QUICK LIQUOR / KNOXVILLE,701 W PLEASANT ST,KNOXVILLE,50138,POINT (-93.105722989 41.320964997),,MARION,1032100,IMPORTED VODKAS,370,PERNOD RICARD USA,100490,ABSOLUT MINI BAR,24,50,3.49,5.24,5,26.20,0.25,0.06
INV-65794600002,2023-12-29T00:00:00.000,010307,SUPER QUICK LIQUOR / KNOXVILLE,701 W PLEASANT ST,KNOXVILLE,50138,POINT (-93.105722989 41.320964997),,MARION,1012100,CANADIAN WHISKIES,260,DIAGEO AMERICAS,10791,CROWN ROYAL VANILLA,12,750,17.49,26.24,4,104.96,3.00,0.79
INV-65794600003,2023-12-29T00:00:00.000,010307,SUPER QUICK LIQUOR / KNOXVILLE,701 W PLEASANT ST,KNOXVILLE,50138,POINT (-93.105722989 41.320964997),,MARION,1012100,CANADIAN WHISKIES,260,DIAGEO AMERICAS,10802,CROWN ROYAL PEACH,12,750,17.49,26.24,4,104.96,3.00,0.79
INV-65794600004,2023-12-29T00:00:00.000,010307,SUPER QUICK LIQUOR / KNOXVILLE,701 W PLEASANT ST,KNOXVILLE,50138,POINT (-93.105722989 41.320964997),,MARION,1012100,CANADIAN WHISKIES,260,DIAGEO AMERICAS,11298,CROWN ROYAL,6,1750,33.99,50.99,3,152.97,5.25,1.38
INV-65794600005,2023-12-29T00:00:00.000,010307,SUPER QUICK LIQUOR / KNOXVILLE,701 W PLEASANT ST,KNOXVILLE,50138,POINT (-93.105722989 41.320964997),,MARION,1011600,STRAIGHT RYE WHISKIES,214,GOAMERICAGO BEVERAGES LLC / WHISTLEPIG,15180,WHISTLEPIG 10YR,6,750,44.50,66.75,2,133.50,1.50,0.39
INV-65794600006,2023-12-29T00:00:00.000,010307,SUPER QUICK LIQUOR / KNOXVILLE,701 W PLEASANT ST,KNOXVILLE,50138,POINT (-93.105722989 41.320964997),,MARION,1012400,IRISH WHISKIES,395,PROXIMO,15777,BUSHMILLS IRISH WHISKEY,12,1000,18.50,27.75,4,111.00,4.00,1.05
INV-65794600007,2023-12-29T00:00:00.000,010307,SUPER QUICK LIQUOR / KNOXVILLE,701 W PLEASANT ST,KNOXVILLE,50138,POINT (-93.105722989 41.320964997),,MARION,1011100,BLENDED WHISKIES,297,LAIRD & COMPANY,23828,FIVE STAR,6,1750,8.39,12.59,6,75.54,10.50,2.77
INV-65794600008,2023-12-29T00:00:00.000,010307,SUPER QUICK LIQUOR / KNOXVILLE,701 W PLEASANT ST,KNOXVILLE,50138,POINT (-93.105722989 41.320964997),,MARION,1031100,AMERICAN VODKAS,421,SAZERAC COMPANY  INC,35318,BARTON VODKA,6,1750,7.06,10.59,6,63.54,10.50,2.77
INV-65794600009,2023-12-29T00:00:00.000,010307,SUPER QUICK LIQUOR / KNOXVILLE,701 W PLEASANT ST,KNOXVILLE,50138,POINT (-93.105722989 41.320964997),,MARION,1031100,AMERICAN VODKAS,297,LAIRD & COMPANY,35918,FIVE O'CLOCK VODKA,6,1750,7.72,11.58,6,69.48,10.50,2.77
INV-65794600010,2023-12-29T00:00:00.000,010307,SUPER QUICK LIQUOR / KNOXVILLE,701 W PLEASANT ST,KNOXVILLE,50138,POINT (-93.105722989 41.320964997),,MARION,1031100,AMERICAN VODKAS,301,FIFTH GENERATION INC,38178,TITOS HANDMADE VODKA,6,1750,19.00,28.50,6,171.00,10.50,2.77
INV-65794600011,2023-12-29T00:00:00.000,010307,SUPER QUICK LIQUOR / KNOXVILLE,701 W PLEASANT ST,KNOXVILLE,50138,POINT (-93.105722989 41.320964997),,MARION,1062400,SPICED RUM,260,DIAGEO AMERICAS,43334,CAPTAIN MORGAN ORIGINAL SPICED,24,375,5.24,7.86,24,188.64,9.00,2.37
INV-65794600012,2023-12-29T00:00:00.000,010307,SUPER QUICK LIQUOR / KNOXVILLE,701 W PLEASANT ST,KNOXVILLE,50138,POINT (-93.105722989 41.320964997),,MARION,1062200,WHITE RUM,434,LUXCO INC,45278,PARAMOUNT WHITE RUM,6,1750,8.00,12.00,6,72.00,10.50,2.77
INV-65794600013,2023-12-29T00:00:00.000,010307,SUPER QUICK LIQUOR / KNOXVILLE,701 W PLEASANT ST,KNOXVILLE,50138,POINT (-93.105722989 41.320964997),,MARION,1052100,IMPORTED BRANDIES,389,REMY COINTREAU USA INC,49186,REMY MARTIN VSOP,12,750,27.99,41.99,2,83.98,1.50,0.39
INV-65794600014,2023-12-29T00:00:00.000,010307,SUPER QUICK LIQUOR / KNOXVILLE,701 W PLEASANT ST,KNOXVILLE,50138,POINT (-93.105722989 41.320964997),,MARION,1012200,SCOTCH WHISKIES,260,DIAGEO AMERICAS,5318,JOHNNIE WALKER DOUBLE BLACK,6,750,24.99,37.49,2,74.98,1.50,0.39
INV-65794600015,2023-12-29T00:00:00.000,010307,SUPER QUICK LIQUOR / KNOXVILLE,701 W PLEASANT ST,KNOXVILLE,50138,POINT (-93.105722989 41.320964997),,MARION,1012200,SCOTCH WHISKIES,260,DIAGEO AMERICAS,5350,JOHNNIE WALKER GREEN,6,750,37.49,56.24,3,168.72,2.25,0.59
INV-65794600016,2023-12-29T00:00:00.000,010307,SUPER QUICK LIQUOR / KNOXVILLE,701 W PLEASANT ST,KNOXVILLE,50138,POINT (-93.105722989 41.320964997),,MARION,1082200,IMPORTED SCHNAPPS,421,SAZERAC COMPANY  INC,69637,DR MCGILLICUDDYS CHERRY,12,1000,11.25,16.88,4,66.00,4.00,1.05
INV-65794600017,2023-12-29T00:00:00.000,010307,SUPER QUICK LIQUOR / KNOXVILLE,701 W PLEASANT ST,KNOXVILLE,50138,POINT (-93.105722989 41.320964997),,MARION,1022200,100% AGAVE TEQUILA,260,DIAGEO AMERICAS,87485,DON JULIO BLANCO,6,750,30.99,46.49,3,139.47,2.25,0.59
INV-65794600018,2023-12-29T00:00:00.000,010307,SUPER QUICK LIQUOR / KNOXVILLE,701 W PLEASANT ST,KNOXVILLE,50138,POINT (-93.105722989 41.320964997),,MARION,1022200,100% AGAVE TEQUILA,260,DIAGEO AMERICAS,89154,DON JULIO REPOSADO,6,750,33.49,50.24,3,150.72,2.25,0.59
INV-65794700001,2023-12-29T00:00:00.000,5740,NEW STAR / KNOXVILLE,901 WEST PLEASANT ST,KNOXVILLE,50138,POINT (-93.107850986 41.320995005),,MARION,1012100,CANADIAN WHISKIES,260,DIAGEO AMERICAS,10805,CROWN ROYAL REGAL APPLE,24,375,8.49,12.74,24,305.76,9.00,2.37
INV-65794700002,2023-12-29T00:00:00.000,5740,NEW STAR / KNOXVILLE,901 WEST PLEASANT ST,KNOXVILLE,50138,POINT (-93.107850986 41.320995005),,MARION,1012100,CANADIAN WHISKIES,259,HEAVEN HILL BRANDS,11771,BLACK VELVET MINI,8,50,8.87,13.31,4,53.24,0.20,0.05
INV-65794700003,2023-12-29T00:00:00.000,5740,NEW STAR / KNOXVILLE,901 WEST PLEASANT ST,KNOXVILLE,50138,POINT (-93.107850986 41.320995005),,MARION,1012100,CANADIAN WHISKIES,259,HEAVEN HILL BRANDS,11777,BLACK VELVET,12,1000,7.00,10.50,12,126.00,12.00,3.17
INV-65794700004,2023-12-29T00:00:00.000,5740,NEW STAR / KNOXVILLE,901 WEST PLEASANT ST,KNOXVILLE,50138,POINT (-93.107850986 41.320995005),,MARION,1012100,CANADIAN WHISKIES,259,HEAVEN HILL BRANDS,11788,BLACK VELVET,6,1750,11.00,16.50,6,99.00,10.50,2.77
INV-65794700005,2023-12-29T00:00:00.000,5740,NEW STAR / KNOXVILLE,901 WEST PLEASANT ST,KNOXVILLE,50138,POINT (-93.107850986 41.320995005),,MARION,1011200,STRAIGHT BOURBON WHISKIES,065,JIM BEAM BRANDS,19062,JIM BEAM,48,100,1.40,2.10,48,100.80,4.80,1.26
INV-65794700006,2023-12-29T00:00:00.000,5740,NEW STAR / KNOXVILLE,901 WEST PLEASANT ST,KNOXVILLE,50138,POINT (-93.107850986 41.320995005),,MARION,1011400,TENNESSEE WHISKIES,085,BROWN FORMAN CORP.,26820,JACK DANIELS OLD #7 BLACK LABEL FLAT,24,375,8.25,12.38,24,297.12,9.00,2.37
INV-65794700007,2023-12-29T00:00:00.000,5740,NEW STAR / KNOXVILLE,901 WEST PLEASANT ST,KNOXVILLE,50138,POINT (-93.107850986 41.320995005),,MARION,1011200,STRAIGHT BOURBON WHISKIES,065,JIM BEAM BRANDS,28043,JIM BEAM VANILLA,12,750,11.00,16.50,12,198.00,9.00,2.37
INV-65794700008,2023-12-29T00:00:00.000,5740,NEW STAR / KNOXVILLE,901 WEST PLEASANT ST,KNOXVILLE,50138,POINT (-93.107850986 41.320995005),,MARION,1032200,IMPORTED FLAVORED VODKA,370,PERNOD RICARD USA,34014,ABSOLUT APEACH,12,750,9.99,14.99,4,59.96,3.00,0.79
INV-65794700009,2023-12-29T00:00:00.000,5740,NEW STAR / KNOXVILLE,901 WEST PLEASANT ST,KNOXVILLE,50138,POINT (-93.107850986 41.320995005),,MARION,1032200,IMPORTED FLAVORED VODKA,370,PERNOD RICARD USA,35354,ABSOLUT MANGO,12,750,9.99,14.99,4,59.96,3.00,0.79
INV-65794700010,2023-12-29T00:00:00.000,5740,NEW STAR / KNOXVILLE,901 WEST PLEASANT ST,KNOXVILLE,50138,POINT (-93.107850986 41.320995005),,MARION,1031100,AMERICAN VODKAS,434,LUXCO INC,36306,HAWKEYE VODKA,12,750,3.50,5.25,12,63.00,9.00,2.37
INV-65794700011,2023-12-29T00:00:00.000,5740,NEW STAR / KNOXVILLE,901 WEST PLEASANT ST,KNOXVILLE,50138,POINT (-93.107850986 41.320995005),,MARION,1031100,AMERICAN VODKAS,434,LUXCO INC,36308,HAWKEYE VODKA,6,1750,7.50,11.25,6,67.50,10.50,2.77
INV-65794700012,2023-12-29T00:00:00.000,5740,NEW STAR / KNOXVILLE,901 WEST PLEASANT ST,KNOXVILLE,50138,POINT (-93.107850986 41.320995005),,MARION,1031100,AMERICAN VODKAS,777,"BLUE OX SPIRITS, INC.",36873,BLUE OX VODKA,12,750,3.90,5.85,12,70.20,9.00,2.37
INV-65794700013,2023-12-29T00:00:00.000,5740,NEW STAR / KNOXVILLE,901 WEST PLEASANT ST,KNOXVILLE,50138,POINT (-93.107850986 41.320995005),,MARION,1031100,AMERICAN VODKAS,777,"BLUE OX SPIRITS, INC.",36875,BLUE OX VODKA,6,1750,7.63,11.45,12,137.40,21.00,5.54
INV-65794700014,2023-12-29T00:00:00.000,5740,NEW STAR / KNOXVILLE,901 WEST PLEASANT ST,KNOXVILLE,50138,POINT (-93.107850986 41.320995005),,MARION,1031100,AMERICAN VODKAS,300,MCCORMICK DISTILLING CO.,36904,MCCORMICK 80PRF VODKA PET,24,375,1.84,2.76,24,66.24,9.00,2.37
INV-65794700015,2023-12-29T00:00:00.000,5740,NEW STAR / KNOXVILLE,901 WEST PLEASANT ST,KNOXVILLE,50138,POINT (-93.107850986 41.320995005),,MARION,1031100,AMERICAN VODKAS,421,SAZERAC COMPANY  INC,36978,NIKOLAI VODKA,6,1750,7.06,10.59,6,63.54,10.50,2.77
INV-65794700016,2023-12-29T00:00:00.000,5740,NEW STAR / KNOXVILLE,901 WEST PLEASANT ST,KNOXVILLE,50138,POINT (-93.107850986 41.320995005),,MARION,1031100,AMERICAN VODKAS,301,FIFTH GENERATION INC,38179,TITOS HANDMADE VODKA,24,200,3.49,5.24,24,125.76,4.80,1.26
INV-65794700017,2023-12-29T00:00:00.000,5740,NEW STAR / KNOXVILLE,901 WEST PLEASANT ST,KNOXVILLE,50138,POINT (-93.107850986 41.320995005),,MARION,1031100,AMERICAN VODKAS,301,FIFTH GENERATION INC,38194,TITOS HANDMADE VODKA MINI,5,50,12.80,19.20,5,96.00,0.25,0.06
INV-65794700018,2023-12-29T00:00:00.000,5740,NEW STAR / KNOXVILLE,901 WEST PLEASANT ST,KNOXVILLE,50138,POINT (-93.107850986 41.320995005),,MARION,1031200,AMERICAN FLAVORED VODKA,380,PHILLIPS BEVERAGE,41703,UV RED CHERRY MINI,12,50,4.60,6.90,4,27.60,0.20,0.05
INV-65794700019,2023-12-29T00:00:00.000,5740,NEW STAR / KNOXVILLE,901 WEST PLEASANT ST,KNOXVILLE,50138,POINT (-93.107850986 41.320995005),,MARION,1062500,FLAVORED RUM,370,PERNOD RICARD USA,42716,MALIBU COCONUT,12,750,8.99,13.49,12,161.88,9.00,2.37
INV-65794700020,2023-12-29T00:00:00.000,5740,NEW STAR / KNOXVILLE,901 WEST PLEASANT ST,KNOXVILLE,50138,POINT (-93.107850986 41.320995005),,MARION,1052100,IMPORTED BRANDIES,389,REMY COINTREAU USA INC,49185,REMY MARTIN VSOP FLASK,12,375,13.91,20.87,12,250.44,4.50,1.18
INV-65794700021,2023-12-29T00:00:00.000,5740,NEW STAR / KNOXVILLE,901 WEST PLEASANT ST,KNOXVILLE,50138,POINT (-93.107850986 41.320995005),,MARION,1012200,SCOTCH WHISKIES,260,DIAGEO AMERICAS,5345,JOHNNIE WALKER RED,24,375,8.00,12.00,24,288.00,9.00,2.37
INV-65794700022,2023-12-29T00:00:00.000,5740,NEW STAR / KNOXVILLE,901 WEST PLEASANT ST,KNOXVILLE,50138,POINT (-93.107850986 41.320995005),,MARION,1081600,WHISKEY LIQUEUR,421,SAZERAC COMPANY  INC,64858,FIREBALL CINNAMON WHISKEY MINI DISPENSER,1,50,25.80,38.70,3,116.10,0.15,0.03
INV-65794700023,2023-12-29T00:00:00.000,5740,NEW STAR / KNOXVILLE,901 WEST PLEASANT ST,KNOXVILLE,50138,POINT (-93.107850986 41.320995005),,MARION,1081600,WHISKEY LIQUEUR,421,SAZERAC COMPANY  INC,64864,FIREBALL CINNAMON WHISKEY,24,375,5.33,8.00,24,192.00,9.00,2.37
INV-65794700024,2023-12-29T00:00:00.000,5740,NEW STAR / KNOXVILLE,901 WEST PLEASANT ST,KNOXVILLE,50138,POINT (-93.107850986 41.320995005),,MARION,1081600,WHISKEY LIQUEUR,421,SAZERAC COMPANY  INC,64870,FIREBALL CINNAMON WHISKEY,48,100,1.00,1.50,192,288.00,19.20,5.07
INV-65794700025,2023-12-29T00:00:00.000,5740,NEW STAR / KNOXVILLE,901 WEST PLEASANT ST,KNOXVILLE,50138,POINT (-93.107850986 41.320995005),,MARION,1081600,WHISKEY LIQUEUR,421,SAZERAC COMPANY  INC,65013,FIREBALL CINNAMON WHISKEY MINI SLEEVE,12,50,4.30,6.45,12,77.40,0.60,0.15
INV-65794700026,2023-12-29T00:00:00.000,5740,NEW STAR / KNOXVILLE,901 WEST PLEASANT ST,KNOXVILLE,50138,POINT (-93.107850986 41.320995005),,MARION,1081200,CREAM LIQUEURS,300,MCCORMICK DISTILLING CO.,65204,TEQUILA ROSE LIQUEUR MINI,6,50,5.90,8.85,6,42.30,0.30,0.07
INV-65794700027,2023-12-29T00:00:00.000,5740,NEW STAR / KNOXVILLE,901 WEST PLEASANT ST,KNOXVILLE,50138,POINT (-93.107850986 41.320995005),,MARION,1701100,TEMPORARY & SPECIALTY PACKAGES,384,PIEDMONT DISTILLERS INC,68622,MIDNIGHT MOON CHOCOLATE BROWNIE MOONSHAKE MINI,4,50,17.16,25.74,1,25.74,0.05,0.01
INV-65794700028,2023-12-29T00:00:00.000,5740,NEW STAR / KNOXVILLE,901 WEST PLEASANT ST,KNOXVILLE,50138,POINT (-93.107850986 41.320995005),,MARION,1031200,AMERICAN FLAVORED VODKA,260,DIAGEO AMERICAS,76831,SMIRNOFF BLUE RASPBERRY MINI,12,50,7.47,11.21,4,44.84,0.20,0.05
INV-65794700029,2023-12-29T00:00:00.000,5740,NEW STAR / KNOXVILLE,901 WEST PLEASANT ST,KNOXVILLE,50138,POINT (-93.107850986 41.320995005),,MARION,1031100,AMERICAN VODKAS,260,DIAGEO AMERICAS,78292,SMIRNOFF PEACH LEMONADE MINI,12,50,7.47,11.21,4,44.84,0.20,0.05
INV-65794700030,2023-12-29T00:00:00.000,5740,NEW STAR / KNOXVILLE,901 WEST PLEASANT ST,KNOXVILLE,50138,POINT (-93.107850986 41.320995005),,MARION,1081400,AMERICAN SCHNAPPS,065,JIM BEAM BRANDS,82846,DEKUYPER LUSCIOUS PEACHTREE,12,750,6.75,10.13,12,121.56,9.00,2.37
INV-65794700031,2023-12-29T00:00:00.000,5740,NEW STAR / KNOXVILLE,901 WEST PLEASANT ST,KNOXVILLE,50138,POINT (-93.107850986 41.320995005),,MARION,1081400,AMERICAN SCHNAPPS,421,SAZERAC COMPANY  INC,84135,99 PEACHES,48,100,1.00,1.50,48,72.00,4.80,1.26
INV-65794700032,2023-12-29T00:00:00.000,5740,NEW STAR / KNOXVILLE,901 WEST PLEASANT ST,KNOXVILLE,50138,POINT (-93.107850986 41.320995005),,MARION,1081400,AMERICAN SCHNAPPS,421,SAZERAC COMPANY  INC,84214,99 CHERRIES,48,100,1.00,1.50,48,72.00,4.80,1.26
INV-65794700033,2023-12-29T00:00:00.000,5740,NEW STAR / KNOXVILLE,901 WEST PLEASANT ST,KNOXVILLE,50138,POINT (-93.107850986 41.320995005),,MARION,1081400,AMERICAN SCHNAPPS,421,SAZERAC COMPANY  INC,84222,99 BLUE RASPBERRIES MINI,1,50,51.60,77.40,1,77.40,0.05,0.01
INV-65794800001,2023-12-29T00:00:00.000,2566,HY-VEE FOOD STORE (1353) / KNOXVILLE,813 N LINCOLN STE 1,KNOXVILLE,50138,POINT (-93.109403714 41.325024505),,MARION,1012200,SCOTCH WHISKIES,065,JIM BEAM BRANDS,905433,HA LAPHROAIG QUARTER CASK,6,750,31.49,47.24,1,47.24,0.75,0.19
INV-65794900001,2023-12-29T00:00:00.000,2566,HY-VEE FOOD STORE (1353) / KNOXVILLE,813 N LINCOLN STE 1,KNOXVILLE,50138,POINT (-93.109403714 41.325024505),,MARION,1701100,TEMPORARY & SPECIALTY PACKAGES,214,GOAMERICAGO BEVERAGES LLC / WHISTLEPIG,102061,PIGGYBACK RYE W/POUR SNOUT,6,750,25.00,37.50,6,225.00,4.50,1.18
INV-65794900002,2023-12-29T00:00:00.000,2566,HY-VEE FOOD STORE (1353) / KNOXVILLE,813 N LINCOLN STE 1,KNOXVILLE,50138,POINT (-93.109403714 41.325024505),,MARION,1012100,CANADIAN WHISKIES,259,HEAVEN HILL BRANDS,10550,BLACK VELVET TOASTED CARAMEL,12,750,5.74,8.61,12,103.32,9.00,2.37
INV-65794900003,2023-12-29T00:00:00.000,2566,HY-VEE FOOD STORE (1353) / KNOXVILLE,813 N LINCOLN STE 1,KNOXVILLE,50138,POINT (-93.109403714 41.325024505),,MARION,1012100,CANADIAN WHISKIES,434,LUXCO INC,10935,HAWKEYE CANADIAN WHISKY,6,1750,9.50,14.25,6,85.50,10.50,2.77
INV-65794900004,2023-12-29T00:00:00.000,2566,HY-VEE FOOD STORE (1353) / KNOXVILLE,813 N LINCOLN STE 1,KNOXVILLE,50138,POINT (-93.109403714 41.325024505),,MARION,1011200,STRAIGHT BOURBON WHISKIES,085,BROWN FORMAN CORP.,22228,WOODFORD RESERVE DOUBLE OAKED,6,750,32.50,48.75,6,292.50,4.50,1.18
INV-65794900005,2023-12-29T00:00:00.000,2566,HY-VEE FOOD STORE (1353) / KNOXVILLE,813 N LINCOLN STE 1,KNOXVILLE,50138,POINT (-93.109403714 41.325024505),,MARION,1011100,BLENDED WHISKIES,654,REVELTON DISTILLING COMPANY,26291,REVELTON HONEY WHISKEY,6,750,17.50,26.25,6,157.50,4.50,1.18
INV-65794900006,2023-12-29T00:00:00.000,2566,HY-VEE FOOD STORE (1353) / KNOXVILLE,813 N LINCOLN STE 1,KNOXVILLE,50138,POINT (-93.109403714 41.325024505),,MARION,1011400,TENNESSEE WHISKIES,085,BROWN FORMAN CORP.,26586,GENTLEMAN JACK,12,750,20.01,30.02,12,360.24,9.00,2.37
INV-65794900007,2023-12-29T00:00:00.000,2566,HY-VEE FOOD STORE (1353) / KNOXVILLE,813 N LINCOLN STE 1,KNOXVILLE,50138,POINT (-93.109403714 41.325024505),,MARION,1011400,TENNESSEE WHISKIES,085,BROWN FORMAN CORP.,26821,JACK DANIELS OLD #7 BLACK LABEL MINI,12,50,11.50,17.25,12,207.00,0.60,0.15
INV-65794900008,2023-12-29T00:00:00.000,2566,HY-VEE FOOD STORE (1353) / KNOXVILLE,813 N LINCOLN STE 1,KNOXVILLE,50138,POINT (-93.109403714 41.325024505),,MARION,1011400,TENNESSEE WHISKIES,085,BROWN FORMAN CORP.,26826,JACK DANIELS OLD #7 BLACK LABEL,12,750,15.91,23.87,12,286.44,9.00,2.37
INV-65794900009,2023-12-29T00:00:00.000,2566,HY-VEE FOOD STORE (1353) / KNOXVILLE,813 N LINCOLN STE 1,KNOXVILLE,50138,POINT (-93.109403714 41.325024505),,MARION,1011400,TENNESSEE WHISKIES,085,BROWN FORMAN CORP.,26827,JACK DANIELS OLD #7 BLACK LABEL,12,1000,20.27,30.41,12,364.92,12.00,3.17
INV-65794900010,2023-12-29T00:00:00.000,2566,HY-VEE FOOD STORE (1353) / KNOXVILLE,813 N LINCOLN STE 1,KNOXVILLE,50138,POINT (-93.109403714 41.325024505),,MARION,1011400,TENNESSEE WHISKIES,085,BROWN FORMAN CORP.,26828,JACK DANIELS OLD #7 BLACK LABEL,6,1750,33.28,49.92,6,299.52,10.50,2.77
INV-65794900011,2023-12-29T00:00:00.000,2566,HY-VEE FOOD STORE (1353) / KNOXVILLE,813 N LINCOLN STE 1,KNOXVILLE,50138,POINT (-93.109403714 41.325024505),,MARION,1011600,STRAIGHT RYE WHISKIES,255,INFINIUM SPIRITS,27102,TEMPLETON RYE 4YR,6,750,15.40,23.10,6,162.84,4.50,1.18
INV-65794900012,2023-12-29T00:00:00.000,2566,HY-VEE FOOD STORE (1353) / KNOXVILLE,813 N LINCOLN STE 1,KNOXVILLE,50138,POINT (-93.109403714 41.325024505),,MARION,1011100,BLENDED WHISKIES,154,DUNKEL CORPORATION / IOWA DISTILLING,27629,PRAIRIE FIRE,12,750,9.09,13.64,12,163.68,9.00,2.37
INV-65794900013,2023-12-29T00:00:00.000,2566,HY-VEE FOOD STORE (1353) / KNOXVILLE,813 N LINCOLN STE 1,KNOXVILLE,50138,POINT (-93.109403714 41.325024505),,MARION,1032100,IMPORTED VODKAS,370,PERNOD RICARD USA,34006,ABSOLUT SWEDISH VODKA 80PRF,12,750,9.99,14.99,12,179.88,9.00,2.37
INV-65794900014,2023-12-29T00:00:00.000,2566,HY-VEE FOOD STORE (1353) / KNOXVILLE,813 N LINCOLN STE 1,KNOXVILLE,50138,POINT (-93.109403714 41.325024505),,MARION,1032100,IMPORTED VODKAS,035,BACARDI USA INC,34423,GREY GOOSE,12,375,8.50,12.75,3,38.25,1.12,0.29
INV-65794900015,2023-12-29T00:00:00.000,2566,HY-VEE FOOD STORE (1353) / KNOXVILLE,813 N LINCOLN STE 1,KNOXVILLE,50138,POINT (-93.109403714 41.325024505),,MARION,1031100,AMERICAN VODKAS,115,CONSTELLATION BRANDS INC,34821,SVEDKA 80PRF,6,1750,13.40,20.10,6,120.60,10.50,2.77
INV-65794900016,2023-12-29T00:00:00.000,2566,HY-VEE FOOD STORE (1353) / KNOXVILLE,813 N LINCOLN STE 1,KNOXVILLE,50138,POINT (-93.109403714 41.325024505),,MARION,1031100,AMERICAN VODKAS,434,LUXCO INC,36306,HAWKEYE VODKA,12,750,3.50,5.25,12,63.00,9.00,2.37
INV-65794900017,2023-12-29T00:00:00.000,2566,HY-VEE FOOD STORE (1353) / KNOXVILLE,813 N LINCOLN STE 1,KNOXVILLE,50138,POINT (-93.109403714 41.325024505),,MARION,1031100,AMERICAN VODKAS,421,SAZERAC COMPANY  INC,36978,NIKOLAI VODKA,6,1750,7.06,10.59,6,63.54,10.50,2.77
INV-65794900018,2023-12-29T00:00:00.000,2566,HY-VEE FOOD STORE (1353) / KNOXVILLE,813 N LINCOLN STE 1,KNOXVILLE,50138,POINT (-93.109403714 41.325024505),,MARION,1062500,FLAVORED RUM,370,PERNOD RICARD USA,42717,MALIBU COCONUT,12,1000,11.99,17.99,12,215.88,12.00,3.17
INV-65794900019,2023-12-29T00:00:00.000,2566,HY-VEE FOOD STORE (1353) / KNOXVILLE,813 N LINCOLN STE 1,KNOXVILLE,50138,POINT (-93.109403714 41.325024505),,MARION,1062400,SPICED RUM,260,DIAGEO AMERICAS,43336,CAPTAIN MORGAN ORIGINAL SPICED,12,750,9.49,14.24,12,170.88,9.00,2.37
INV-65794900020,2023-12-29T00:00:00.000,2566,HY-VEE FOOD STORE (1353) / KNOXVILLE,813 N LINCOLN STE 1,KNOXVILLE,50138,POINT (-93.109403714 41.325024505),,MARION,1052100,IMPORTED BRANDIES,420,MOET HENNESSY USA,48105,HENNESSY VS,12,375,11.49,17.24,3,51.72,1.12,0.29
INV-65794900021,2023-12-29T00:00:00.000,2566,HY-VEE FOOD STORE (1353) / KNOXVILLE,813 N LINCOLN STE 1,KNOXVILLE,50138,POINT (-93.109403714 41.325024505),,MARION,1051100,AMERICAN BRANDIES,434,LUXCO INC,54446,PARAMOUNT APRICOT BRANDY,12,750,5.75,8.63,12,103.56,9.00,2.37
INV-65794900022,2023-12-29T00:00:00.000,2566,HY-VEE FOOD STORE (1353) / KNOXVILLE,813 N LINCOLN STE 1,KNOXVILLE,50138,POINT (-93.109403714 41.325024505),,MARION,1081600,WHISKEY LIQUEUR,421,SAZERAC COMPANY  INC,64866,FIREBALL CINNAMON WHISKEY,12,750,9.00,13.50,12,162.00,9.00,2.37
INV-65794900023,2023-12-29T00:00:00.000,2566,HY-VEE FOOD STORE (1353) / KNOXVILLE,813 N LINCOLN STE 1,KNOXVILLE,50138,POINT (-93.109403714 41.325024505),,MARION,1091300,NEUTRAL GRAIN SPIRITS FLAVORED,346,OLE SMOKY DISTILLERY LLC,80363,OLE SMOKY BANANA PUDDING CREAM MOONSHINE,6,750,13.00,19.50,6,117.00,4.50,1.18
INV-65794900024,2023-12-29T00:00:00.000,2566,HY-VEE FOOD STORE (1353) / KNOXVILLE,813 N LINCOLN STE 1,KNOXVILLE,50138,POINT (-93.109403714 41.325024505),,MARION,1081200,CREAM LIQUEURS,205,E & J GALLO WINERY,80487,TIPPY COW VANILLA SOFT SERVE,6,750,10.00,15.00,6,99.00,4.50,1.18
INV-65794900025,2023-12-29T00:00:00.000,2566,HY-VEE FOOD STORE (1353) / KNOXVILLE,813 N LINCOLN STE 1,KNOXVILLE,50138,POINT (-93.109403714 41.325024505),,MARION,1011400,TENNESSEE WHISKIES,346,OLE SMOKY DISTILLERY LLC,86841,OLE SMOKY ROOT BEER WHISKEY,6,750,11.00,16.50,6,99.00,4.50,1.18
INV-65794900026,2023-12-29T00:00:00.000,2566,HY-VEE FOOD STORE (1353) / KNOXVILLE,813 N LINCOLN STE 1,KNOXVILLE,50138,POINT (-93.109403714 41.325024505),,MARION,1091300,NEUTRAL GRAIN SPIRITS FLAVORED,346,OLE SMOKY DISTILLERY LLC,86843,OLE SMOKY SALTY CARAMEL WHISKEY,6,750,11.00,16.50,6,99.00,4.50,1.18
INV-65795000001,2023-12-29T00:00:00.000,010189,HY-VEE / KNOXVILLE,809 WEST ROCK ISLAND STREET,KNOXVILLE,50138,POINT (-93.107034002 41.325942004),,MARION,1012400,IRISH WHISKIES,370,PERNOD RICARD USA,915859,HA REDBREAST PX EDITION,6,750,74.96,112.44,1,112.44,0.75,0.19
INV-65795100001,2023-12-29T00:00:00.000,010189,HY-VEE / KNOXVILLE,809 WEST ROCK ISLAND STREET,KNOXVILLE,50138,POINT (-93.107034002 41.325942004),,MARION,1012100,CANADIAN WHISKIES,259,HEAVEN HILL BRANDS,10550,BLACK VELVET TOASTED CARAMEL,12,750,5.74,8.61,12,103.32,9.00,2.37
INV-65795100002,2023-12-29T00:00:00.000,010189,HY-VEE / KNOXVILLE,809 WEST ROCK ISLAND STREET,KNOXVILLE,50138,POINT (-93.107034002 41.325942004),,MARION,1012100,CANADIAN WHISKIES,260,DIAGEO AMERICAS,10802,CROWN ROYAL PEACH,12,750,17.49,26.24,12,314.88,9.00,2.37
INV-65795100003,2023-12-29T00:00:00.000,010189,HY-VEE / KNOXVILLE,809 WEST ROCK ISLAND STREET,KNOXVILLE,50138,POINT (-93.107034002 41.325942004),,MARION,1012100,CANADIAN WHISKIES,260,DIAGEO AMERICAS,11296,CROWN ROYAL,12,750,17.49,26.24,12,314.88,9.00,2.37
INV-65795100004,2023-12-29T00:00:00.000,010189,HY-VEE / KNOXVILLE,809 WEST ROCK ISLAND STREET,KNOXVILLE,50138,POINT (-93.107034002 41.325942004),,MARION,1011200,STRAIGHT BOURBON WHISKIES,065,JIM BEAM BRANDS,28279,JIM BEAM PEACH,12,750,11.00,16.50,12,198.00,9.00,2.37
INV-65795100005,2023-12-29T00:00:00.000,010189,HY-VEE / KNOXVILLE,809 WEST ROCK ISLAND STREET,KNOXVILLE,50138,POINT (-93.107034002 41.325942004),,MARION,1031100,AMERICAN VODKAS,380,PHILLIPS BEVERAGE,37336,UV VODKA,12,750,7.00,10.50,12,126.00,9.00,2.37
INV-65795100006,2023-12-29T00:00:00.000,010189,HY-VEE / KNOXVILLE,809 WEST ROCK ISLAND STREET,KNOXVILLE,50138,POINT (-93.107034002 41.325942004),,MARION,1031100,AMERICAN VODKAS,260,DIAGEO AMERICAS,37996,SMIRNOFF 80PRF,12,750,8.25,12.38,12,148.56,9.00,2.37
INV-65795100007,2023-12-29T00:00:00.000,010189,HY-VEE / KNOXVILLE,809 WEST ROCK ISLAND STREET,KNOXVILLE,50138,POINT (-93.107034002 41.325942004),,MARION,1031100,AMERICAN VODKAS,195,SWELL LIQUOR LLC,38056,SWELL VODKA,12,750,6.00,9.00,12,108.00,9.00,2.37
INV-65795100008,2023-12-29T00:00:00.000,010189,HY-VEE / KNOXVILLE,809 WEST ROCK ISLAND STREET,KNOXVILLE,50138,POINT (-93.107034002 41.325942004),,MARION,1062400,SPICED RUM,260,DIAGEO AMERICAS,43336,CAPTAIN MORGAN ORIGINAL SPICED,12,750,9.49,14.24,12,170.88,9.00,2.37
INV-65795200001,2023-12-29T00:00:00.000,2668,HY-VEE FOOD STORE / LEON,1004 W 1ST ST,LEON,50144,POINT (-93.757804965 40.740376003),,DECATUR,1012100,CANADIAN WHISKIES,421,SAZERAC COMPANY  INC,12408,CANADIAN LTD WHISKY,6,1750,10.00,15.00,6,90.00,10.50,2.77
INV-65795200002,2023-12-29T00:00:00.000,2668,HY-VEE FOOD STORE / LEON,1004 W 1ST ST,LEON,50144,POINT (-93.757804965 40.740376003),,DECATUR,1011200,STRAIGHT BOURBON WHISKIES,065,JIM BEAM BRANDS,19064,JIM BEAM,24,375,5.60,8.40,2,16.80,0.75,0.19
INV-65795200003,2023-12-29T00:00:00.000,2668,HY-VEE FOOD STORE / LEON,1004 W 1ST ST,LEON,50144,POINT (-93.757804965 40.740376003),,DECATUR,1011100,BLENDED WHISKIES,654,REVELTON DISTILLING COMPANY,26291,REVELTON HONEY WHISKEY,6,750,17.50,26.25,3,78.75,2.25,0.59
INV-65795200004,2023-12-29T00:00:00.000,2668,HY-VEE FOOD STORE / LEON,1004 W 1ST ST,LEON,50144,POINT (-93.757804965 40.740376003),,DECATUR,1011400,TENNESSEE WHISKIES,085,BROWN FORMAN CORP.,26826,JACK DANIELS OLD #7 BLACK LABEL,12,750,15.91,23.87,12,286.44,9.00,2.37
INV-65795200005,2023-12-29T00:00:00.000,2668,HY-VEE FOOD STORE / LEON,1004 W 1ST ST,LEON,50144,POINT (-93.757804965 40.740376003),,DECATUR,1031100,AMERICAN VODKAS,259,HEAVEN HILL BRANDS,35416,BURNETTS VODKA 80PRF,12,750,4.50,6.75,2,13.50,1.50,0.39
INV-65795200006,2023-12-29T00:00:00.000,2668,HY-VEE FOOD STORE / LEON,1004 W 1ST ST,LEON,50144,POINT (-93.757804965 40.740376003),,DECATUR,1031100,AMERICAN VODKAS,434,LUXCO INC,36306,HAWKEYE VODKA,12,750,3.50,5.25,3,15.75,2.25,0.59
INV-65795200007,2023-12-29T00:00:00.000,2668,HY-VEE FOOD STORE / LEON,1004 W 1ST ST,LEON,50144,POINT (-93.757804965 40.740376003),,DECATUR,1031100,AMERICAN VODKAS,260,DIAGEO AMERICAS,38008,SMIRNOFF 80PRF PET,6,1750,14.75,22.13,6,132.78,10.50,2.77
INV-65795200008,2023-12-29T00:00:00.000,2668,HY-VEE FOOD STORE / LEON,1004 W 1ST ST,LEON,50144,POINT (-93.757804965 40.740376003),,DECATUR,1031100,AMERICAN VODKAS,301,FIFTH GENERATION INC,38176,TITOS HANDMADE VODKA,12,750,10.00,15.00,12,180.00,9.00,2.37
INV-65795200009,2023-12-29T00:00:00.000,2668,HY-VEE FOOD STORE / LEON,1004 W 1ST ST,LEON,50144,POINT (-93.757804965 40.740376003),,DECATUR,1031100,AMERICAN VODKAS,301,FIFTH GENERATION INC,38178,TITOS HANDMADE VODKA,6,1750,19.00,28.50,6,171.00,10.50,2.77
INV-65795200010,2023-12-29T00:00:00.000,2668,HY-VEE FOOD STORE / LEON,1004 W 1ST ST,LEON,50144,POINT (-93.757804965 40.740376003),,DECATUR,1031200,AMERICAN FLAVORED VODKA,205,E & J GALLO WINERY,40594,NEW AMSTERDAM PEACH,12,750,8.00,12.00,2,24.00,1.50,0.39
INV-65795200011,2023-12-29T00:00:00.000,2668,HY-VEE FOOD STORE / LEON,1004 W 1ST ST,LEON,50144,POINT (-93.757804965 40.740376003),,DECATUR,1062500,FLAVORED RUM,370,PERNOD RICARD USA,42716,MALIBU COCONUT,12,750,8.99,13.49,12,161.88,9.00,2.37
INV-65795200012,2023-12-29T00:00:00.000,2668,HY-VEE FOOD STORE / LEON,1004 W 1ST ST,LEON,50144,POINT (-93.757804965 40.740376003),,DECATUR,1062500,FLAVORED RUM,065,JIM BEAM BRANDS,44456,CRUZAN RASPBERRY,12,750,7.00,10.50,3,31.50,2.25,0.59
INV-65795200013,2023-12-29T00:00:00.000,2668,HY-VEE FOOD STORE / LEON,1004 W 1ST ST,LEON,50144,POINT (-93.757804965 40.740376003),,DECATUR,1081200,CREAM LIQUEURS,260,DIAGEO AMERICAS,68036,BAILEYS ORIGINAL IRISH CREAM,12,750,16.49,24.74,3,74.22,2.25,0.59
INV-65795200014,2023-12-29T00:00:00.000,2668,HY-VEE FOOD STORE / LEON,1004 W 1ST ST,LEON,50144,POINT (-93.757804965 40.740376003),,DECATUR,1081200,CREAM LIQUEURS,205,E & J GALLO WINERY,73055,RUMCHATA,12,750,14.00,21.00,3,63.00,2.25,0.59
INV-65795200015,2023-12-29T00:00:00.000,2668,HY-VEE FOOD STORE / LEON,1004 W 1ST ST,LEON,50144,POINT (-93.757804965 40.740376003),,DECATUR,1081400,AMERICAN SCHNAPPS,065,JIM BEAM BRANDS,82846,DEKUYPER LUSCIOUS PEACHTREE,12,750,6.75,10.13,3,30.39,2.25,0.59
INV-65795300001,2023-12-29T00:00:00.000,4782,CASEY'S GENERAL STORE #2529 / LAMONI,406 E MAIN ST,LAMONI,50140,POINT (-93.929104998 40.623876015),,DECATUR,1012100,CANADIAN WHISKIES,260,DIAGEO AMERICAS,10807,CROWN ROYAL REGAL APPLE,12,750,17.49,26.24,12,314.88,9.00,2.37
INV-65795300002,2023-12-29T00:00:00.000,4782,CASEY'S GENERAL STORE #2529 / LAMONI,406 E MAIN ST,LAMONI,50140,POINT (-93.929104998 40.623876015),,DECATUR,1012100,CANADIAN WHISKIES,260,DIAGEO AMERICAS,11290,CROWN ROYAL MINI,10,50,9.95,14.93,10,149.30,0.50,0.13
INV-65795300003,2023-12-29T00:00:00.000,4782,CASEY'S GENERAL STORE #2529 / LAMONI,406 E MAIN ST,LAMONI,50140,POINT (-93.929104998 40.623876015),,DECATUR,1012100,CANADIAN WHISKIES,260,DIAGEO AMERICAS,11296,CROWN ROYAL,12,750,17.49,26.24,12,314.88,9.00,2.37
INV-65795300004,2023-12-29T00:00:00.000,4782,CASEY'S GENERAL STORE #2529 / LAMONI,406 E MAIN ST,LAMONI,50140,POINT (-93.929104998 40.623876015),,DECATUR,1012100,CANADIAN WHISKIES,259,HEAVEN HILL BRANDS,11774,BLACK VELVET,24,375,3.25,4.88,24,117.12,9.00,2.37
INV-65795300005,2023-12-29T00:00:00.000,4782,CASEY'S GENERAL STORE #2529 / LAMONI,406 E MAIN ST,LAMONI,50140,POINT (-93.929104998 40.623876015),,DECATUR,1012100,CANADIAN WHISKIES,259,HEAVEN HILL BRANDS,11786,BLACK VELVET PET,12,750,5.50,8.25,12,99.00,9.00,2.37
INV-65795300006,2023-12-29T00:00:00.000,4782,CASEY'S GENERAL STORE #2529 / LAMONI,406 E MAIN ST,LAMONI,50140,POINT (-93.929104998 40.623876015),,DECATUR,1012100,CANADIAN WHISKIES,259,HEAVEN HILL BRANDS,11788,BLACK VELVET,6,1750,11.00,16.50,6,99.00,10.50,2.77
INV-65795300007,2023-12-29T00:00:00.000,4782,CASEY'S GENERAL STORE #2529 / LAMONI,406 E MAIN ST,LAMONI,50140,POINT (-93.929104998 40.623876015),,DECATUR,1062400,SPICED RUM,260,DIAGEO AMERICAS,1799,CAPTAIN MORGAN ORIGINAL SPICED BARREL,6,1750,18.99,28.49,6,170.94,10.50,2.77
INV-65795300008,2023-12-29T00:00:00.000,4782,CASEY'S GENERAL STORE #2529 / LAMONI,406 E MAIN ST,LAMONI,50140,POINT (-93.929104998 40.623876015),,DECATUR,1031100,AMERICAN VODKAS,434,LUXCO INC,36304,HAWKEYE VODKA,24,375,2.00,3.00,24,72.00,9.00,2.37
INV-65795300009,2023-12-29T00:00:00.000,4782,CASEY'S GENERAL STORE #2529 / LAMONI,406 E MAIN ST,LAMONI,50140,POINT (-93.929104998 40.623876015),,DECATUR,1031100,AMERICAN VODKAS,434,LUXCO INC,36305,HAWKEYE VODKA PET,12,750,3.50,5.25,12,63.00,9.00,2.37
INV-65795300010,2023-12-29T00:00:00.000,4782,CASEY'S GENERAL STORE #2529 / LAMONI,406 E MAIN ST,LAMONI,50140,POINT (-93.929104998 40.623876015),,DECATUR,1031100,AMERICAN VODKAS,434,LUXCO INC,36308,HAWKEYE VODKA,6,1750,7.50,11.25,6,67.50,10.50,2.77
INV-65795300011,2023-12-29T00:00:00.000,4782,CASEY'S GENERAL STORE #2529 / LAMONI,406 E MAIN ST,LAMONI,50140,POINT (-93.929104998 40.623876015),,DECATUR,1031100,AMERICAN VODKAS,300,MCCORMICK DISTILLING CO.,36904,MCCORMICK 80PRF VODKA PET,24,375,1.84,2.76,24,66.24,9.00,2.37
INV-65795300012,2023-12-29T00:00:00.000,4782,CASEY'S GENERAL STORE #2529 / LAMONI,406 E MAIN ST,LAMONI,50140,POINT (-93.929104998 40.623876015),,DECATUR,1031100,AMERICAN VODKAS,301,FIFTH GENERATION INC,38174,TITOS HANDMADE VODKA,12,375,5.42,8.13,12,97.56,4.50,1.18
INV-65795300013,2023-12-29T00:00:00.000,4782,CASEY'S GENERAL STORE #2529 / LAMONI,406 E MAIN ST,LAMONI,50140,POINT (-93.929104998 40.623876015),,DECATUR,1031100,AMERICAN VODKAS,301,FIFTH GENERATION INC,38176,TITOS HANDMADE VODKA,12,750,10.00,15.00,12,180.00,9.00,2.37
INV-65795300014,2023-12-29T00:00:00.000,4782,CASEY'S GENERAL STORE #2529 / LAMONI,406 E MAIN ST,LAMONI,50140,POINT (-93.929104998 40.623876015),,DECATUR,1031100,AMERICAN VODKAS,301,FIFTH GENERATION INC,38178,TITOS HANDMADE VODKA,6,1750,19.00,28.50,6,171.00,10.50,2.77
INV-65795300015,2023-12-29T00:00:00.000,4782,CASEY'S GENERAL STORE #2529 / LAMONI,406 E MAIN ST,LAMONI,50140,POINT (-93.929104998 40.623876015),,DECATUR,1062400,SPICED RUM,260,DIAGEO AMERICAS,43285,CAPTAIN MORGAN ORIGINAL SPICED PET,12,750,9.49,14.24,12,170.88,9.00,2.37
INV-65795300016,2023-12-29T00:00:00.000,4782,CASEY'S GENERAL STORE #2529 / LAMONI,406 E MAIN ST,LAMONI,50140,POINT (-93.929104998 40.623876015),,DECATUR,1081600,WHISKEY LIQUEUR,421,SAZERAC COMPANY  INC,64858,FIREBALL CINNAMON WHISKEY MINI DISPENSER,1,50,25.80,38.70,4,154.80,0.20,0.05
INV-65795300017,2023-12-29T00:00:00.000,4782,CASEY'S GENERAL STORE #2529 / LAMONI,406 E MAIN ST,LAMONI,50140,POINT (-93.929104998 40.623876015),,DECATUR,1081600,WHISKEY LIQUEUR,421,SAZERAC COMPANY  INC,64865,FIREBALL CINNAMON WHISKEY PET,12,750,9.00,13.50,12,162.00,9.00,2.37
INV-65795300018,2023-12-29T00:00:00.000,4782,CASEY'S GENERAL STORE #2529 / LAMONI,406 E MAIN ST,LAMONI,50140,POINT (-93.929104998 40.623876015),,DECATUR,1081600,WHISKEY LIQUEUR,421,SAZERAC COMPANY  INC,65013,FIREBALL CINNAMON WHISKEY MINI SLEEVE,12,50,4.30,6.45,36,232.20,1.80,0.47
INV-65795300019,2023-12-29T00:00:00.000,4782,CASEY'S GENERAL STORE #2529 / LAMONI,406 E MAIN ST,LAMONI,50140,POINT (-93.929104998 40.623876015),,DECATUR,1081300,AMERICAN CORDIALS & LIQUEURS,772,INTERCONTINENTAL PACKAGING COMPANY/PRESTIGE BEVERAGE GROUP,75195,KINKY ALOHA MINI,6,50,4.84,7.26,6,43.56,0.30,0.07
INV-65795300020,2023-12-29T00:00:00.000,4782,CASEY'S GENERAL STORE #2529 / LAMONI,406 E MAIN ST,LAMONI,50140,POINT (-93.929104998 40.623876015),,DECATUR,1081300,AMERICAN CORDIALS & LIQUEURS,772,INTERCONTINENTAL PACKAGING COMPANY/PRESTIGE BEVERAGE GROUP,75208,KINKY PINK MINI,6,50,4.84,7.26,6,43.56,0.30,0.07
INV-65795300021,2023-12-29T00:00:00.000,4782,CASEY'S GENERAL STORE #2529 / LAMONI,406 E MAIN ST,LAMONI,50140,POINT (-93.929104998 40.623876015),,DECATUR,1081300,AMERICAN CORDIALS & LIQUEURS,772,INTERCONTINENTAL PACKAGING COMPANY/PRESTIGE BEVERAGE GROUP,75212,KINKY BLUE MINI,6,50,4.84,7.26,6,43.56,0.30,0.07
INV-65795300022,2023-12-29T00:00:00.000,4782,CASEY'S GENERAL STORE #2529 / LAMONI,406 E MAIN ST,LAMONI,50140,POINT (-93.929104998 40.623876015),,DECATUR,1081300,AMERICAN CORDIALS & LIQUEURS,772,INTERCONTINENTAL PACKAGING COMPANY/PRESTIGE BEVERAGE GROUP,75224,KINKY RED MINI,6,50,4.84,7.26,6,43.56,0.30,0.07
INV-65795300023,2023-12-29T00:00:00.000,4782,CASEY'S GENERAL STORE #2529 / LAMONI,406 E MAIN ST,LAMONI,50140,POINT (-93.929104998 40.623876015),,DECATUR,1081400,AMERICAN SCHNAPPS,421,SAZERAC COMPANY  INC,84400,99 MANGOES MINI,1,50,51.60,77.40,1,77.40,0.05,0.01
INV-65795400001,2023-12-29T00:00:00.000,2658,HY-VEE FOOD STORE / MOUNT AYR,201 N FILLMORE ST,MOUNT AYR,50854,POINT (-94.239135 40.715989988),,RINGGOLD,1011100,BLENDED WHISKIES,370,PERNOD RICARD USA,101355,SKREWBALL PEANUT BUTTER WHISKEY MINI KREW PACKAGE,15,50,11.20,16.80,3,50.40,0.15,0.03
INV-65795400002,2023-12-29T00:00:00.000,2658,HY-VEE FOOD STORE / MOUNT AYR,201 N FILLMORE ST,MOUNT AYR,50854,POINT (-94.239135 40.715989988),,RINGGOLD,1012100,CANADIAN WHISKIES,065,JIM BEAM BRANDS,10628,CANADIAN CLUB WHISKY,6,1750,14.50,21.75,6,130.50,10.50,2.77
INV-65795400003,2023-12-29T00:00:00.000,2658,HY-VEE FOOD STORE / MOUNT AYR,201 N FILLMORE ST,MOUNT AYR,50854,POINT (-94.239135 40.715989988),,RINGGOLD,1012100,CANADIAN WHISKIES,260,DIAGEO AMERICAS,10808,CROWN ROYAL REGAL APPLE,12,1000,20.49,30.74,12,368.88,12.00,3.17
INV-65795400004,2023-12-29T00:00:00.000,2658,HY-VEE FOOD STORE / MOUNT AYR,201 N FILLMORE ST,MOUNT AYR,50854,POINT (-94.239135 40.715989988),,RINGGOLD,1012100,CANADIAN WHISKIES,260,DIAGEO AMERICAS,10836,CROWN ROYAL BLACK,12,750,18.99,28.49,12,341.88,9.00,2.37
INV-65795400005,2023-12-29T00:00:00.000,2658,HY-VEE FOOD STORE / MOUNT AYR,201 N FILLMORE ST,MOUNT AYR,50854,POINT (-94.239135 40.715989988),,RINGGOLD,1012100,CANADIAN WHISKIES,259,HEAVEN HILL BRANDS,11788,BLACK VELVET,6,1750,11.00,16.50,12,198.00,21.00,5.54
INV-65795400006,2023-12-29T00:00:00.000,2658,HY-VEE FOOD STORE / MOUNT AYR,201 N FILLMORE ST,MOUNT AYR,50854,POINT (-94.239135 40.715989988),,RINGGOLD,1012100,CANADIAN WHISKIES,421,SAZERAC COMPANY  INC,12408,CANADIAN LTD WHISKY,6,1750,10.00,15.00,6,90.00,10.50,2.77
INV-65795400007,2023-12-29T00:00:00.000,2658,HY-VEE FOOD STORE / MOUNT AYR,201 N FILLMORE ST,MOUNT AYR,50854,POINT (-94.239135 40.715989988),,RINGGOLD,1012100,CANADIAN WHISKIES,434,LUXCO INC,13038,CANADIAN RESERVE WHISKY,6,1750,8.75,13.13,12,157.56,21.00,5.54
INV-65795400008,2023-12-29T00:00:00.000,2658,HY-VEE FOOD STORE / MOUNT AYR,201 N FILLMORE ST,MOUNT AYR,50854,POINT (-94.239135 40.715989988),,RINGGOLD,1012400,IRISH WHISKIES,370,PERNOD RICARD USA,15621,JAMESON MINI,12,50,13.20,19.80,3,59.40,0.15,0.03
INV-65795400009,2023-12-29T00:00:00.000,2658,HY-VEE FOOD STORE / MOUNT AYR,201 N FILLMORE ST,MOUNT AYR,50854,POINT (-94.239135 40.715989988),,RINGGOLD,1012400,IRISH WHISKIES,370,PERNOD RICARD USA,15626,JAMESON,12,750,17.49,26.24,12,314.88,9.00,2.37
INV-65795400010,2023-12-29T00:00:00.000,2658,HY-VEE FOOD STORE / MOUNT AYR,201 N FILLMORE ST,MOUNT AYR,50854,POINT (-94.239135 40.715989988),,RINGGOLD,1011200,STRAIGHT BOURBON WHISKIES,260,DIAGEO AMERICAS,17086,BULLEIT BOURBON,12,750,17.99,26.99,12,323.88,9.00,2.37
INV-65795400011,2023-12-29T00:00:00.000,2658,HY-VEE FOOD STORE / MOUNT AYR,201 N FILLMORE ST,MOUNT AYR,50854,POINT (-94.239135 40.715989988),,RINGGOLD,1011200,STRAIGHT BOURBON WHISKIES,259,HEAVEN HILL BRANDS,17958,EVAN WILLIAMS BLACK,6,1750,17.00,25.50,6,153.00,10.50,2.77
INV-65795400012,2023-12-29T00:00:00.000,2658,HY-VEE FOOD STORE / MOUNT AYR,201 N FILLMORE ST,MOUNT AYR,50854,POINT (-94.239135 40.715989988),,RINGGOLD,1011200,STRAIGHT BOURBON WHISKIES,065,JIM BEAM BRANDS,19066,JIM BEAM,12,750,11.00,16.50,12,198.00,9.00,2.37
INV-65795400013,2023-12-29T00:00:00.000,2658,HY-VEE FOOD STORE / MOUNT AYR,201 N FILLMORE ST,MOUNT AYR,50854,POINT (-94.239135 40.715989988),,RINGGOLD,1011200,STRAIGHT BOURBON WHISKIES,065,JIM BEAM BRANDS,19068,JIM BEAM,6,1750,21.50,32.25,6,193.50,10.50,2.77
INV-65795400014,2023-12-29T00:00:00.000,2658,HY-VEE FOOD STORE / MOUNT AYR,201 N FILLMORE ST,MOUNT AYR,50854,POINT (-94.239135 40.715989988),,RINGGOLD,1011400,TENNESSEE WHISKIES,085,BROWN FORMAN CORP.,26906,JACK DANIELS SINGLE BARREL,6,750,28.50,42.75,6,256.50,4.50,1.18
INV-65795400015,2023-12-29T00:00:00.000,2658,HY-VEE FOOD STORE / MOUNT AYR,201 N FILLMORE ST,MOUNT AYR,50854,POINT (-94.239135 40.715989988),,RINGGOLD,1011600,STRAIGHT RYE WHISKIES,255,INFINIUM SPIRITS,27125,TEMPLETON RYE 6YR,6,750,18.67,28.01,6,204.78,4.50,1.18
INV-65795400016,2023-12-29T00:00:00.000,2658,HY-VEE FOOD STORE / MOUNT AYR,201 N FILLMORE ST,MOUNT AYR,50854,POINT (-94.239135 40.715989988),,RINGGOLD,1011200,STRAIGHT BOURBON WHISKIES,065,JIM BEAM BRANDS,28279,JIM BEAM PEACH,12,750,11.00,16.50,12,198.00,9.00,2.37
INV-65795400017,2023-12-29T00:00:00.000,2658,HY-VEE FOOD STORE / MOUNT AYR,201 N FILLMORE ST,MOUNT AYR,50854,POINT (-94.239135 40.715989988),,RINGGOLD,1041100,AMERICAN DRY GINS,370,PERNOD RICARD USA,32238,SEAGRAMS EXTRA DRY GIN,6,1750,14.99,22.49,6,134.94,10.50,2.77
INV-65795400018,2023-12-29T00:00:00.000,2658,HY-VEE FOOD STORE / MOUNT AYR,201 N FILLMORE ST,MOUNT AYR,50854,POINT (-94.239135 40.715989988),,RINGGOLD,1041200,FLAVORED GIN,654,REVELTON DISTILLING COMPANY,33180,REVELTON MULBERRY GIN,6,750,17.50,26.25,6,157.50,4.50,1.18
INV-65795400019,2023-12-29T00:00:00.000,2658,HY-VEE FOOD STORE / MOUNT AYR,201 N FILLMORE ST,MOUNT AYR,50854,POINT (-94.239135 40.715989988),,RINGGOLD,1031100,AMERICAN VODKAS,434,LUXCO INC,36308,HAWKEYE VODKA,6,1750,7.50,11.25,6,67.50,10.50,2.77
INV-65795400020,2023-12-29T00:00:00.000,2658,HY-VEE FOOD STORE / MOUNT AYR,201 N FILLMORE ST,MOUNT AYR,50854,POINT (-94.239135 40.715989988),,RINGGOLD,1031100,AMERICAN VODKAS,260,DIAGEO AMERICAS,37991,SMIRNOFF 80PRF MINI,12,50,7.47,11.21,2,22.42,0.10,0.02
INV-65795400021,2023-12-29T00:00:00.000,2658,HY-VEE FOOD STORE / MOUNT AYR,201 N FILLMORE ST,MOUNT AYR,50854,POINT (-94.239135 40.715989988),,RINGGOLD,1031100,AMERICAN VODKAS,260,DIAGEO AMERICAS,38008,SMIRNOFF 80PRF PET,6,1750,14.75,22.13,6,132.78,10.50,2.77
INV-65795400022,2023-12-29T00:00:00.000,2658,HY-VEE FOOD STORE / MOUNT AYR,201 N FILLMORE ST,MOUNT AYR,50854,POINT (-94.239135 40.715989988),,RINGGOLD,1031100,AMERICAN VODKAS,301,FIFTH GENERATION INC,38176,TITOS HANDMADE VODKA,12,750,10.00,15.00,12,180.00,9.00,2.37
INV-65795400023,2023-12-29T00:00:00.000,2658,HY-VEE FOOD STORE / MOUNT AYR,201 N FILLMORE ST,MOUNT AYR,50854,POINT (-94.239135 40.715989988),,RINGGOLD,1031100,AMERICAN VODKAS,301,FIFTH GENERATION INC,38177,TITOS HANDMADE VODKA,12,1000,13.17,19.76,12,237.12,12.00,3.17
INV-65795400024,2023-12-29T00:00:00.000,2658,HY-VEE FOOD STORE / MOUNT AYR,201 N FILLMORE ST,MOUNT AYR,50854,POINT (-94.239135 40.715989988),,RINGGOLD,1031100,AMERICAN VODKAS,301,FIFTH GENERATION INC,38178,TITOS HANDMADE VODKA,6,1750,19.00,28.50,12,342.00,21.00,5.54
INV-65795400025,2023-12-29T00:00:00.000,2658,HY-VEE FOOD STORE / MOUNT AYR,201 N FILLMORE ST,MOUNT AYR,50854,POINT (-94.239135 40.715989988),,RINGGOLD,1062200,WHITE RUM,035,BACARDI USA INC,43126,BACARDI SUPERIOR,12,750,8.76,13.14,12,157.68,9.00,2.37
INV-65795400026,2023-12-29T00:00:00.000,2658,HY-VEE FOOD STORE / MOUNT AYR,201 N FILLMORE ST,MOUNT AYR,50854,POINT (-94.239135 40.715989988),,RINGGOLD,1062400,SPICED RUM,260,DIAGEO AMERICAS,43337,CAPTAIN MORGAN ORIGINAL SPICED,12,1000,12.99,19.49,12,233.88,12.00,3.17
INV-65795400027,2023-12-29T00:00:00.000,2658,HY-VEE FOOD STORE / MOUNT AYR,201 N FILLMORE ST,MOUNT AYR,50854,POINT (-94.239135 40.715989988),,RINGGOLD,1062400,SPICED RUM,395,PROXIMO,46504,KRAKEN BLACK SPICED RUM,12,750,11.00,16.50,12,198.00,9.00,2.37
INV-65795400028,2023-12-29T00:00:00.000,2658,HY-VEE FOOD STORE / MOUNT AYR,201 N FILLMORE ST,MOUNT AYR,50854,POINT (-94.239135 40.715989988),,RINGGOLD,1051100,AMERICAN BRANDIES,434,LUXCO INC,55088,PARAMOUNT BLACKBERRY BRANDY,6,1750,11.75,17.63,6,105.78,10.50,2.77
INV-65795400029,2023-12-29T00:00:00.000,2658,HY-VEE FOOD STORE / MOUNT AYR,201 N FILLMORE ST,MOUNT AYR,50854,POINT (-94.239135 40.715989988),,RINGGOLD,1071000,COCKTAILS/RTD,395,PROXIMO,58872,JOSE CUERVO AUTHENTIC LIGHT LIME MARGARITA,6,1750,8.74,13.11,6,78.66,10.50,2.77
INV-65795400030,2023-12-29T00:00:00.000,2658,HY-VEE FOOD STORE / MOUNT AYR,201 N FILLMORE ST,MOUNT AYR,50854,POINT (-94.239135 40.715989988),,RINGGOLD,1081600,WHISKEY LIQUEUR,421,SAZERAC COMPANY  INC,64865,FIREBALL CINNAMON WHISKEY PET,12,750,9.00,13.50,12,162.00,9.00,2.37
INV-65795400031,2023-12-29T00:00:00.000,2658,HY-VEE FOOD STORE / MOUNT AYR,201 N FILLMORE ST,MOUNT AYR,50854,POINT (-94.239135 40.715989988),,RINGGOLD,1081200,CREAM LIQUEURS,654,REVELTON DISTILLING COMPANY,86420,REVELTON WHISKEY AND CREAM LIQUEUR,6,750,15.00,22.50,6,135.00,4.50,1.18
INV-65795400032,2023-12-29T00:00:00.000,2658,HY-VEE FOOD STORE / MOUNT AYR,201 N FILLMORE ST,MOUNT AYR,50854,POINT (-94.239135 40.715989988),,RINGGOLD,1081600,WHISKEY LIQUEUR,421,SAZERAC COMPANY  INC,86886,SOUTHERN COMFORT,12,750,10.33,15.50,12,186.00,9.00,2.37
INV-65795400033,2023-12-29T00:00:00.000,2658,HY-VEE FOOD STORE / MOUNT AYR,201 N FILLMORE ST,MOUNT AYR,50854,POINT (-94.239135 40.715989988),,RINGGOLD,1011400,TENNESSEE WHISKIES,346,OLE SMOKY DISTILLERY LLC,87043,OLE SMOKY PEANUT BUTTER WHISKEY,6,750,11.00,16.50,6,99.00,4.50,1.18
INV-65795400034,2023-12-29T00:00:00.000,2658,HY-VEE FOOD STORE / MOUNT AYR,201 N FILLMORE ST,MOUNT AYR,50854,POINT (-94.239135 40.715989988),,RINGGOLD,1022200,100% AGAVE TEQUILA,260,DIAGEO AMERICAS,87280,CASAMIGOS BLANCO,6,750,28.49,42.74,6,256.44,4.50,1.18
INV-65795400035,2023-12-29T00:00:00.000,2658,HY-VEE FOOD STORE / MOUNT AYR,201 N FILLMORE ST,MOUNT AYR,50854,POINT (-94.239135 40.715989988),,RINGGOLD,1091300,NEUTRAL GRAIN SPIRITS FLAVORED,346,OLE SMOKY DISTILLERY LLC,980374,SOOH OLE SMOKY MOUNTAIN JAVA CREAM MOONSHINE,6,750,13.00,19.50,6,117.00,4.50,1.18
INV-65795500001,2023-12-29T00:00:00.000,2658,HY-VEE FOOD STORE / MOUNT AYR,201 N FILLMORE ST,MOUNT AYR,50854,POINT (-94.239135 40.715989988),,RINGGOLD,1012100,CANADIAN WHISKIES,260,DIAGEO AMERICAS,10802,CROWN ROYAL PEACH,12,750,17.49,26.24,12,314.88,9.00,2.37
INV-65795600002,2023-12-29T00:00:00.000,2657,HY-VEE FOOD STORE / BEDFORD,1604 BENT,BEDFORD,50833,POINT (-94.726633027 40.676221),,TAYLOR,1012100,CANADIAN WHISKIES,421,SAZERAC COMPANY  INC,12466,CANADIAN MIST WHISKY,12,750,6.00,9.00,3,27.00,2.25,0.59
INV-65795600003,2023-12-29T00:00:00.000,2657,HY-VEE FOOD STORE / BEDFORD,1604 BENT,BEDFORD,50833,POINT (-94.726633027 40.676221),,TAYLOR,1012400,IRISH WHISKIES,370,PERNOD RICARD USA,15626,JAMESON,12,750,17.49,26.24,4,104.96,3.00,0.79
INV-65795600004,2023-12-29T00:00:00.000,2657,HY-VEE FOOD STORE / BEDFORD,1604 BENT,BEDFORD,50833,POINT (-94.726633027 40.676221),,TAYLOR,1011200,STRAIGHT BOURBON WHISKIES,260,DIAGEO AMERICAS,17086,BULLEIT BOURBON,12,750,17.99,26.99,3,80.97,2.25,0.59
INV-65795600005,2023-12-29T00:00:00.000,2657,HY-VEE FOOD STORE / BEDFORD,1604 BENT,BEDFORD,50833,POINT (-94.726633027 40.676221),,TAYLOR,1011200,STRAIGHT BOURBON WHISKIES,125,CEDAR RIDGE VINEYARDS LL,17206,CEDAR RIDGE BOURBON,6,750,18.67,28.01,2,56.02,1.50,0.39
INV-65795600006,2023-12-29T00:00:00.000,2657,HY-VEE FOOD STORE / BEDFORD,1604 BENT,BEDFORD,50833,POINT (-94.726633027 40.676221),,TAYLOR,1011200,STRAIGHT BOURBON WHISKIES,259,HEAVEN HILL BRANDS,17956,EVAN WILLIAMS BLACK,12,750,9.00,13.50,2,27.00,1.50,0.39
INV-65795600007,2023-12-29T00:00:00.000,2657,HY-VEE FOOD STORE / BEDFORD,1604 BENT,BEDFORD,50833,POINT (-94.726633027 40.676221),,TAYLOR,1011200,STRAIGHT BOURBON WHISKIES,065,JIM BEAM BRANDS,20248,OLD CROW,6,1750,10.50,15.75,6,94.50,10.50,2.77
INV-65795600009,2023-12-29T00:00:00.000,2657,HY-VEE FOOD STORE / BEDFORD,1604 BENT,BEDFORD,50833,POINT (-94.726633027 40.676221),,TAYLOR,1011400,TENNESSEE WHISKIES,085,BROWN FORMAN CORP.,26586,GENTLEMAN JACK,12,750,20.01,30.02,3,90.06,2.25,0.59
INV-65795600010,2023-12-29T00:00:00.000,2657,HY-VEE FOOD STORE / BEDFORD,1604 BENT,BEDFORD,50833,POINT (-94.726633027 40.676221),,TAYLOR,1011200,STRAIGHT BOURBON WHISKIES,065,JIM BEAM BRANDS,27783,JIM BEAM APPLE,12,750,11.00,16.50,2,33.00,1.50,0.39
INV-65795600011,2023-12-29T00:00:00.000,2657,HY-VEE FOOD STORE / BEDFORD,1604 BENT,BEDFORD,50833,POINT (-94.726633027 40.676221),,TAYLOR,1041100,AMERICAN DRY GINS,297,LAIRD & COMPANY,29997,FIVE O'CLOCK GIN,12,1000,4.66,6.99,1,6.99,1.00,0.26
INV-65795600012,2023-12-29T00:00:00.000,2657,HY-VEE FOOD STORE / BEDFORD,1604 BENT,BEDFORD,50833,POINT (-94.726633027 40.676221),,TAYLOR,1032100,IMPORTED VODKAS,370,PERNOD RICARD USA,34006,ABSOLUT SWEDISH VODKA 80PRF,12,750,9.99,14.99,2,29.98,1.50,0.39
INV-65795600013,2023-12-29T00:00:00.000,2657,HY-VEE FOOD STORE / BEDFORD,1604 BENT,BEDFORD,50833,POINT (-94.726633027 40.676221),,TAYLOR,1032100,IMPORTED VODKAS,035,BACARDI USA INC,34433,GREY GOOSE,12,750,15.50,23.25,2,46.50,1.50,0.39
INV-65795600014,2023-12-29T00:00:00.000,2657,HY-VEE FOOD STORE / BEDFORD,1604 BENT,BEDFORD,50833,POINT (-94.726633027 40.676221),,TAYLOR,1031100,AMERICAN VODKAS,421,SAZERAC COMPANY  INC,35318,BARTON VODKA,6,1750,7.06,10.59,6,63.54,10.50,2.77
INV-65795600015,2023-12-29T00:00:00.000,2657,HY-VEE FOOD STORE / BEDFORD,1604 BENT,BEDFORD,50833,POINT (-94.726633027 40.676221),,TAYLOR,1031100,AMERICAN VODKAS,301,FIFTH GENERATION INC,38178,TITOS HANDMADE VODKA,6,1750,19.00,28.50,6,171.00,10.50,2.77
INV-65795600016,2023-12-29T00:00:00.000,2657,HY-VEE FOOD STORE / BEDFORD,1604 BENT,BEDFORD,50833,POINT (-94.726633027 40.676221),,TAYLOR,1062200,WHITE RUM,035,BACARDI USA INC,43127,BACARDI SUPERIOR,12,1000,9.50,14.25,4,57.00,4.00,1.05
INV-65795600018,2023-12-29T00:00:00.000,2657,HY-VEE FOOD STORE / BEDFORD,1604 BENT,BEDFORD,50833,POINT (-94.726633027 40.676221),,TAYLOR,1062400,SPICED RUM,260,DIAGEO AMERICAS,43333,CAPTAIN MORGAN ORIGINAL SPICED PET,48,200,3.24,4.86,12,58.32,2.40,0.63
INV-65795600019,2023-12-29T00:00:00.000,2657,HY-VEE FOOD STORE / BEDFORD,1604 BENT,BEDFORD,50833,POINT (-94.726633027 40.676221),,TAYLOR,1062200,WHITE RUM,434,LUXCO INC,45277,PARAMOUNT WHITE RUM,12,1000,4.75,7.13,12,85.56,12.00,3.17
INV-65795600020,2023-12-29T00:00:00.000,2657,HY-VEE FOOD STORE / BEDFORD,1604 BENT,BEDFORD,50833,POINT (-94.726633027 40.676221),,TAYLOR,1062400,SPICED RUM,240,WILLIAM GRANT & SONS INC,45886,SAILOR JERRY SPICED NAVY RUM,12,750,10.00,15.00,3,45.00,2.25,0.59
INV-65795600021,2023-12-29T00:00:00.000,2657,HY-VEE FOOD STORE / BEDFORD,1604 BENT,BEDFORD,50833,POINT (-94.726633027 40.676221),,TAYLOR,1051100,AMERICAN BRANDIES,434,LUXCO INC,54446,PARAMOUNT APRICOT BRANDY,12,750,5.75,8.63,2,17.26,1.50,0.39
INV-65795600022,2023-12-29T00:00:00.000,2657,HY-VEE FOOD STORE / BEDFORD,1604 BENT,BEDFORD,50833,POINT (-94.726633027 40.676221),,TAYLOR,1081600,WHISKEY LIQUEUR,421,SAZERAC COMPANY  INC,65013,FIREBALL CINNAMON WHISKEY MINI SLEEVE,12,50,4.30,6.45,12,77.40,0.60,0.15
INV-65795600023,2023-12-29T00:00:00.000,2657,HY-VEE FOOD STORE / BEDFORD,1604 BENT,BEDFORD,50833,POINT (-94.726633027 40.676221),,TAYLOR,1081200,CREAM LIQUEURS,260,DIAGEO AMERICAS,68036,BAILEYS ORIGINAL IRISH CREAM,12,750,16.49,24.74,4,98.96,3.00,0.79
INV-65795600024,2023-12-29T00:00:00.000,2657,HY-VEE FOOD STORE / BEDFORD,1604 BENT,BEDFORD,50833,POINT (-94.726633027 40.676221),,TAYLOR,1082200,IMPORTED SCHNAPPS,421,SAZERAC COMPANY  INC,69636,DR MCGILLICUDDYS CHERRY,12,750,8.89,13.34,3,38.97,2.25,0.59
INV-65795600025,2023-12-29T00:00:00.000,2657,HY-VEE FOOD STORE / BEDFORD,1604 BENT,BEDFORD,50833,POINT (-94.726633027 40.676221),,TAYLOR,1082200,IMPORTED SCHNAPPS,421,SAZERAC COMPANY  INC,69656,DR MCGILLICUDDYS MENTHOLMINT,12,750,8.89,13.34,2,25.98,1.50,0.39
INV-65795600026,2023-12-29T00:00:00.000,2657,HY-VEE FOOD STORE / BEDFORD,1604 BENT,BEDFORD,50833,POINT (-94.726633027 40.676221),,TAYLOR,1031200,AMERICAN FLAVORED VODKA,260,DIAGEO AMERICAS,77683,SMIRNOFF KISSED CARAMEL,12,750,8.25,12.38,2,24.76,1.50,0.39
INV-65795600027,2023-12-29T00:00:00.000,2657,HY-VEE FOOD STORE / BEDFORD,1604 BENT,BEDFORD,50833,POINT (-94.726633027 40.676221),,TAYLOR,1081300,AMERICAN CORDIALS & LIQUEURS,619,CAMPARI AMERICA,77776,WILD TURKEY AMERICAN HONEY,12,750,11.50,17.25,2,34.50,1.50,0.39
INV-65795600028,2023-12-29T00:00:00.000,2657,HY-VEE FOOD STORE / BEDFORD,1604 BENT,BEDFORD,50833,POINT (-94.726633027 40.676221),,TAYLOR,1081400,AMERICAN SCHNAPPS,434,LUXCO INC,81206,PARAMOUNT PEPPERMINT SCHNAPPS,12,750,4.25,6.38,3,19.14,2.25,0.59
INV-65795700001,2023-12-29T00:00:00.000,2655,HY-VEE FOOD STORE / CLARINDA,1200 S 16TH ST,CLARINDA,51632,POINT (-95.036174029 40.726773013),,PAGE,1081600,WHISKEY LIQUEUR,421,SAZERAC COMPANY  INC,100413,FIREBALL CINNAMON WHISKEY PARTY BUCKET,1,50,51.60,77.40,3,232.20,0.15,0.03
INV-65795700002,2023-12-29T00:00:00.000,2655,HY-VEE FOOD STORE / CLARINDA,1200 S 16TH ST,CLARINDA,51632,POINT (-95.036174029 40.726773013),,PAGE,1701100,TEMPORARY & SPECIALTY PACKAGES,260,DIAGEO AMERICAS,100639,CROWN ROYAL W/NFL JERSEY BAG,12,750,17.49,26.24,12,314.88,9.00,2.37
INV-65795700003,2023-12-29T00:00:00.000,2655,HY-VEE FOOD STORE / CLARINDA,1200 S 16TH ST,CLARINDA,51632,POINT (-95.036174029 40.726773013),,PAGE,1012100,CANADIAN WHISKIES,260,DIAGEO AMERICAS,10778,CROWN ROYAL PEACH,6,1750,33.99,50.99,6,305.94,10.50,2.77
INV-65795700004,2023-12-29T00:00:00.000,2655,HY-VEE FOOD STORE / CLARINDA,1200 S 16TH ST,CLARINDA,51632,POINT (-95.036174029 40.726773013),,PAGE,1012100,CANADIAN WHISKIES,260,DIAGEO AMERICAS,10802,CROWN ROYAL PEACH,12,750,17.49,26.24,12,314.88,9.00,2.37
INV-65795700005,2023-12-29T00:00:00.000,2655,HY-VEE FOOD STORE / CLARINDA,1200 S 16TH ST,CLARINDA,51632,POINT (-95.036174029 40.726773013),,PAGE,1012100,CANADIAN WHISKIES,260,DIAGEO AMERICAS,10807,CROWN ROYAL REGAL APPLE,12,750,17.49,26.24,12,314.88,9.00,2.37
INV-65795700006,2023-12-29T00:00:00.000,2655,HY-VEE FOOD STORE / CLARINDA,1200 S 16TH ST,CLARINDA,51632,POINT (-95.036174029 40.726773013),,PAGE,1012100,CANADIAN WHISKIES,260,DIAGEO AMERICAS,11294,CROWN ROYAL,24,375,8.49,12.74,24,305.76,9.00,2.37
INV-65795700007,2023-12-29T00:00:00.000,2655,HY-VEE FOOD STORE / CLARINDA,1200 S 16TH ST,CLARINDA,51632,POINT (-95.036174029 40.726773013),,PAGE,1012100,CANADIAN WHISKIES,421,SAZERAC COMPANY  INC,11348,SEAGRAMS VO CANADIAN WHISKEY PET,6,1750,11.49,17.24,6,103.44,10.50,2.77
INV-65795700008,2023-12-29T00:00:00.000,2655,HY-VEE FOOD STORE / CLARINDA,1200 S 16TH ST,CLARINDA,51632,POINT (-95.036174029 40.726773013),,PAGE,1012100,CANADIAN WHISKIES,259,HEAVEN HILL BRANDS,11588,BLACK VELVET RESERVE,6,1750,15.00,22.50,6,135.00,10.50,2.77
INV-65795700009,2023-12-29T00:00:00.000,2655,HY-VEE FOOD STORE / CLARINDA,1200 S 16TH ST,CLARINDA,51632,POINT (-95.036174029 40.726773013),,PAGE,1012100,CANADIAN WHISKIES,259,HEAVEN HILL BRANDS,11771,BLACK VELVET MINI,8,50,8.87,13.31,2,26.62,0.10,0.02
INV-65795700010,2023-12-29T00:00:00.000,2655,HY-VEE FOOD STORE / CLARINDA,1200 S 16TH ST,CLARINDA,51632,POINT (-95.036174029 40.726773013),,PAGE,1012100,CANADIAN WHISKIES,259,HEAVEN HILL BRANDS,11774,BLACK VELVET,24,375,3.25,4.88,24,117.12,9.00,2.37
INV-65795700011,2023-12-29T00:00:00.000,2655,HY-VEE FOOD STORE / CLARINDA,1200 S 16TH ST,CLARINDA,51632,POINT (-95.036174029 40.726773013),,PAGE,1012100,CANADIAN WHISKIES,259,HEAVEN HILL BRANDS,11777,BLACK VELVET,12,1000,7.00,10.50,12,126.00,12.00,3.17
INV-65795700012,2023-12-29T00:00:00.000,2655,HY-VEE FOOD STORE / CLARINDA,1200 S 16TH ST,CLARINDA,51632,POINT (-95.036174029 40.726773013),,PAGE,1012400,IRISH WHISKIES,370,PERNOD RICARD USA,15627,JAMESON,12,1000,20.98,31.47,2,62.94,2.00,0.52
INV-65795700013,2023-12-29T00:00:00.000,2655,HY-VEE FOOD STORE / CLARINDA,1200 S 16TH ST,CLARINDA,51632,POINT (-95.036174029 40.726773013),,PAGE,1062400,SPICED RUM,260,DIAGEO AMERICAS,1799,CAPTAIN MORGAN ORIGINAL SPICED BARREL,6,1750,18.99,28.49,6,170.94,10.50,2.77
INV-65795700014,2023-12-29T00:00:00.000,2655,HY-VEE FOOD STORE / CLARINDA,1200 S 16TH ST,CLARINDA,51632,POINT (-95.036174029 40.726773013),,PAGE,1011200,STRAIGHT BOURBON WHISKIES,065,JIM BEAM BRANDS,19026,JIM BEAM BLACK,12,750,14.00,21.00,2,42.00,1.50,0.39
INV-65795700015,2023-12-29T00:00:00.000,2655,HY-VEE FOOD STORE / CLARINDA,1200 S 16TH ST,CLARINDA,51632,POINT (-95.036174029 40.726773013),,PAGE,1011200,STRAIGHT BOURBON WHISKIES,065,JIM BEAM BRANDS,19066,JIM BEAM,12,750,11.00,16.50,12,198.00,9.00,2.37
INV-65795700016,2023-12-29T00:00:00.000,2655,HY-VEE FOOD STORE / CLARINDA,1200 S 16TH ST,CLARINDA,51632,POINT (-95.036174029 40.726773013),,PAGE,1011200,STRAIGHT BOURBON WHISKIES,065,JIM BEAM BRANDS,19068,JIM BEAM,6,1750,21.50,32.25,6,193.50,10.50,2.77
INV-65795700017,2023-12-29T00:00:00.000,2655,HY-VEE FOOD STORE / CLARINDA,1200 S 16TH ST,CLARINDA,51632,POINT (-95.036174029 40.726773013),,PAGE,1011200,STRAIGHT BOURBON WHISKIES,065,JIM BEAM BRANDS,19112,JIM BEAM DEVILS CUT,12,750,14.00,21.00,2,42.00,1.50,0.39
INV-65795700018,2023-12-29T00:00:00.000,2655,HY-VEE FOOD STORE / CLARINDA,1200 S 16TH ST,CLARINDA,51632,POINT (-95.036174029 40.726773013),,PAGE,1011200,STRAIGHT BOURBON WHISKIES,065,JIM BEAM BRANDS,19477,MAKERS MARK,12,1000,22.50,33.75,2,67.50,2.00,0.52
INV-65795700019,2023-12-29T00:00:00.000,2655,HY-VEE FOOD STORE / CLARINDA,1200 S 16TH ST,CLARINDA,51632,POINT (-95.036174029 40.726773013),,PAGE,1011200,STRAIGHT BOURBON WHISKIES,287,CHATHAM IMPORTS INC,19880,MICHTERS US*1 SMALL BATCH,6,750,24.50,36.75,6,220.50,4.50,1.18
INV-65795700020,2023-12-29T00:00:00.000,2655,HY-VEE FOOD STORE / CLARINDA,1200 S 16TH ST,CLARINDA,51632,POINT (-95.036174029 40.726773013),,PAGE,1011200,STRAIGHT BOURBON WHISKIES,085,BROWN FORMAN CORP.,20375,OLD FORESTER STATESMAN,6,750,29.00,43.50,2,87.00,1.50,0.39
INV-65795700021,2023-12-29T00:00:00.000,2655,HY-VEE FOOD STORE / CLARINDA,1200 S 16TH ST,CLARINDA,51632,POINT (-95.036174029 40.726773013),,PAGE,1011200,STRAIGHT BOURBON WHISKIES,085,BROWN FORMAN CORP.,22228,WOODFORD RESERVE DOUBLE OAKED,6,750,32.50,48.75,2,97.50,1.50,0.39
INV-65795700022,2023-12-29T00:00:00.000,2655,HY-VEE FOOD STORE / CLARINDA,1200 S 16TH ST,CLARINDA,51632,POINT (-95.036174029 40.726773013),,PAGE,1011100,BLENDED WHISKIES,297,LAIRD & COMPANY,23828,FIVE STAR,6,1750,8.39,12.59,6,75.54,10.50,2.77
INV-65795700023,2023-12-29T00:00:00.000,2655,HY-VEE FOOD STORE / CLARINDA,1200 S 16TH ST,CLARINDA,51632,POINT (-95.036174029 40.726773013),,PAGE,1011100,BLENDED WHISKIES,065,JIM BEAM BRANDS,24458,KESSLER BLEND WHISKEY,6,1750,11.00,16.50,6,99.00,10.50,2.77
INV-65795700024,2023-12-29T00:00:00.000,2655,HY-VEE FOOD STORE / CLARINDA,1200 S 16TH ST,CLARINDA,51632,POINT (-95.036174029 40.726773013),,PAGE,1011100,BLENDED WHISKIES,260,DIAGEO AMERICAS,25606,SEAGRAMS 7 CROWN,12,750,7.50,11.25,12,135.00,9.00,2.37
INV-65795700025,2023-12-29T00:00:00.000,2655,HY-VEE FOOD STORE / CLARINDA,1200 S 16TH ST,CLARINDA,51632,POINT (-95.036174029 40.726773013),,PAGE,1011400,TENNESSEE WHISKIES,085,BROWN FORMAN CORP.,26826,JACK DANIELS OLD #7 BLACK LABEL,12,750,15.91,23.87,12,286.44,9.00,2.37
INV-65795700026,2023-12-29T00:00:00.000,2655,HY-VEE FOOD STORE / CLARINDA,1200 S 16TH ST,CLARINDA,51632,POINT (-95.036174029 40.726773013),,PAGE,1011400,TENNESSEE WHISKIES,085,BROWN FORMAN CORP.,26828,JACK DANIELS OLD #7 BLACK LABEL,6,1750,33.28,49.92,6,299.52,10.50,2.77
INV-65795700027,2023-12-29T00:00:00.000,2655,HY-VEE FOOD STORE / CLARINDA,1200 S 16TH ST,CLARINDA,51632,POINT (-95.036174029 40.726773013),,PAGE,1011400,TENNESSEE WHISKIES,085,BROWN FORMAN CORP.,26906,JACK DANIELS SINGLE BARREL,6,750,28.50,42.75,2,85.50,1.50,0.39
INV-65795700028,2023-12-29T00:00:00.000,2655,HY-VEE FOOD STORE / CLARINDA,1200 S 16TH ST,CLARINDA,51632,POINT (-95.036174029 40.726773013),,PAGE,1011600,STRAIGHT RYE WHISKIES,255,INFINIUM SPIRITS,27102,TEMPLETON RYE 4YR,6,750,15.40,23.10,6,162.84,4.50,1.18
INV-65795700029,2023-12-29T00:00:00.000,2655,HY-VEE FOOD STORE / CLARINDA,1200 S 16TH ST,CLARINDA,51632,POINT (-95.036174029 40.726773013),,PAGE,1011600,STRAIGHT RYE WHISKIES,434,LUXCO INC,27171,MINOR CASE STRAIGHT RYE,6,750,20.00,30.00,6,180.00,4.50,1.18
INV-65795700031,2023-12-29T00:00:00.000,2655,HY-VEE FOOD STORE / CLARINDA,1200 S 16TH ST,CLARINDA,51632,POINT (-95.036174029 40.726773013),,PAGE,1011100,BLENDED WHISKIES,492,WESTERN SPIRITS BEVERAGE,27417,BIRD DOG MAPLE,6,750,11.50,17.25,6,103.50,4.50,1.18
INV-65795700032,2023-12-29T00:00:00.000,2655,HY-VEE FOOD STORE / CLARINDA,1200 S 16TH ST,CLARINDA,51632,POINT (-95.036174029 40.726773013),,PAGE,1011200,STRAIGHT BOURBON WHISKIES,065,JIM BEAM BRANDS,28043,JIM BEAM VANILLA,12,750,11.00,16.50,12,198.00,9.00,2.37
INV-65795700033,2023-12-29T00:00:00.000,2655,HY-VEE FOOD STORE / CLARINDA,1200 S 16TH ST,CLARINDA,51632,POINT (-95.036174029 40.726773013),,PAGE,1042100,IMPORTED DRY GINS,370,PERNOD RICARD USA,28087,BEEFEATER GIN,12,1000,14.99,22.49,3,67.47,3.00,0.79
INV-65795700034,2023-12-29T00:00:00.000,2655,HY-VEE FOOD STORE / CLARINDA,1200 S 16TH ST,CLARINDA,51632,POINT (-95.036174029 40.726773013),,PAGE,1011200,STRAIGHT BOURBON WHISKIES,065,JIM BEAM BRANDS,28279,JIM BEAM PEACH,12,750,11.00,16.50,12,198.00,9.00,2.37
INV-65795700035,2023-12-29T00:00:00.000,2655,HY-VEE FOOD STORE / CLARINDA,1200 S 16TH ST,CLARINDA,51632,POINT (-95.036174029 40.726773013),,PAGE,1042100,IMPORTED DRY GINS,240,WILLIAM GRANT & SONS INC,28625,HENDRICKS GIN,6,750,19.50,29.25,2,58.50,1.50,0.39
INV-65795700036,2023-12-29T00:00:00.000,2655,HY-VEE FOOD STORE / CLARINDA,1200 S 16TH ST,CLARINDA,51632,POINT (-95.036174029 40.726773013),,PAGE,1041100,AMERICAN DRY GINS,370,PERNOD RICARD USA,32236,SEAGRAMS EXTRA DRY GIN,12,750,7.99,11.99,12,143.88,9.00,2.37
INV-65795700037,2023-12-29T00:00:00.000,2655,HY-VEE FOOD STORE / CLARINDA,1200 S 16TH ST,CLARINDA,51632,POINT (-95.036174029 40.726773013),,PAGE,1032200,IMPORTED FLAVORED VODKA,370,PERNOD RICARD USA,33467,ABSOLUT LIME,12,750,9.99,14.99,2,29.98,1.50,0.39
INV-65795700038,2023-12-29T00:00:00.000,2655,HY-VEE FOOD STORE / CLARINDA,1200 S 16TH ST,CLARINDA,51632,POINT (-95.036174029 40.726773013),,PAGE,1032200,IMPORTED FLAVORED VODKA,370,PERNOD RICARD USA,34014,ABSOLUT APEACH,12,750,9.99,14.99,2,29.98,1.50,0.39
INV-65795700039,2023-12-29T00:00:00.000,2655,HY-VEE FOOD STORE / CLARINDA,1200 S 16TH ST,CLARINDA,51632,POINT (-95.036174029 40.726773013),,PAGE,1032100,IMPORTED VODKAS,421,SAZERAC COMPANY  INC,34368,FRIS DANISH VODKA,6,1750,8.49,12.74,6,76.44,10.50,2.77
INV-65795700040,2023-12-29T00:00:00.000,2655,HY-VEE FOOD STORE / CLARINDA,1200 S 16TH ST,CLARINDA,51632,POINT (-95.036174029 40.726773013),,PAGE,1031100,AMERICAN VODKAS,421,SAZERAC COMPANY  INC,35318,BARTON VODKA,6,1750,7.06,10.59,12,127.08,21.00,5.54
INV-65795700041,2023-12-29T00:00:00.000,2655,HY-VEE FOOD STORE / CLARINDA,1200 S 16TH ST,CLARINDA,51632,POINT (-95.036174029 40.726773013),,PAGE,1032200,IMPORTED FLAVORED VODKA,065,JIM BEAM BRANDS,35626,PINNACLE WHIPPED,12,750,6.50,9.75,2,19.50,1.50,0.39
INV-65795700042,2023-12-29T00:00:00.000,2655,HY-VEE FOOD STORE / CLARINDA,1200 S 16TH ST,CLARINDA,51632,POINT (-95.036174029 40.726773013),,PAGE,1031100,AMERICAN VODKAS,297,LAIRD & COMPANY,35916,FIVE O'CLOCK VODKA,12,750,3.79,5.69,12,68.28,9.00,2.37
INV-65795700043,2023-12-29T00:00:00.000,2655,HY-VEE FOOD STORE / CLARINDA,1200 S 16TH ST,CLARINDA,51632,POINT (-95.036174029 40.726773013),,PAGE,1031100,AMERICAN VODKAS,434,LUXCO INC,36308,HAWKEYE VODKA,6,1750,7.50,11.25,6,67.50,10.50,2.77
INV-65795700044,2023-12-29T00:00:00.000,2655,HY-VEE FOOD STORE / CLARINDA,1200 S 16TH ST,CLARINDA,51632,POINT (-95.036174029 40.726773013),,PAGE,1031100,AMERICAN VODKAS,421,SAZERAC COMPANY  INC,36900,BARTON NATURALS VODKA,6,1750,7.06,10.59,6,63.54,10.50,2.77
INV-65795700045,2023-12-29T00:00:00.000,2655,HY-VEE FOOD STORE / CLARINDA,1200 S 16TH ST,CLARINDA,51632,POINT (-95.036174029 40.726773013),,PAGE,1031100,AMERICAN VODKAS,300,MCCORMICK DISTILLING CO.,36908,MCCORMICK 80PRF VODKA PET,6,1750,8.24,12.36,6,74.16,10.50,2.77
INV-65795700046,2023-12-29T00:00:00.000,2655,HY-VEE FOOD STORE / CLARINDA,1200 S 16TH ST,CLARINDA,51632,POINT (-95.036174029 40.726773013),,PAGE,1031100,AMERICAN VODKAS,301,FIFTH GENERATION INC,38174,TITOS HANDMADE VODKA,12,375,5.42,8.13,12,97.56,4.50,1.18
INV-65795700047,2023-12-29T00:00:00.000,2655,HY-VEE FOOD STORE / CLARINDA,1200 S 16TH ST,CLARINDA,51632,POINT (-95.036174029 40.726773013),,PAGE,1031200,AMERICAN FLAVORED VODKA,259,HEAVEN HILL BRANDS,39322,DEEP EDDY LIME FLAVORED VODKA,12,750,9.50,14.25,2,28.50,1.50,0.39
INV-65795700048,2023-12-29T00:00:00.000,2655,HY-VEE FOOD STORE / CLARINDA,1200 S 16TH ST,CLARINDA,51632,POINT (-95.036174029 40.726773013),,PAGE,1031200,AMERICAN FLAVORED VODKA,259,HEAVEN HILL BRANDS,39922,DEEP EDDY PEACH,12,750,9.50,14.25,2,28.50,1.50,0.39
INV-65795700049,2023-12-29T00:00:00.000,2655,HY-VEE FOOD STORE / CLARINDA,1200 S 16TH ST,CLARINDA,51632,POINT (-95.036174029 40.726773013),,PAGE,1062400,SPICED RUM,259,HEAVEN HILL BRANDS,43028,ADMIRAL NELSON SPICED,6,1750,12.00,18.00,12,216.00,21.00,5.54
INV-65795700050,2023-12-29T00:00:00.000,2655,HY-VEE FOOD STORE / CLARINDA,1200 S 16TH ST,CLARINDA,51632,POINT (-95.036174029 40.726773013),,PAGE,1062500,FLAVORED RUM,035,BACARDI USA INC,43136,BACARDI LIMON,12,750,8.76,13.14,2,26.28,1.50,0.39
INV-65795700051,2023-12-29T00:00:00.000,2655,HY-VEE FOOD STORE / CLARINDA,1200 S 16TH ST,CLARINDA,51632,POINT (-95.036174029 40.726773013),,PAGE,1062400,SPICED RUM,260,DIAGEO AMERICAS,43336,CAPTAIN MORGAN ORIGINAL SPICED,12,750,9.49,14.24,12,170.88,9.00,2.37
INV-65795700052,2023-12-29T00:00:00.000,2655,HY-VEE FOOD STORE / CLARINDA,1200 S 16TH ST,CLARINDA,51632,POINT (-95.036174029 40.726773013),,PAGE,1062500,FLAVORED RUM,065,JIM BEAM BRANDS,44428,CRUZAN BLUEBERRY LEMONADE,12,750,7.00,10.50,2,21.00,1.50,0.39
INV-65795700053,2023-12-29T00:00:00.000,2655,HY-VEE FOOD STORE / CLARINDA,1200 S 16TH ST,CLARINDA,51632,POINT (-95.036174029 40.726773013),,PAGE,1062300,AGED DARK RUM,125,CEDAR RIDGE VINEYARDS LL,46112,CEDAR RIDGE DARK RUM,6,750,17.50,26.25,2,52.50,1.50,0.39
INV-65795700054,2023-12-29T00:00:00.000,2655,HY-VEE FOOD STORE / CLARINDA,1200 S 16TH ST,CLARINDA,51632,POINT (-95.036174029 40.726773013),,PAGE,1051100,AMERICAN BRANDIES,205,E & J GALLO WINERY,52582,E & J VSOP,12,750,7.24,10.86,2,21.72,1.50,0.39
INV-65795700055,2023-12-29T00:00:00.000,2655,HY-VEE FOOD STORE / CLARINDA,1200 S 16TH ST,CLARINDA,51632,POINT (-95.036174029 40.726773013),,PAGE,1051100,AMERICAN BRANDIES,380,PHILLIPS BEVERAGE,55106,PHILLIPS BLACKBERRY BRANDY,12,750,5.00,7.50,2,15.00,1.50,0.39
INV-65795700056,2023-12-29T00:00:00.000,2655,HY-VEE FOOD STORE / CLARINDA,1200 S 16TH ST,CLARINDA,51632,POINT (-95.036174029 40.726773013),,PAGE,1071000,COCKTAILS/RTD,421,SAZERAC COMPANY  INC,57125,CHI-CHI'S GOLD MARGARITA,6,1750,6.50,9.75,6,58.50,10.50,2.77
INV-65795700057,2023-12-29T00:00:00.000,2655,HY-VEE FOOD STORE / CLARINDA,1200 S 16TH ST,CLARINDA,51632,POINT (-95.036174029 40.726773013),,PAGE,1081600,WHISKEY LIQUEUR,421,SAZERAC COMPANY  INC,64858,FIREBALL CINNAMON WHISKEY MINI DISPENSER,1,50,25.80,38.70,2,77.40,0.10,0.02
INV-65795700058,2023-12-29T00:00:00.000,2655,HY-VEE FOOD STORE / CLARINDA,1200 S 16TH ST,CLARINDA,51632,POINT (-95.036174029 40.726773013),,PAGE,1081600,WHISKEY LIQUEUR,421,SAZERAC COMPANY  INC,64866,FIREBALL CINNAMON WHISKEY,12,750,9.00,13.50,24,324.00,18.00,4.75
INV-65795700059,2023-12-29T00:00:00.000,2655,HY-VEE FOOD STORE / CLARINDA,1200 S 16TH ST,CLARINDA,51632,POINT (-95.036174029 40.726773013),,PAGE,1081600,WHISKEY LIQUEUR,421,SAZERAC COMPANY  INC,64868,FIREBALL CINNAMON WHISKEY,6,1750,16.00,24.00,6,144.00,10.50,2.77
INV-65795700060,2023-12-29T00:00:00.000,2655,HY-VEE FOOD STORE / CLARINDA,1200 S 16TH ST,CLARINDA,51632,POINT (-95.036174029 40.726773013),,PAGE,1081200,CREAM LIQUEURS,205,E & J GALLO WINERY,66522,RUMCHATA COCONUT,12,750,14.00,21.00,2,42.00,1.50,0.39
INV-65795700061,2023-12-29T00:00:00.000,2655,HY-VEE FOOD STORE / CLARINDA,1200 S 16TH ST,CLARINDA,51632,POINT (-95.036174029 40.726773013),,PAGE,1082100,IMPORTED CORDIALS & LIQUEURS,260,DIAGEO AMERICAS,67900,BAILEYS CHOCOLATE,12,750,16.49,24.74,2,49.48,1.50,0.39
INV-65795700062,2023-12-29T00:00:00.000,2655,HY-VEE FOOD STORE / CLARINDA,1200 S 16TH ST,CLARINDA,51632,POINT (-95.036174029 40.726773013),,PAGE,1081200,CREAM LIQUEURS,260,DIAGEO AMERICAS,68011,BAILEYS STRAWBERRIES & CREAM,12,750,16.49,24.74,2,49.48,1.50,0.39
INV-65795700063,2023-12-29T00:00:00.000,2655,HY-VEE FOOD STORE / CLARINDA,1200 S 16TH ST,CLARINDA,51632,POINT (-95.036174029 40.726773013),,PAGE,1081200,CREAM LIQUEURS,260,DIAGEO AMERICAS,68036,BAILEYS ORIGINAL IRISH CREAM,12,750,16.49,24.74,12,296.88,9.00,2.37
INV-65795700064,2023-12-29T00:00:00.000,2655,HY-VEE FOOD STORE / CLARINDA,1200 S 16TH ST,CLARINDA,51632,POINT (-95.036174029 40.726773013),,PAGE,1081300,AMERICAN CORDIALS & LIQUEURS,421,SAZERAC COMPANY  INC,73986,DI AMORE AMARETTO,12,750,6.25,9.38,2,18.76,1.50,0.39
INV-65795700065,2023-12-29T00:00:00.000,2655,HY-VEE FOOD STORE / CLARINDA,1200 S 16TH ST,CLARINDA,51632,POINT (-95.036174029 40.726773013),,PAGE,1031200,AMERICAN FLAVORED VODKA,118,AMERICAN SPIRITS EXCHANGE,76501,THE ORIGINAL PICKLE SHOT DILL PICKLE VODKA,12,750,8.34,12.51,12,150.12,9.00,2.37
INV-65795700066,2023-12-29T00:00:00.000,2655,HY-VEE FOOD STORE / CLARINDA,1200 S 16TH ST,CLARINDA,51632,POINT (-95.036174029 40.726773013),,PAGE,1091300,NEUTRAL GRAIN SPIRITS FLAVORED,346,OLE SMOKY DISTILLERY LLC,76505,OLE SMOKY MOONSHINE PINEAPPLES,6,750,13.00,19.50,6,117.00,4.50,1.18
INV-65795700067,2023-12-29T00:00:00.000,2655,HY-VEE FOOD STORE / CLARINDA,1200 S 16TH ST,CLARINDA,51632,POINT (-95.036174029 40.726773013),,PAGE,1092100,IMPORTED DISTILLED SPIRITS SPECIALTY,421,SAZERAC COMPANY  INC,77487,TORTILLA GOLD DSS,12,1000,4.90,7.35,12,88.20,12.00,3.17
INV-65795700068,2023-12-29T00:00:00.000,2655,HY-VEE FOOD STORE / CLARINDA,1200 S 16TH ST,CLARINDA,51632,POINT (-95.036174029 40.726773013),,PAGE,1081300,AMERICAN CORDIALS & LIQUEURS,619,CAMPARI AMERICA,77776,WILD TURKEY AMERICAN HONEY,12,750,11.50,17.25,12,207.00,9.00,2.37
